     0.000  0.000 -2.249   1.000  0.000  0.000    0.000  1.000  0.000    0.000  0.000  1.000
     0.000  0.000 -6.339   1.000  0.000  0.000    0.000 -1.000  0.000    0.000  0.000 -1.000
    -4.071 -0.371  2.770  -0.385  0.074 -0.920   -0.084  0.990  0.114    0.919  0.121 -0.375
    -3.396  1.432 -4.812   0.707  0.680  0.197   -0.690  0.601  0.402    0.155 -0.420  0.894
     5.323 -3.149 -0.386   0.034  0.147  0.989    0.859  0.502 -0.104   -0.511  0.852 -0.109
    -5.735 -8.948 -4.768  -0.375 -0.296  0.879   -0.809 -0.358 -0.466    0.453 -0.885 -0.105
     2.342  1.438  0.601   0.515  0.537  0.668   -0.215 -0.673  0.708    0.830 -0.508 -0.231
    -0.316 -1.913  2.849   0.025 -0.856 -0.516    0.400 -0.465  0.790   -0.916 -0.226  0.331
    -0.901  0.547  8.138  -0.484 -0.583  0.652   -0.560  0.779  0.281   -0.672 -0.229 -0.704
     1.171 -5.946  0.829   0.856 -0.325 -0.403    0.517  0.567  0.641    0.020 -0.757  0.653
     8.145 -0.732 -7.913  -0.257 -0.943  0.210    0.459  0.072  0.886   -0.851  0.324  0.414
    -6.190 -8.757  5.434  -0.672 -0.398  0.625   -0.401 -0.514 -0.758    0.623 -0.760  0.186
    -5.936  3.289  1.558   0.634 -0.608  0.478    0.739  0.657 -0.145   -0.227  0.445  0.866
    -9.168 -4.111 -5.594   0.642 -0.023 -0.766    0.572  0.680  0.459    0.510 -0.733  0.450
    -2.690 -6.089 -4.821  -0.796 -0.427  0.430    0.016  0.694  0.719   -0.606  0.579 -0.546
    -4.105  2.141 -8.912  -0.050  0.999 -0.015   -0.695 -0.024  0.718    0.717  0.046  0.695
     9.286  5.950  1.101  -0.658 -0.202 -0.726   -0.699 -0.193  0.688   -0.280  0.960 -0.014
     1.799  3.612 -7.609  -0.551 -0.372  0.747    0.717 -0.669  0.197    0.426  0.644  0.635
    -0.817 -8.526  6.249   0.269  0.874 -0.403    0.948 -0.166  0.273    0.172 -0.456 -0.873
     3.872 -7.814 -5.649  -0.667 -0.645  0.373    0.744 -0.548  0.384   -0.043  0.533  0.845
    -8.444 -8.712  3.957  -0.827 -0.244 -0.507    0.547 -0.139 -0.826    0.131 -0.960  0.248
     8.153  8.146  3.004   0.180 -0.767  0.615   -0.676  0.358  0.644   -0.714 -0.532 -0.455
     8.967 -3.256  4.902   0.364 -0.901  0.235   -0.713 -0.108  0.693   -0.599 -0.420 -0.682
     4.063  5.039 -7.859   0.745 -0.155 -0.649   -0.655 -0.353 -0.668   -0.126  0.923 -0.364
     0.287 -7.497  3.794   0.499 -0.864 -0.071    0.244  0.218 -0.945    0.832  0.454  0.319
     7.236 -4.483  1.565   0.138  0.364  0.921    0.990 -0.029 -0.137   -0.023  0.931 -0.364
     1.878 -6.016  7.687   0.911  0.145 -0.385    0.311  0.370  0.875    0.270 -0.917  0.292
     2.908  2.662 -3.462  -0.679 -0.504 -0.534    0.727 -0.561 -0.396   -0.100 -0.657  0.747
     6.368  3.963 -5.115   0.089  0.257  0.962   -0.991  0.120  0.060   -0.100 -0.959  0.265
     4.347 -1.571  1.654   0.367  0.808  0.461    0.092  0.461 -0.883   -0.926  0.366  0.095
     3.830  1.161 -5.749  -0.494  0.863  0.107   -0.744 -0.484  0.461    0.450  0.148  0.881
    -4.583 -3.063  2.551   0.157  0.737  0.658    0.974 -0.006 -0.226   -0.162  0.676 -0.719
    -0.725 -5.811 -2.807   0.555 -0.600  0.576   -0.745 -0.052  0.665   -0.369 -0.798 -0.476
     1.016 -4.009 -9.284  -0.211  0.977  0.025    0.820  0.163  0.549    0.532  0.136 -0.836
    -0.139  2.641  2.045  -0.847  0.293 -0.444    0.453  0.834 -0.314    0.278 -0.467 -0.839
     1.820 -2.988  0.871  -0.122  0.742  0.660   -0.915  0.173 -0.364   -0.385 -0.648  0.657
     8.993 -5.915  4.404   0.882 -0.284  0.376   -0.246  0.403  0.881   -0.403 -0.870  0.286
    -9.121  6.794 -8.701  -0.178 -0.829 -0.530   -0.355 -0.448  0.820   -0.918  0.335 -0.214
     0.723 -8.895 -6.956   0.375 -0.399  0.837    0.103 -0.879 -0.465    0.921  0.260 -0.289
     2.596 -2.955  3.972  -0.364 -0.905 -0.221    0.902 -0.402  0.158   -0.232 -0.142  0.962
     1.216 -1.606  7.880   0.193 -0.825 -0.532   -0.631 -0.519  0.576   -0.751  0.224 -0.621
     6.979 -9.203  0.585   0.916  0.097  0.390    0.044 -0.989  0.143    0.399 -0.113 -0.910
    -3.452 -2.548  6.069   0.717  0.016  0.696    0.379  0.830 -0.410   -0.584  0.558  0.589
    -0.634  1.638 -4.208  -0.235  0.029  0.971   -0.861 -0.470 -0.194    0.451 -0.882  0.136
    -1.948 -3.896  2.061  -0.518  0.346  0.782    0.228  0.937 -0.264   -0.824  0.041 -0.564
     5.202 -4.302  5.181   0.465 -0.849  0.252   -0.883 -0.427  0.194   -0.057 -0.313 -0.948
    -6.677  7.800 -2.886   0.278  0.204  0.939   -0.918 -0.232  0.322    0.284 -0.951  0.122
    -9.064  4.040 -3.615   0.390 -0.780  0.489   -0.633 -0.613 -0.473    0.669 -0.125 -0.733
     8.476 -5.509 -1.212  -0.201  0.419 -0.886   -0.747  0.520  0.415    0.634  0.745  0.208
    -3.104  6.172  1.050   0.745  0.506  0.434    0.617 -0.276 -0.737   -0.253  0.817 -0.518
     5.872  7.880  9.068   0.989  0.119  0.089   -0.031  0.751 -0.659   -0.145  0.649  0.747
     4.597 -6.672 -8.190  -0.985 -0.153  0.077    0.072 -0.778 -0.624    0.155 -0.610  0.777
     4.379  1.164  2.591  -0.872 -0.087  0.481    0.264 -0.912  0.313    0.412  0.400  0.818
     8.014 -8.908 -4.557   0.091 -0.960  0.266    0.996  0.095  0.001   -0.026  0.264  0.964
     2.573  9.111  4.275  -0.347  0.162  0.924    0.232 -0.939  0.252    0.909  0.302  0.288
    -7.705  6.595  3.654   0.998 -0.031 -0.056    0.033  0.999  0.042    0.055 -0.044  0.998
     8.046  9.155 -8.230  -0.654 -0.100  0.750    0.751  0.035  0.659   -0.092  0.994  0.053
    -0.568  4.843 -8.444   0.443  0.021  0.896   -0.505 -0.820  0.269    0.741 -0.572 -0.353
     4.347 -2.081 -2.735  -0.416 -0.874 -0.251   -0.864  0.466 -0.190    0.283  0.138 -0.949
     1.775  7.496  7.761  -0.876 -0.481  0.042   -0.478  0.852 -0.216    0.068 -0.209 -0.976
     7.003  5.816 -7.403  -0.294 -0.746  0.597    0.325  0.509  0.797   -0.899  0.429  0.093
    -2.965 -6.373 -0.169   0.661  0.612 -0.434    0.373 -0.770 -0.518   -0.651  0.181 -0.737
     7.597 -1.268  7.828   0.258  0.817  0.515   -0.698  0.527 -0.485   -0.668 -0.234  0.706
     5.750  6.530 -3.997  -0.178  0.888 -0.424    0.930  0.292  0.222    0.321 -0.356 -0.878
     4.659  8.916  2.325  -0.513 -0.811 -0.282   -0.608  0.575 -0.547    0.606 -0.109 -0.788
    -2.944  3.537  7.252   0.191  0.043  0.981   -0.958 -0.208  0.196    0.213 -0.977  0.001
    -4.937 -4.495 -8.764  -0.517 -0.134 -0.845   -0.751  0.544  0.374    0.410  0.828 -0.382
    -2.607  6.991  8.813   0.307  0.916  0.257   -0.925  0.223  0.309    0.226 -0.333  0.916
    -1.047 -1.030  0.133   0.269  0.392  0.880   -0.647 -0.603  0.466    0.713 -0.695  0.092
    -1.014  5.830 -5.734   0.172  0.016 -0.985   -0.855 -0.494 -0.157   -0.489  0.870 -0.071
     2.678 -0.223 -8.044   0.682  0.005  0.731    0.730  0.056 -0.681   -0.044  0.998  0.034
    -2.425 -7.638  2.558   0.718 -0.425  0.551    0.078 -0.738 -0.670    0.692  0.524 -0.497
    -0.622  7.536 -7.863  -0.061  0.844  0.533    0.340 -0.484  0.806    0.938  0.230 -0.257
    -2.021  8.426  1.743  -0.658  0.671  0.342    0.407 -0.066  0.911    0.634  0.739 -0.230
     5.834  8.810 -1.800   0.245 -0.958 -0.149   -0.899 -0.167 -0.404    0.362  0.233 -0.902
    -7.332 -6.266  6.810   0.236 -0.470 -0.851   -0.811  0.386 -0.439    0.535  0.794 -0.290
     4.394 -5.402 -1.166  -0.667 -0.470 -0.578   -0.665  0.026  0.747   -0.336  0.882 -0.330
    -6.041 -0.462 -1.261   0.963  0.044  0.265    0.085  0.886 -0.456   -0.255  0.462  0.850
    -9.068 -6.191 -3.700   0.421 -0.286 -0.861    0.640  0.766  0.059    0.642 -0.576  0.505
    -5.642  4.331  8.197   0.955 -0.235  0.183   -0.282 -0.514  0.810   -0.096 -0.825 -0.557
     3.596 -7.347  0.675  -0.254  0.665 -0.703   -0.318  0.629  0.710    0.914  0.403  0.051
     5.732  8.374 -5.936   0.931 -0.196  0.309    0.365  0.530 -0.765   -0.014  0.825  0.565
     8.632  0.053 -1.560   0.845  0.522 -0.118   -0.534  0.812 -0.234   -0.026  0.261  0.965
     0.416  4.416 -2.091   0.217 -0.331 -0.918    0.529 -0.751  0.395   -0.821 -0.571  0.012
     3.292  9.092 -0.812  -0.606  0.552  0.573    0.137 -0.637  0.758    0.784  0.538  0.311
    -3.569 -9.057  4.747   0.389 -0.666  0.637   -0.233 -0.740 -0.631    0.892  0.097 -0.442
    -3.317 -5.489  5.471  -0.034  0.874 -0.484   -0.992 -0.088 -0.088   -0.119  0.478  0.870
     9.114 -3.668 -9.076   0.231  0.960  0.157    0.571 -0.003 -0.821   -0.788  0.279 -0.549
    -4.925  6.736  4.786  -0.297 -0.436  0.849    0.826 -0.564 -0.001    0.480  0.701  0.528
     2.592 -2.896 -7.518  -0.431 -0.869 -0.242   -0.672  0.131  0.729   -0.602  0.477 -0.641
     1.170  7.032  3.108   0.772  0.618 -0.149   -0.571  0.572 -0.589   -0.279  0.539  0.794
    -4.472  6.718 -6.611   0.754  0.607 -0.250   -0.445  0.194 -0.874   -0.483  0.770  0.417
    -7.772  2.396  4.866  -0.912 -0.278  0.302   -0.138 -0.486 -0.863    0.387 -0.829  0.404
    -1.687  3.870  0.007  -0.162 -0.566 -0.808   -0.566 -0.618  0.546   -0.808  0.546 -0.220
    -7.024  4.876 -7.823  -0.792  0.595  0.138    0.608  0.747  0.269    0.057  0.297 -0.953
    -1.779  7.607  6.148  -0.071 -0.014  0.997   -0.994 -0.079 -0.072    0.080 -0.997 -0.008
    -6.356  5.740 -4.513  -0.594 -0.204 -0.778    0.746  0.223 -0.628    0.301 -0.953  0.020
     2.494 -8.447 -3.337   0.924 -0.364 -0.116    0.166  0.110  0.980   -0.344 -0.925  0.162
    -0.864 -5.066  4.243  -0.200 -0.496  0.845   -0.186  0.866  0.465   -0.962 -0.064 -0.266
    -2.654 -1.653  8.785   0.543 -0.727 -0.420    0.840  0.462  0.286   -0.014 -0.508  0.862
    -5.456  1.047  4.603  -0.015  0.240  0.971   -0.561 -0.805  0.190    0.827 -0.542  0.147
     6.008  4.010  7.570   0.213  0.296 -0.931    0.814  0.473  0.337    0.540 -0.830 -0.140
     1.591  1.632  8.975  -0.444 -0.427 -0.788   -0.243 -0.789  0.564   -0.863  0.442  0.246
    -6.076  7.647  1.677  -0.036 -0.891  0.452    0.658  0.320  0.682   -0.753  0.322  0.575
    -5.529  6.318 -0.633  -0.237 -0.719 -0.653    0.613 -0.632  0.473   -0.753 -0.288  0.591
     6.944  5.722  3.609   0.048  0.299  0.953    0.217  0.928 -0.303   -0.975  0.221 -0.021
     8.233  0.461 -4.333   0.269 -0.286 -0.920    0.667  0.744 -0.036    0.695 -0.604  0.390
     9.188  6.406 -5.337  -0.957 -0.289  0.032   -0.287  0.956  0.066   -0.050  0.054 -0.997
     8.626 -7.862  8.081  -0.686  0.717  0.122    0.487  0.328  0.809    0.540  0.615 -0.575
     6.583 -2.715 -6.598   0.903 -0.043  0.428   -0.390 -0.502  0.772    0.182 -0.864 -0.470
    -6.889 -3.503  8.116  -0.408 -0.505  0.761    0.649  0.425  0.631   -0.642  0.751  0.154
     5.059  4.768  1.647   0.503  0.226 -0.834   -0.054 -0.955 -0.291   -0.862  0.191 -0.469
    -8.808 -3.296 -2.397  -0.539  0.601 -0.591   -0.829 -0.253  0.499    0.150  0.759  0.634
    -5.574 -6.254 -5.093  -0.108  0.752 -0.650    0.872 -0.242 -0.425   -0.477 -0.613 -0.630
     4.496 -7.119  7.674   0.538  0.118 -0.835   -0.187  0.982  0.018    0.822  0.146  0.550
     3.137 -1.053  5.961  -0.904 -0.387  0.179    0.355 -0.916 -0.189    0.237 -0.107  0.966
     7.588  6.166  7.970   0.081  0.925  0.371   -0.040  0.375 -0.926   -0.996  0.060  0.067
     5.857 -5.981 -4.776  -0.435  0.654 -0.619   -0.859 -0.507  0.069   -0.269  0.562  0.783
     7.550  3.431 -2.120  -0.286 -0.696  0.658   -0.569 -0.430 -0.701    0.771 -0.575 -0.273
     2.398  4.714  2.412   0.140  0.856  0.497    0.627  0.312 -0.714   -0.767  0.412 -0.493
    -5.577 -8.320 -0.059  -0.439  0.799  0.409   -0.845 -0.523  0.114    0.306 -0.296  0.905
    -8.582 -7.117 -7.609  -0.296 -0.175  0.939   -0.902 -0.272 -0.335    0.314 -0.946 -0.077
    -6.666  0.647 -8.672  -0.976 -0.139 -0.165   -0.184  0.144  0.972   -0.112  0.980 -0.166
    -2.845  0.122 -7.136   0.139  0.844  0.518   -0.880  0.345 -0.326   -0.454 -0.411  0.791
     0.436 -7.948  8.993  -0.673  0.433  0.600    0.180  0.883 -0.434   -0.718 -0.184 -0.671
    -7.793 -0.863  4.026  -0.226 -0.966 -0.126    0.208  0.078 -0.975    0.952 -0.246  0.184
    -7.176  8.015  8.065   0.785 -0.109 -0.610    0.571  0.509  0.644    0.240 -0.854  0.462
    -8.097 -9.254 -5.913  -0.985 -0.141 -0.101    0.119 -0.972  0.204   -0.127  0.189  0.974
    -8.056 -2.798  0.177   0.752  0.650 -0.108   -0.152  0.331  0.931    0.641 -0.684  0.347
    -3.972 -2.803 -2.710  -0.567 -0.758 -0.322   -0.681  0.210  0.702   -0.464  0.617 -0.635
    -3.373  4.594 -8.014   0.812 -0.498 -0.305    0.041  0.570 -0.821    0.582  0.654  0.483
    -6.422 -0.731 -6.328  -0.410 -0.549  0.728   -0.271  0.836  0.478   -0.871 -0.002 -0.491
     7.427  5.942 -1.026  -0.771  0.607  0.195    0.042  0.353 -0.935   -0.636 -0.712 -0.298
     6.296 -6.906 -2.278   0.994  0.025 -0.104   -0.101  0.530 -0.842    0.034  0.848  0.530
    -1.362 -2.993 -1.639  -0.868  0.497  0.007    0.305  0.544 -0.782   -0.392 -0.677 -0.623
    -5.298  3.232 -5.931  -0.373  0.706 -0.602    0.518  0.697  0.497    0.770 -0.126 -0.626
    -2.268 -7.145  8.259   0.593 -0.345 -0.728    0.588 -0.432  0.684   -0.551 -0.833 -0.053
     2.244  4.578  5.453  -0.317  0.332 -0.888    0.857  0.501 -0.119    0.406 -0.799 -0.444
    -8.645  3.493  2.092   0.321 -0.766  0.558    0.947  0.265 -0.181   -0.010  0.586  0.810
     5.733 -3.145  7.608  -0.076  0.106 -0.991    0.740 -0.661 -0.127   -0.669 -0.743 -0.028
     5.864 -0.648 -4.589   0.364  0.767  0.529    0.277 -0.631  0.725    0.889 -0.117 -0.442
    -8.971  1.896  8.751  -0.283 -0.956 -0.075   -0.944  0.263  0.201   -0.172  0.127 -0.977
    -9.168  6.824  6.068   0.928  0.363 -0.090   -0.371  0.923 -0.104    0.045  0.130  0.990
    -5.445 -5.558  3.835   0.181 -0.740  0.648    0.396 -0.548 -0.737    0.900  0.390  0.194
    -9.064 -1.413 -5.692  -0.093  0.633 -0.769    0.995  0.035 -0.092   -0.032 -0.773 -0.633
     0.908 -3.789  5.974  -0.674  0.305 -0.673    0.724  0.092 -0.684   -0.147 -0.948 -0.282
     4.172  9.077  6.468  -0.462  0.714  0.525   -0.226 -0.668  0.709    0.857  0.209  0.470
     7.889  1.285  3.997  -0.774  0.510 -0.374    0.377  0.847  0.375    0.508  0.149 -0.848
     7.089  2.749  1.725  -0.966  0.185 -0.180   -0.111  0.329  0.938    0.233  0.926 -0.297
    -8.227  3.957  7.051   0.566 -0.668 -0.483   -0.801 -0.585 -0.130   -0.196  0.461 -0.866
     7.643  3.657  5.442  -0.217  0.966 -0.143    0.975  0.221  0.011    0.042 -0.137 -0.990
     0.100 -8.786 -2.121  -0.283 -0.715 -0.639    0.934 -0.053 -0.354    0.219 -0.697  0.683
    -6.940 -3.291  5.029   0.679 -0.553 -0.483    0.102 -0.581  0.808   -0.727 -0.598 -0.338
    -3.729 -9.260 -6.802   0.690 -0.188  0.699    0.626 -0.329 -0.707    0.363  0.925 -0.110
     4.614  5.815 -0.969  -0.115 -0.992  0.050   -0.313  0.084  0.946   -0.943  0.093 -0.320
    -5.139 -0.404 -3.755   0.048  0.162  0.986    0.035  0.986 -0.163   -0.998  0.042  0.042
    -8.216  1.930 -0.405  -0.031  0.710 -0.703   -0.959  0.178  0.222    0.283  0.681  0.675
     0.580  7.725  0.621   0.324  0.436 -0.839    0.107  0.865  0.490    0.940 -0.249  0.234
    -0.379  1.210  5.566   0.833 -0.481  0.274   -0.126 -0.647 -0.752    0.539  0.592 -0.599
    -7.363  2.038 -4.476   0.969  0.238 -0.068    0.237 -0.971 -0.031   -0.073  0.014 -0.997
    -0.537 -2.164 -4.419   0.231  0.452 -0.862   -0.951  0.292 -0.101    0.206  0.843  0.497
     8.556  7.868 -2.619  -0.465 -0.053  0.884   -0.883 -0.040 -0.467    0.060 -0.998 -0.029
    -8.602 -5.307  1.233   0.970 -0.199 -0.138    0.236  0.907  0.349    0.055 -0.371  0.927
     2.641  6.011 -3.897   0.824  0.522  0.219   -0.231 -0.044  0.972    0.517 -0.852  0.084
     0.711  3.908 -4.958  -0.073 -0.984  0.160    0.010  0.160  0.987   -0.997  0.074 -0.002
    -3.831  5.298 -3.932   0.389  0.760  0.521    0.850 -0.515  0.115    0.355  0.398 -0.846
    -1.938 -3.963 -6.394   0.243  0.525  0.815    0.488 -0.792  0.365    0.838  0.310 -0.449
    -6.502 -3.672 -3.814  -0.508  0.663  0.550   -0.206  0.527 -0.825   -0.836 -0.532 -0.132
    -4.130 -2.384 -7.198  -0.840  0.542  0.035   -0.538 -0.821 -0.190   -0.074 -0.178  0.981
     7.203 -9.288  5.945  -0.013 -0.428 -0.904    0.719  0.624 -0.306    0.695 -0.653  0.299
    -4.990  6.777  7.384   0.518  0.845 -0.135   -0.540  0.445  0.715    0.664 -0.298  0.686
    -1.711 -4.504 -9.156   0.694  0.633  0.345    0.120 -0.574  0.810    0.710 -0.520 -0.474
    -7.835  4.683 -1.107   0.003  0.183  0.983    0.600  0.786 -0.148   -0.800  0.590 -0.107
    -7.059 -5.062 -7.078   0.744  0.648 -0.163    0.643 -0.626  0.441    0.184 -0.433 -0.883
     2.460 -5.577 -3.312  -0.679  0.713  0.176   -0.335 -0.087 -0.938   -0.653 -0.696  0.298
    -6.829 -7.359  2.351  -0.716 -0.654 -0.245    0.662 -0.747  0.064   -0.224 -0.117  0.967
     4.884 -4.061 -8.567  -0.411  0.898  0.155   -0.529 -0.097 -0.843   -0.742 -0.428  0.515
    -0.211  4.972  7.074   0.990  0.030 -0.138    0.110 -0.781  0.614   -0.089 -0.623 -0.777
     7.821 -5.274  7.309  -0.885  0.420  0.201    0.455  0.690  0.564    0.098  0.590 -0.801
    -5.819 -5.515 -1.740  -0.084  0.995 -0.048    0.994  0.087  0.067    0.071 -0.043 -0.997
     4.842  5.932  5.719   0.812 -0.351  0.466   -0.111  0.692  0.714   -0.573 -0.631  0.523
     2.222 -0.902 -0.878  -0.570 -0.124  0.812   -0.791 -0.181 -0.584    0.220 -0.976  0.005
     5.769  0.177  6.059  -0.160 -0.407  0.899   -0.302 -0.847 -0.437    0.940 -0.342  0.012
    -1.593  3.167  4.245   0.848 -0.328 -0.416   -0.320 -0.943  0.089   -0.422  0.057 -0.905
    -9.075 -9.092 -0.112   0.318  0.883  0.347    0.816 -0.440  0.373    0.482  0.164 -0.860
     3.972 -3.956 -5.029  -0.123 -0.720  0.683   -0.506  0.637  0.581   -0.854 -0.274 -0.442
     7.278  1.757 -6.654  -0.478 -0.527  0.703    0.292 -0.850 -0.439    0.828 -0.004  0.560
     2.222  6.796 -6.497  -0.787  0.010 -0.617    0.188 -0.948 -0.255   -0.588 -0.317  0.744
    -5.190 -3.247 -0.288   0.216  0.940 -0.266    0.976 -0.211  0.048   -0.011 -0.270 -0.963
    -3.994  4.299  3.574  -0.407  0.280  0.869    0.893  0.323  0.314   -0.193  0.904 -0.382
     2.498  1.155  4.497   0.003  0.932  0.363   -0.842 -0.194  0.504    0.540 -0.307  0.784
    -6.957 -7.989  8.970   0.036  0.991 -0.128    0.990 -0.053 -0.128   -0.134 -0.123 -0.983
    -4.245  0.814  7.178  -0.199 -0.946 -0.256    0.892 -0.283  0.352   -0.405 -0.158  0.900
    -7.418 -8.085 -2.306   0.377  0.638  0.671   -0.644 -0.341  0.685    0.666 -0.690  0.282
    -4.958  2.101 -1.186   0.443  0.337  0.831    0.451  0.718 -0.531   -0.775  0.610  0.166
     6.208 -7.133  1.920   0.168 -0.903 -0.396   -0.753  0.142 -0.643    0.637  0.406 -0.655
    -9.241 -0.606  1.753  -0.139 -0.328 -0.934    0.561  0.751 -0.347    0.816 -0.573  0.080
     2.901  3.688 -0.908  -0.367  0.623 -0.691    0.124 -0.703 -0.700   -0.922 -0.342  0.181
     3.448  2.364  6.795   0.782  0.486 -0.390   -0.283  0.834  0.473    0.555 -0.260  0.790
    -1.392 -8.512 -5.268   0.659 -0.654 -0.371   -0.462  0.037 -0.886    0.594  0.755 -0.277
     6.531 -6.955  4.646   0.186 -0.505  0.843   -0.975  0.013  0.224   -0.124 -0.863 -0.490
    -6.624 -0.813  7.570  -0.435 -0.007 -0.900   -0.703 -0.623  0.344   -0.563  0.783  0.266
    -9.009 -0.149  6.283   0.643  0.070 -0.762    0.729 -0.362  0.582   -0.235 -0.930 -0.284
     7.252 -7.076 -7.043   0.757  0.070 -0.649   -0.570  0.556 -0.605    0.319  0.828  0.461
    -3.579  0.089  0.137   0.604 -0.797 -0.004   -0.375 -0.280 -0.884    0.703  0.535 -0.468
     7.302 -2.093  2.973  -0.940 -0.180  0.290    0.270  0.131  0.954   -0.209  0.975 -0.075
    -0.340  7.071 -1.936   0.397 -0.490 -0.776    0.812  0.581  0.048    0.427 -0.649  0.629
     3.261  8.393 -8.745  -0.370  0.058 -0.927    0.660 -0.686 -0.306   -0.654 -0.725  0.215
    -3.027  3.198 -2.390   0.245  0.795 -0.555   -0.175 -0.527 -0.832   -0.954  0.301  0.010
     6.477  0.561  0.071  -0.684 -0.730 -0.016    0.729 -0.684  0.042   -0.041  0.017  0.999
    -2.264  7.749 -4.030   0.197 -0.680  0.707    0.580 -0.501 -0.643    0.791  0.536  0.295
    -4.302 -7.169 -8.459  -0.397 -0.865 -0.307   -0.456 -0.104  0.884   -0.796  0.491 -0.353
    -1.474  6.136  3.898  -0.414  0.667 -0.619    0.868  0.087 -0.488   -0.272 -0.740 -0.615
    -8.792  2.806 -7.145  -0.326 -0.766 -0.555   -0.899  0.433 -0.070    0.294  0.476 -0.829
    -2.100 -0.816  4.598  -0.479 -0.844 -0.243    0.837 -0.355 -0.415    0.264 -0.402  0.877
     5.545  2.291 -8.563  -0.788  0.433 -0.438   -0.481 -0.877  0.000   -0.384  0.210  0.899
 &nmlSystem
  txtitle ='water(nemo): test of umbrella potential',
  txmethod= 'mcall',txensemb='nvt',     txbc ='xyz',  txstart ='readfin',
  nstep1= 1,        nstep2= 5,
  boxlen= 3*18.6,
  temp  = 300.0,    prsr = 0.1013,
  iseed = 987653,
  lcont =.t.,  laver =.t.,  ldist =.t.,  ldump =.f.,  lgroup=.f.,  lstatic =.f., limage = .f.,
  itest = 0,   ipart = 10,  iatom = 10,  iaver = 100, ishow = 1,   iplot = 1,   ilist = 1,

  lenscl= 1.0000000,
 /
 &nmlScale
 /
 &nmlParticle
  txelec= 'pol',
  npt   = 1,
  txpt  = 'water',
  nppt  =  216,
  natpt =  2,
  txat  = 'o      ','h       ',
  massat= 16.0,      1.0,
  radat =  0.8,      0.0,
  zat   = -0.80100,  0.400500,
  naatpt        =  1,       2,
  txaat         = 'o     ','h     ','h     ',

  rain(1,1,1) =  0.0,      0.0, -0.0656,
  rain(1,2,1) =  0.7572,   0.0,  0.5205,
  rain(1,3,1) = -0.7572,   0.0,  0.5205,

  dipain(1,1,1) =  0.0000,  0.0000, -0.1299,
  dipain(1,2,1) =  0.0784,  0.0000,  0.0422,
  dipain(1,3,1) = -0.0784,  0.0000,  0.0422,

  polain(1,1,1) =  0.6715,  0.6133,  0.7002,  0.0000,  0.0000,  0.0000,
  polain(1,2,1) =  0.2199,  0.0756,  0.1441,  0.0000,  0.1005,  0.0000,
  polain(1,3,1) =  0.2199,  0.0756,  0.1441,  0.0000, -0.1005,  0.0000,
 /
 &nmlPotential
  rcut = 8.5,
  txpot ='nemo:w3',
 /
 &nmlPolarizationIter tpolit = 1.0e-5, mpolit = 30, npolit = 1 /
 &nmlMCAll
  dtranall = 0.015, drotall = 1.0,
  lautumb =.true.,
 /
 &nmlUmbrella
  typeumb = 'aadist',
  ipumb1 = 1, ipumb2 = 2,
  iaumb1 = 1, iaumb2 = 1,
  umbcoord  = 'z',
  rminumbrella = 2.6, delumb = 0.05, numbgrid = 50, cupdate='engb',
  lreadumb =.f.,
 /
 &nmlIntList inlist = 0, drnlist = 0.1 /
 &nmlDist idist = 10, vtype(6) =.true., 0.0, 10.0, 100, rcutdist = 10 /
