
..............................................................................................................
.                                         TestSetObjectParam1 chain                                          .
..............................................................................................................

ict, jct, ictct
    1    1    1
    1    2    2
    2    2    3

        ic, ictcn(ic),      iseg,   ipnsegcn(iseg,ic) = i
          1          1          1          1
          1          1          2          2
          1          1          3          3
          1          1          4          4
          1          1          5          5
          1          1          6          6
          1          1          7          7
          1          1          8          8
          1          1          9          9
          1          1         10         10
          2          1          1         11
          2          1          2         12
          2          1          3         13
          2          1          4         14
          2          1          5         15
          2          1          6         16
          2          1          7         17
          2          1          8         18
          2          1          9         19
          2          1         10         20
          3          2          1         21
          3          2          2         22
          3          2          3         23
          3          2          4         24
          3          2          5         25
          4          2          1         26
          4          2          2         27
          4          2          3         28
          4          2          4         29
          4          2          5         30
          5          2          1         31
          5          2          2         32
          5          2          3         33
          5          2          4         34
          5          2          5         35
          6          2          1         36
          6          2          2         37
          6          2          3         38
          6          2          4         39
          6          2          5         40
          7          2          1         41
          7          2          2         42
          7          2          3         43
          7          2          4         44
          7          2          5         45
          8          2          1         46
          8          2          2         47
          8          2          3         48
          8          2          4         49
          8          2          5         50
          9          2          1         51
          9          2          2         52
          9          2          3         53
          9          2          4         54
          9          2          5         55
         10          2          1         56
         10          2          2         57
         10          2          3         58
         10          2          4         59
         10          2          5         60
         11          2          1         61
         11          2          2         62
         11          2          3         63
         11          2          4         64
         11          2          5         65
         12          2          1         66
         12          2          2         67
         12          2          3         68
         12          2          4         69
         12          2          5         70

        ip, iptpn(ip), ictpn(ip), icnpn(ip), bondnn(1,ip), bondnn(2,ip), isegpn(ip)
          1          1          1          1          0          2          1
          2          1          1          1          1          3          2
          3          1          1          1          2          4          3
          4          1          1          1          3          5          4
          5          1          1          1          4          6          5
          6          1          1          1          5          7          6
          7          1          1          1          6          8          7
          8          1          1          1          7          9          8
          9          1          1          1          8         10          9
         10          1          1          1          9          0         10
         11          1          1          2          0         12          1
         12          1          1          2         11         13          2
         13          1          1          2         12         14          3
         14          1          1          2         13         15          4
         15          1          1          2         14         16          5
         16          1          1          2         15         17          6
         17          1          1          2         16         18          7
         18          1          1          2         17         19          8
         19          1          1          2         18         20          9
         20          1          1          2         19          0         10
         21          2          2          3          0         22          1
         22          2          2          3         21         23          2
         23          2          2          3         22         24          3
         24          2          2          3         23         25          4
         25          2          2          3         24          0          5
         26          2          2          4          0         27          1
         27          2          2          4         26         28          2
         28          2          2          4         27         29          3
         29          2          2          4         28         30          4
         30          2          2          4         29          0          5
         31          2          2          5          0         32          1
         32          2          2          5         31         33          2
         33          2          2          5         32         34          3
         34          2          2          5         33         35          4
         35          2          2          5         34          0          5
         36          2          2          6          0         37          1
         37          2          2          6         36         38          2
         38          2          2          6         37         39          3
         39          2          2          6         38         40          4
         40          2          2          6         39          0          5
         41          2          2          7          0         42          1
         42          2          2          7         41         43          2
         43          2          2          7         42         44          3
         44          2          2          7         43         45          4
         45          2          2          7         44          0          5
         46          2          2          8          0         47          1
         47          2          2          8         46         48          2
         48          2          2          8         47         49          3
         49          2          2          8         48         50          4
         50          2          2          8         49          0          5
         51          2          2          9          0         52          1
         52          2          2          9         51         53          2
         53          2          2          9         52         54          3
         54          2          2          9         53         55          4
         55          2          2          9         54          0          5
         56          2          2         10          0         57          1
         57          2          2         10         56         58          2
         58          2          2         10         57         59          3
         59          2          2         10         58         60          4
         60          2          2         10         59          0          5
         61          2          2         11          0         62          1
         62          2          2         11         61         63          2
         63          2          2         11         62         64          3
         64          2          2         11         63         65          4
         65          2          2         11         64          0          5
         66          2          2         12          0         67          1
         67          2          2         12         66         68          2
         68          2          2         12         67         69          3
         69          2          2         12         68         70          4
         70          2          2         12         69          0          5

..............................................................................................................
.                                       TestSetObjectParam1 crosslink                                        .
..............................................................................................................

nch(0:ngen)    1    5

ip, ihnpn(ip)
    1    1
    2    1
    3    1
    4    1
    5    1
    6    1
    7    1
    8    1
    9    1
   10    1
   11    2
   12    2
   13    2
   14    2
   15    2
   16    2
   17    2
   18    2
   19    2
   20    2
   21    1
   22    1
   23    1
   24    1
   25    1
   26    1
   27    1
   28    1
   29    1
   30    1
   31    1
   32    1
   33    1
   34    1
   35    1
   36    1
   37    1
   38    1
   39    1
   40    1
   41    1
   42    1
   43    1
   44    1
   45    1
   46    2
   47    2
   48    2
   49    2
   50    2
   51    2
   52    2
   53    2
   54    2
   55    2
   56    2
   57    2
   58    2
   59    2
   60    2
   61    2
   62    2
   63    2
   64    2
   65    2
   66    2
   67    2
   68    2
   69    2
   70    2

ip    ic           maxnbondcl(ipt)         nbondcl(ip)          bondcl(1,ip)  ...  
    1    1                 1                 1                  21
    2    1                 1                 1                  26
    3    1                 1                 1                  31
    4    1                 1                 1                  36
    5    1                 1                 1                  41
    6    1                 1                 0
    7    1                 1                 0
    8    1                 1                 0
    9    1                 1                 0
   10    1                 1                 0
   11    2                 1                 1                  46
   12    2                 1                 1                  51
   13    2                 1                 1                  56
   14    2                 1                 1                  61
   15    2                 1                 1                  66
   16    2                 1                 0
   17    2                 1                 0
   18    2                 1                 0
   19    2                 1                 0
   20    2                 1                 0
   21    3                 1                 1                   1
   22    3                 1                 0
   23    3                 1                 0
   24    3                 1                 0
   25    3                 1                 0
   26    4                 1                 1                   2
   27    4                 1                 0
   28    4                 1                 0
   29    4                 1                 0
   30    4                 1                 0
   31    5                 1                 1                   3
   32    5                 1                 0
   33    5                 1                 0
   34    5                 1                 0
   35    5                 1                 0
   36    6                 1                 1                   4
   37    6                 1                 0
   38    6                 1                 0
   39    6                 1                 0
   40    6                 1                 0
   41    7                 1                 1                   5
   42    7                 1                 0
   43    7                 1                 0
   44    7                 1                 0
   45    7                 1                 0
   46    8                 1                 1                  11
   47    8                 1                 0
   48    8                 1                 0
   49    8                 1                 0
   50    8                 1                 0
   51    9                 1                 1                  12
   52    9                 1                 0
   53    9                 1                 0
   54    9                 1                 0
   55    9                 1                 0
   56   10                 1                 1                  13
   57   10                 1                 0
   58   10                 1                 0
   59   10                 1                 0
   60   10                 1                 0
   61   11                 1                 1                  14
   62   11                 1                 0
   63   11                 1                 0
   64   11                 1                 0
   65   11                 1                 0
   66   12                 1                 1                  15
   67   12                 1                 0
   68   12                 1                 0
   69   12                 1                 0
   70   12                 1                 0
**************************************************************************************************************
**************************************************************************************************************
**                                                                                                          **
**                                                                                                          **
**                                                  Molsim                                                  **
**                                                                                                          **
**                  integrated md/mc/bd simulation program belonging to the molsim package                  **
**                                                                                                          **
**                                          version 6.4.7, v2.2.0                                           **
**                                                                                                          **
**                                                                                                          **
**                                                Per Linse                                                 **
**                                            Physical Chemistry                                            **
**                                         Department of Chemistry                                          **
**                                             Lund University                                              **
**                                               P.O. Box 124                                               **
**                                          S-221 00 Lund, SWEDEN                                           **
**                                                                                                          **
**                                                                                                          **
**                                         with contributions from                                          **
**                                                                                                          **
**                  Anna Akinchina, Fredrik Carlsson, Samuel Edgecombe, Yoshikatsu Hayashi                  **
**          Pascal Hebbeker, Cornelius Hofzumahaus, Niklas Källrot, Björn Linse, Vladimir Lobaskin          **
**               Thomas M. Nymand, Alberto Pais, Jurij Rescic, Stefanie Schneider, Marie Skepö              **
**          Joakim Stenhammar, Anders Wallqvist, Jos van Rijssel, Erik Wernersson, Per-Olof Åstrand         **
**                                                                                                          **
**                                                                                                          **
**************************************************************************************************************
**************************************************************************************************************
 
2017-01-05     15:52:56

**************************************************************************************************************
*                                                                                                            *
*                                            i n p u t   d a t a                                             *
*                                                                                                            *
**************************************************************************************************************


**************************************************************************************************************
*                                            general information                                             *
**************************************************************************************************************


title   : bottle-brush: small, 2 molecules, uneven side-chain distribution                          

key data: mode           : simulation
          method         : mc   
          ensemble       : nvt
          boundary cond. : xyz
          start          : setconf 


number of time steps/passes           1  *       100  =        100

temperature                    =     298.000
pressure                       =       0.101
box lengths (x,y,z)            =     200.000     200.000     200.000
volume                         =   0.800E+07

seed of random generator       =           1

optional subroutine used
------------------------
   ControlAver
   MainAver
   Image

parameters controlling the output interval (0 = no)
-------------------------------------------------
   itest              0
   ipart              1
   iatom              1
   iaver            100
   ishow              1
   iplot              0
   ilist              0

external units
--------------
number        generic name        file name
------        ------------        ---------
   1               fin            FIN       
   2               fout           FOUT      
   3               fcnf           FCNF      
  10               fimg           FIMG      
  11               fvtf           FVTF      
  12               ftcl           FTCL      

**************************************************************************************************************
*                                                   units                                                    *
**************************************************************************************************************

quantity                unit
--------                ----
length              1.000E-10 m
mass                1.000E-03 kg/mol
temperature         1.000E+00 k
time                1.000E-12 s
energy              1.000E+03 j/mol
heat capacity       1.000E+00 j/mol*k
diff. coeff.        1.000E-09 m**2/s
pressure            1.000E+06 pa
volume              1.000E-30 m**3
linear vel.         1.000E+02 m/s
linear acc.         1.000E+14 m/s**2
force               1.000E+11 n/mol
moment of inertia   1.000E-23 kg*m**2/mol
angle               1.745E-02 rad

**************************************************************************************************************
*                                               particle data                                                *
**************************************************************************************************************

charged atoms enabled

number of hierarchical struc.  =       2
number of chains               =      12
number of particles            =      70
number of atoms                =      70
number of chains types         =       2     (     10 )
number of particle types       =       2     (     10 )
number of atom types           =       2     (     10 )

hierarchical data
-----------------
maximum number of crosslinks of a particle          =        1
number of generations                               =        1
chain type of the generations                       =        1       2
number of branches                                  =        5
particle number of chain for first branch point     =        1
particle increment of chain between branch points   =        1
number of crosslinks                                =       10

chain type         no of chains             topology  npptct(1,ict)  npptct(2,ict)
----------         ------------             --------  -------------  -------------
10-mer1                2                    block        10             0 
5-mer2                10                    block         0             5 

particle       no        atom     no     mass    hard core    no of unit   weak      pK        sigma    epsilon  zatalpha
                                                 radius       charges      charge                              
--------       --        ----     --     ----    ---------    ----------   ------    --        -----    -------  --------
bead1          20
                         site1    1     10.000    2.000        0.0000        F      0.0000     0.0000    0.0000    0.0000
bead2          50
                         site2    1     10.000    2.000        0.0000        F      0.0000     0.0000    0.0000    0.0000

molecular input frame: bead1     
---------------------- -----

atom               coordinate (x,y,z)
----               ------------------
site1        0.00000   0.00000   0.00000

principal axis frame: bead1     
--------------------- -----

atom               coordinate (x,y,z)
----               ------------------
site1        0.00000   0.00000   0.00000

molecular input frame: bead2     
---------------------- -----

atom               coordinate (x,y,z)
----               ------------------
site2        0.00000   0.00000   0.00000

principal axis frame: bead2     
--------------------- -----

atom               coordinate (x,y,z)
----               ------------------
site2        0.00000   0.00000   0.00000

particle             mass           moment of inertia (x,y,z)        maximal atom-com distance
--------             ----           -------------------------        -------------------------
bead1              10.000          0.000     0.000     0.000             0.000
bead2              10.000          0.000     0.000     0.000             0.000

**************************************************************************************************************
*                                          two-body potential data                                           *
**************************************************************************************************************

rcut                           =     173.205
utoltab                        =   0.100E-04
ftoltab                        =   0.100E-04
umaxtab                        =   0.200E+05
fmaxtab                        =   0.200E+05

monoatomic energy and force routines

particle pair              potential
-------------              ---------
bead1-bead1                  default             
bead1-bead2                  default             
bead2-bead2                  default             

atom pair         energy coefficients (ipot and ucoff)
---------         ------------------------------------
site1-site1         
site1-site2         
site2-site2         

specification of two-body potential tables
------------------------------------------
atom pair          no of grids         iubuflow       rumin     rumax
---------          -----------         --------       -----     -----
site1-site1            2                   1          0.010   190.526
site1-site2            2                  25          0.010   190.526
site2-site2            2                  49          0.010   190.526

nbuf (needed, allocated)        =         73      1000

**************************************************************************************************************
*                                               ipotchain data                                               *
**************************************************************************************************************

bond: force constant           =         1.00000        1.00000
bond: power                    =               2              2
bond: eqilibrium separation    =         5.00000        5.00000
angle: force constant          =         0.00000        0.00000
angle: power                   =               2              2
angle: eqilibrium separation   =       180.00000      180.00000
crosslink: force constant      =         2.40000
crosslink: power               =               2
crosslink: eqilibrium separ    =         5.00000
itestpotchain                  =               0

**************************************************************************************************************
*                                         initial configuration data                                         *
**************************************************************************************************************

start configuration from SetConfiguration
-----------------------------------------
part. type    routine          no of unit cells (x,y,z)     lower (x,y,z)      upper (x,y,z)      shift (x,y,z)
----------    -------          ------------------------     -------------      -------------      -------------
 1  bead1     hierarchicalrandom      1    1    1         -20.0 -20.0 -20.0   20.0  20.0  20.0    0.0   0.0   0.0
 2  bead2     hierarchicalrandom      1    1    1        -100.0-100.0-100.0  100.0 100.0 100.0    0.0   0.0   0.0

bond length scaling factor              =      1.000   1.000
minimum angle between consecutive beads =     90.000  90.000

first macrostep                =      1

**************************************************************************************************************
*                                                coordinates                                                 *
**************************************************************************************************************


particle coordinates
--------------------
particle no   particle type       com (x,y,z)              x'-axis (x,y,z)        y'-axis (x,y,z)        z'-axis (x,y,z)
-----------   -------------       -----------              ---------------        ---------------        ---------------
     1        bead1         -10.883   -6.905    1.868   0.422 -0.552  0.719   -0.595 -0.767 -0.240    0.684 -0.327 -0.652
     2        bead1          -7.709   -3.634    3.924   0.203 -0.963 -0.175    0.070 -0.164  0.984   -0.977 -0.212  0.034
     3        bead1          -4.321   -4.389    7.523  -0.236  0.675  0.699    0.213  0.738 -0.640   -0.948 -0.002 -0.318
     4        bead1          -1.386   -8.326    6.588   0.603  0.044  0.796   -0.451  0.842  0.295   -0.658 -0.537  0.528
     5        bead1           0.647   -9.780    2.257   0.083 -0.283  0.956    0.269  0.930  0.251   -0.959  0.236  0.153
     6        bead1           4.080  -10.275   -1.344   0.752 -0.173  0.636   -0.031  0.955  0.295   -0.659 -0.241  0.713
     7        bead1           2.330  -14.732   -2.786  -0.287  0.456 -0.842    0.747  0.657  0.101    0.600 -0.600 -0.530
     8        bead1          -0.300  -15.795    1.331  -0.711  0.345 -0.613    0.663  0.619 -0.421    0.234 -0.706 -0.669
     9        bead1          -0.474  -18.453    5.562  -0.066 -0.083 -0.994   -0.830  0.558  0.009    0.554  0.826 -0.106
    10        bead1          -4.193  -15.809    7.606  -0.736 -0.673  0.069   -0.020 -0.081 -0.997    0.677 -0.735  0.046
    11        bead1          -3.436   -6.725   17.315   0.617 -0.347  0.706   -0.693 -0.664  0.279    0.372 -0.662 -0.651
    12        bead1          -0.333  -10.270   15.640   0.931 -0.299 -0.209    0.271  0.179  0.946   -0.246 -0.937  0.248
    13        bead1           3.547  -11.163   18.665  -0.766 -0.557 -0.321    0.203  0.264 -0.943    0.610 -0.787 -0.090
    14        bead1           8.342  -10.321   17.523   0.262 -0.754 -0.602   -0.436 -0.649  0.623   -0.861  0.099 -0.499
    15        bead1          13.031  -11.965   16.964   0.509  0.159  0.846   -0.524 -0.723  0.451    0.683 -0.673 -0.285
    16        bead1          16.074  -11.815   13.000  -0.142  0.516 -0.845    0.945  0.325  0.040    0.295 -0.792 -0.534
    17        bead1          13.433   -9.789    9.269  -0.845  0.099 -0.526   -0.194 -0.973  0.128   -0.499  0.210  0.841
    18        bead1          13.327  -14.073    6.692  -0.224  0.755 -0.617   -0.230 -0.656 -0.719   -0.947 -0.019  0.320
    19        bead1          18.117  -15.444    6.264   0.301 -0.920  0.250    0.469 -0.086 -0.879    0.831  0.382  0.406
    20        bead1          18.222  -17.539    1.725   0.897 -0.409  0.164   -0.202 -0.051  0.978   -0.392 -0.911 -0.128
    21        bead2         -13.621   -8.536    5.720   0.831  0.326 -0.450    0.357  0.309  0.882    0.426 -0.893  0.141
    22        bead2         -17.709   -8.396    8.597   0.514 -0.072 -0.855    0.650  0.684  0.333    0.560 -0.726  0.398
    23        bead2         -16.009  -12.044   11.564   0.846  0.083  0.526    0.437 -0.673 -0.597    0.304  0.735 -0.606
    24        bead2         -18.813  -16.139   10.958  -0.157 -0.426 -0.891    0.694 -0.689  0.207   -0.702 -0.586  0.404
    25        bead2         -18.018  -18.432    6.587  -0.447  0.322  0.834    0.759 -0.358  0.545    0.474  0.877 -0.084
    26        bead2          -9.074    1.085    4.854  -0.614 -0.637 -0.466    0.255  0.399 -0.881    0.747 -0.660 -0.083
    27        bead2          -9.478   -1.740    0.749   0.715  0.695  0.072   -0.055 -0.046  0.997    0.697 -0.717  0.005
    28        bead2          -7.673    0.721   -3.212  -0.280 -0.845 -0.456    0.423 -0.535  0.731   -0.862  0.012  0.508
    29        bead2          -8.355   -2.639   -6.851   0.458  0.758 -0.465    0.308  0.356  0.882    0.834 -0.547 -0.070
    30        bead2          -5.609   -1.577  -10.893  -0.153  0.564  0.811   -0.696  0.521 -0.494   -0.702 -0.640  0.313
    31        bead2          -5.652   -8.669    9.740  -0.408 -0.308 -0.859    0.896 -0.316 -0.313   -0.175 -0.897  0.405
    32        bead2          -7.741  -12.019   12.808   0.521  0.031 -0.853    0.849  0.088  0.522    0.091 -0.996  0.019
    33        bead2          -9.616  -15.658   15.679   0.752 -0.649 -0.116    0.102 -0.059  0.993   -0.651 -0.758  0.022
    34        bead2         -10.066  -18.610   11.669  -0.459  0.089 -0.884   -0.784 -0.509  0.356   -0.418  0.856  0.303
    35        bead2          -5.333  -19.433   10.283   0.661 -0.749  0.044   -0.034  0.028  0.999   -0.750 -0.662 -0.007
    36        bead2           1.052   -5.252    3.489  -0.770 -0.247  0.588    0.393  0.542  0.743   -0.502  0.804 -0.320
    37        bead2          -2.638   -4.720    0.157  -0.053  0.415  0.908   -0.799  0.529 -0.288   -0.599 -0.741  0.303
    38        bead2          -1.806   -5.308   -4.739  -0.661  0.126  0.740    0.554  0.746  0.369   -0.506  0.654 -0.563
    39        bead2           0.920   -2.838   -8.124   0.218  0.795  0.566    0.336 -0.605  0.722    0.916  0.032 -0.399
    40        bead2           4.601   -5.571  -10.120   0.416  0.589 -0.693   -0.876  0.464 -0.131    0.244  0.661  0.709
    41        bead2           2.897  -12.754    5.587  -0.900 -0.432  0.052   -0.051 -0.014 -0.999    0.432 -0.902 -0.009
    42        bead2           1.873  -10.175    9.746   0.304 -0.856 -0.418    0.052  0.453 -0.890    0.951  0.249  0.182
    43        bead2          -0.798  -13.679   12.111   0.188  0.052 -0.981   -0.978 -0.084 -0.192   -0.093  0.995  0.035
    44        bead2           0.799  -18.266   10.923  -0.455 -0.756  0.470    0.300  0.367  0.880   -0.838  0.542  0.060
    45        bead2          -0.555  -21.440   14.541   0.678  0.299  0.671    0.602 -0.751 -0.273    0.422  0.589 -0.689
    46        bead2          -6.568   -3.376   15.323  -0.456  0.750 -0.480    0.081  0.572  0.817    0.886  0.334 -0.321
    47        bead2          -6.619   -5.564   19.818   0.675  0.689  0.262    0.176  0.193 -0.965   -0.716  0.698  0.009
    48        bead2          -5.248  -10.359   20.178  -0.628 -0.653  0.424    0.268  0.330  0.905   -0.731  0.682 -0.032
    49        bead2          -0.398   -9.887   21.298   0.883 -0.335  0.327   -0.447 -0.396  0.802   -0.139 -0.855 -0.500
    50        bead2           3.511   -6.833   20.671  -0.607 -0.166 -0.777    0.578  0.579 -0.575    0.546 -0.798 -0.255
    51        bead2          -2.507   -6.960   12.588  -0.312  0.935 -0.168    0.082 -0.150 -0.985   -0.947 -0.321 -0.030
    52        bead2          -7.456   -6.756   13.277  -0.128 -0.235 -0.964    0.986 -0.134 -0.099   -0.106 -0.963  0.249
    53        bead2          -9.271   -3.415   10.031   0.103  0.119  0.987    0.979 -0.190 -0.080    0.178  0.975 -0.136
    54        bead2          -9.777   -6.679    6.277   0.933  0.283  0.223   -0.160 -0.229  0.960    0.323 -0.931 -0.168
    55        bead2          -9.470  -11.667    6.420   0.662 -0.618 -0.424   -0.463  0.108 -0.880    0.589  0.779 -0.214
    56        bead2           6.806  -13.948   21.239   0.551 -0.683 -0.480   -0.492  0.199 -0.848    0.674  0.703 -0.226
    57        bead2           5.358  -18.205   23.426  -0.633  0.589  0.502    0.527 -0.147  0.837    0.567  0.794 -0.218
    58        bead2           3.378  -22.505   25.035  -0.746 -0.578  0.329    0.082 -0.572 -0.816    0.660 -0.582  0.474
    59        bead2           0.776  -20.180   28.616   0.496 -0.376  0.783    0.200 -0.828 -0.524    0.845  0.417 -0.336
    60        bead2           3.638  -16.690   30.768  -0.686 -0.688 -0.236   -0.522  0.692 -0.499    0.507 -0.219 -0.834
    61        bead2           8.083   -9.410   22.433   0.957  0.007  0.289    0.266 -0.413 -0.871    0.113  0.911 -0.398
    62        bead2          10.195  -13.714   23.850  -0.597 -0.292 -0.747   -0.704 -0.254  0.663   -0.384  0.922 -0.054
    63        bead2          10.833  -15.890   28.306  -0.277  0.282 -0.919   -0.279 -0.939 -0.204   -0.920  0.199  0.339
    64        bead2          12.252  -18.723   32.174  -0.114  0.969 -0.219   -0.832  0.027  0.554    0.543  0.245  0.803
    65        bead2          15.979  -19.228   35.469   0.031  0.815  0.579   -0.976 -0.099  0.192    0.214 -0.571  0.793
    66        bead2          14.652  -14.719   20.809   0.755  0.642 -0.134    0.565 -0.533  0.630    0.333 -0.551 -0.765
    67        bead2          15.538  -11.711   24.704  -0.817  0.252 -0.518   -0.247  0.660  0.710    0.520  0.708 -0.477
    68        bead2          13.508   -7.544   22.829  -0.908 -0.357  0.219    0.234  0.003  0.972   -0.348  0.934  0.080
    69        bead2          13.494   -3.697   26.023   0.682  0.242  0.691    0.724 -0.358 -0.590    0.105  0.902 -0.419
    70        bead2          15.710   -0.432   22.953  -0.079 -0.591 -0.803    0.892  0.317 -0.321    0.444 -0.742  0.502

atom coordinates
----------------
atom no       atom type      particle no    particle type            coordinate (x,y,z)
-------       ---------      -----------    -------------            ------------------
     1        site1               1         bead1             -10.88263    -6.90472     1.86786
     2        site1               2         bead1              -7.70870    -3.63382     3.92394
     3        site1               3         bead1              -4.32146    -4.38878     7.52347
     4        site1               4         bead1              -1.38553    -8.32635     6.58763
     5        site1               5         bead1               0.64698    -9.77960     2.25670
     6        site1               6         bead1               4.08026   -10.27548    -1.34423
     7        site1               7         bead1               2.33018   -14.73165    -2.78639
     8        site1               8         bead1              -0.30025   -15.79513     1.33063
     9        site1               9         bead1              -0.47389   -18.45334     5.56191
    10        site1              10         bead1              -4.19279   -15.80916     7.60595
    11        site1              11         bead1              -3.43554    -6.72515    17.31517
    12        site1              12         bead1              -0.33254   -10.26997    15.64017
    13        site1              13         bead1               3.54743   -11.16268    18.66488
    14        site1              14         bead1               8.34205   -10.32121    17.52317
    15        site1              15         bead1              13.03101   -11.96470    16.96403
    16        site1              16         bead1              16.07432   -11.81488    12.99972
    17        site1              17         bead1              13.43292    -9.78942     9.26870
    18        site1              18         bead1              13.32718   -14.07324     6.69234
    19        site1              19         bead1              18.11653   -15.44385     6.26379
    20        site1              20         bead1              18.22160   -17.53858     1.72495
    21        site2              21         bead2             -13.62117    -8.53582     5.72011
    22        site2              22         bead2             -17.70856    -8.39634     8.59653
    23        site2              23         bead2             -16.00925   -12.04374    11.56449
    24        site2              24         bead2             -18.81298   -16.13906    10.95834
    25        site2              25         bead2             -18.01801   -18.43176     6.58667
    26        site2              26         bead2              -9.07374     1.08543     4.85416
    27        site2              27         bead2              -9.47839    -1.73979     0.74875
    28        site2              28         bead2              -7.67287     0.72118    -3.21152
    29        site2              29         bead2              -8.35453    -2.63856    -6.85122
    30        site2              30         bead2              -5.60922    -1.57682   -10.89300
    31        site2              31         bead2              -5.65159    -8.66855     9.74029
    32        site2              32         bead2              -7.74079   -12.01899    12.80783
    33        site2              33         bead2              -9.61635   -15.65779    15.67862
    34        site2              34         bead2             -10.06610   -18.61042    11.66867
    35        site2              35         bead2              -5.33295   -19.43331    10.28300
    36        site2              36         bead2               1.05206    -5.25150     3.48868
    37        site2              37         bead2              -2.63777    -4.72014     0.15659
