
..............................................................................................................
.                                         TestSetObjectParam1 chain                                          .
..............................................................................................................

ictcn(1:nc)    1    1    2    2    2    2    2    2    2    2    2    2
ictct(1:nct,nct)    1    2    2    3

        ic, ictcn(ic),      iseg,   ipnsegcn(iseg,ic) = i
          1          1          1          1
          1          1          2          2
          1          1          3          3
          1          1          4          4
          1          1          5          5
          1          1          6          6
          1          1          7          7
          1          1          8          8
          1          1          9          9
          1          1         10         10
          2          1          1         11
          2          1          2         12
          2          1          3         13
          2          1          4         14
          2          1          5         15
          2          1          6         16
          2          1          7         17
          2          1          8         18
          2          1          9         19
          2          1         10         20
          3          2          1         21
          3          2          2         22
          3          2          3         23
          3          2          4         24
          3          2          5         25
          4          2          1         26
          4          2          2         27
          4          2          3         28
          4          2          4         29
          4          2          5         30
          5          2          1         31
          5          2          2         32
          5          2          3         33
          5          2          4         34
          5          2          5         35
          6          2          1         36
          6          2          2         37
          6          2          3         38
          6          2          4         39
          6          2          5         40
          7          2          1         41
          7          2          2         42
          7          2          3         43
          7          2          4         44
          7          2          5         45
          8          2          1         46
          8          2          2         47
          8          2          3         48
          8          2          4         49
          8          2          5         50
          9          2          1         51
          9          2          2         52
          9          2          3         53
          9          2          4         54
          9          2          5         55
         10          2          1         56
         10          2          2         57
         10          2          3         58
         10          2          4         59
         10          2          5         60
         11          2          1         61
         11          2          2         62
         11          2          3         63
         11          2          4         64
         11          2          5         65
         12          2          1         66
         12          2          2         67
         12          2          3         68
         12          2          4         69
         12          2          5         70

        ip, iptpn(ip), ictpn(ip), icnpn(ip), bondnn(1,ip), bondnn(2,ip), isegpn(ip)
          1          1          1          1          0          2          1
          2          1          1          1          1          3          2
          3          1          1          1          2          4          3
          4          1          1          1          3          5          4
          5          1          1          1          4          6          5
          6          1          1          1          5          7          6
          7          1          1          1          6          8          7
          8          1          1          1          7          9          8
          9          1          1          1          8         10          9
         10          1          1          1          9          0         10
         11          1          1          2          0         12          1
         12          1          1          2         11         13          2
         13          1          1          2         12         14          3
         14          1          1          2         13         15          4
         15          1          1          2         14         16          5
         16          1          1          2         15         17          6
         17          1          1          2         16         18          7
         18          1          1          2         17         19          8
         19          1          1          2         18         20          9
         20          1          1          2         19          0         10
         21          2          2          3          0         22          1
         22          2          2          3         21         23          2
         23          2          2          3         22         24          3
         24          2          2          3         23         25          4
         25          2          2          3         24          0          5
         26          2          2          4          0         27          1
         27          2          2          4         26         28          2
         28          2          2          4         27         29          3
         29          2          2          4         28         30          4
         30          2          2          4         29          0          5
         31          2          2          5          0         32          1
         32          2          2          5         31         33          2
         33          2          2          5         32         34          3
         34          2          2          5         33         35          4
         35          2          2          5         34          0          5
         36          2          2          6          0         37          1
         37          2          2          6         36         38          2
         38          2          2          6         37         39          3
         39          2          2          6         38         40          4
         40          2          2          6         39          0          5
         41          2          2          7          0         42          1
         42          2          2          7         41         43          2
         43          2          2          7         42         44          3
         44          2          2          7         43         45          4
         45          2          2          7         44          0          5
         46          2          2          8          0         47          1
         47          2          2          8         46         48          2
         48          2          2          8         47         49          3
         49          2          2          8         48         50          4
         50          2          2          8         49          0          5
         51          2          2          9          0         52          1
         52          2          2          9         51         53          2
         53          2          2          9         52         54          3
         54          2          2          9         53         55          4
         55          2          2          9         54          0          5
         56          2          2         10          0         57          1
         57          2          2         10         56         58          2
         58          2          2         10         57         59          3
         59          2          2         10         58         60          4
         60          2          2         10         59          0          5
         61          2          2         11          0         62          1
         62          2          2         11         61         63          2
         63          2          2         11         62         64          3
         64          2          2         11         63         65          4
         65          2          2         11         64          0          5
         66          2          2         12          0         67          1
         67          2          2         12         66         68          2
         68          2          2         12         67         69          3
         69          2          2         12         68         70          4
         70          2          2         12         69          0          5

..............................................................................................................
.                                       TestSetObjectParam1 crosslink                                        .
..............................................................................................................

nch(0:ngen)    1    5

ip, ihnpn(ip)
    1    1
    2    1
    3    1
    4    1
    5    1
    6    1
    7    1
    8    1
    9    1
   10    1
   11    2
   12    2
   13    2
   14    2
   15    2
   16    2
   17    2
   18    2
   19    2
   20    2
   21    1
   22    1
   23    1
   24    1
   25    1
   26    1
   27    1
   28    1
   29    1
   30    1
   31    1
   32    1
   33    1
   34    1
   35    1
   36    1
   37    1
   38    1
   39    1
   40    1
   41    1
   42    1
   43    1
   44    1
   45    1
   46    2
   47    2
   48    2
   49    2
   50    2
   51    2
   52    2
   53    2
   54    2
   55    2
   56    2
   57    2
   58    2
   59    2
   60    2
   61    2
   62    2
   63    2
   64    2
   65    2
   66    2
   67    2
   68    2
   69    2
   70    2

ip    ic           maxnbondcl(ipt)         nbondcl(ip)          bondcl(1,ip)  ...  
    1    1                 1                 1                  21
    2    1                 1                 1                  26
    3    1                 1                 1                  31
    4    1                 1                 1                  36
    5    1                 1                 1                  41
    6    1                 1                 0
    7    1                 1                 0
    8    1                 1                 0
    9    1                 1                 0
   10    1                 1                 0
   11    2                 1                 1                  46
   12    2                 1                 1                  51
   13    2                 1                 1                  56
   14    2                 1                 1                  61
   15    2                 1                 1                  66
   16    2                 1                 0
   17    2                 1                 0
   18    2                 1                 0
   19    2                 1                 0
   20    2                 1                 0
   21    3                 1                 1                   1
   22    3                 1                 0
   23    3                 1                 0
   24    3                 1                 0
   25    3                 1                 0
   26    4                 1                 1                   2
   27    4                 1                 0
   28    4                 1                 0
   29    4                 1                 0
   30    4                 1                 0
   31    5                 1                 1                   3
   32    5                 1                 0
   33    5                 1                 0
   34    5                 1                 0
   35    5                 1                 0
   36    6                 1                 1                   4
   37    6                 1                 0
   38    6                 1                 0
   39    6                 1                 0
   40    6                 1                 0
   41    7                 1                 1                   5
   42    7                 1                 0
   43    7                 1                 0
   44    7                 1                 0
   45    7                 1                 0
   46    8                 1                 1                  11
   47    8                 1                 0
   48    8                 1                 0
   49    8                 1                 0
   50    8                 1                 0
   51    9                 1                 1                  12
   52    9                 1                 0
   53    9                 1                 0
   54    9                 1                 0
   55    9                 1                 0
   56   10                 1                 1                  13
   57   10                 1                 0
   58   10                 1                 0
   59   10                 1                 0
   60   10                 1                 0
   61   11                 1                 1                  14
   62   11                 1                 0
   63   11                 1                 0
   64   11                 1                 0
   65   11                 1                 0
   66   12                 1                 1                  15
   67   12                 1                 0
   68   12                 1                 0
   69   12                 1                 0
   70   12                 1                 0
**************************************************************************************************************
**************************************************************************************************************
**                                                                                                          **
**                                                                                                          **
**                                                  Molsim                                                  **
**                                                                                                          **
**                  integrated md/mc/bd simulation program belonging to the molsim package                  **
**                                                                                                          **
**                                       version 6.4.7, Sep 18, 2015                                        **
**                                                                                                          **
**                                                                                                          **
**                                                Per Linse                                                 **
**                                            Physical Chemistry                                            **
**                                         Department of Chemistry                                          **
**                                             Lund University                                              **
**                                               P.O. Box 124                                               **
**                                          S-221 00 Lund, SWEDEN                                           **
**                                                                                                          **
**                                                                                                          **
**                                         with contributions from                                          **
**                                                                                                          **
**                  Anna Akinchina, Fredrik Carlsson, Samuel Edgecombe, Yoshikatsu Hayashi                  **
**          Pascal Hebbeker, Cornelius Hofzumahaus, Niklas Källrot, Björn Linse, Vladimir Lobaskin          **
**               Thomas M. Nymand, Alberto Pais, Jurij Rescic, Stefanie Schneider, Marie Skepö              **
**          Joakim Stenhammar, Anders Wallqvist, Jos van Rijssel, Erik Wernersson, Per-Olof Åstrand         **
**                                                                                                          **
**                                                                                                          **
**************************************************************************************************************
**************************************************************************************************************
 
2016-08-16     11:32:23

**************************************************************************************************************
*                                                                                                            *
*                                            i n p u t   d a t a                                             *
*                                                                                                            *
**************************************************************************************************************


**************************************************************************************************************
*                                            general information                                             *
**************************************************************************************************************


title   : bottle-brush: small, 2 molecules, uneven side-chain distribution                          

key data: mode           : simulation
          method         : mc   
          ensemble       : nvt
          boundary cond. : xyz
          start          : setconf 


number of time steps/passes           1  *       100  =        100

temperature                    =     298.000
pressure                       =       0.101
box lengths (x,y,z)            =     200.000     200.000     200.000
volume                         =   0.800E+07

seed of random generator       =           1

optional subroutine used
------------------------
   ControlAver
   MainAver
   Image

parameters controlling the output interval (0 = no)
-------------------------------------------------
   itest              0
   ipart              1
   iatom              1
   iaver            100
   ishow              1
   iplot              0
   ilist              0

external units
--------------
number        generic name        file name
------        ------------        ---------
   1               fin            FIN       
   2               fout           FOUT      
   3               fcnf           FCNF      
  10               fimg           FIMG      
  11               fvtf           FVTF      
  12               ftcl           FTCL      

**************************************************************************************************************
*                                                   units                                                    *
**************************************************************************************************************

quantity                unit
--------                ----
length              1.000E-10 m
mass                1.000E-03 kg/mol
temperature         1.000E+00 k
time                1.000E-12 s
energy              1.000E+03 j/mol
heat capacity       1.000E+00 j/mol*k
diff. coeff.        1.000E-09 m**2/s
pressure            1.000E+06 pa
volume              1.000E-30 m**3
linear vel.         1.000E+02 m/s
linear acc.         1.000E+14 m/s**2
force               1.000E+11 n/mol
moment of inertia   1.000E-23 kg*m**2/mol
angle               1.745E-02 rad

**************************************************************************************************************
*                                               particle data                                                *
**************************************************************************************************************

charged atoms enabled

number of hierarchical struc.  =       2
number of chains               =      12
number of particles            =      70
number of atoms                =      70
number of chains types         =       2     (     10 )
number of particle types       =       2     (     10 )
number of atom types           =       2     (     10 )

hierarchical data
-----------------
maximum number of crosslinks of a particle          =        1
number of generations                               =        1
chain type of the generations                       =        1       2
number of branches                                  =        5
particle number of chain for first branch point     =        1
particle increment of chain between branch points   =        1
number of crosslinks                                =       10

chain type         no of chains             topology  no of particles of the different types
----------         ------------             --------  --------------------------------------
10-mer1                2                    block        10    0          
5-mer2                10                    block         0    5          

particle       no        atom     no     mass    hard core    no of unit   weak      pK        sigma    epsilon  zatalpha
                                                 radius       charges      charge                              
--------       --        ----     --     ----    ---------    ----------   ------    --        -----    -------  --------
bead1          20
                         site1    1     10.000    2.000        0.0000        F      0.0000     0.0000    0.0000    0.0000
bead2          50
                         site2    1     10.000    2.000        0.0000        F      0.0000     0.0000    0.0000    0.0000

molecular input frame: bead1     
---------------------- -----

atom               coordinate (x,y,z)
----               ------------------
site1        0.00000   0.00000   0.00000

principal axis frame: bead1     
--------------------- -----

atom               coordinate (x,y,z)
----               ------------------
site1        0.00000   0.00000   0.00000

molecular input frame: bead2     
---------------------- -----

atom               coordinate (x,y,z)
----               ------------------
site2        0.00000   0.00000   0.00000

principal axis frame: bead2     
--------------------- -----

atom               coordinate (x,y,z)
----               ------------------
site2        0.00000   0.00000   0.00000

particle             mass           moment of inertia (x,y,z)        maximal atom-com distance
--------             ----           -------------------------        -------------------------
bead1              10.000          0.000     0.000     0.000             0.000
bead2              10.000          0.000     0.000     0.000             0.000

**************************************************************************************************************
*                                          two-body potential data                                           *
**************************************************************************************************************

rcut                           =     173.205
utoltab                        =   0.100E-04
ftoltab                        =   0.100E-04
umaxtab                        =   0.200E+05
fmaxtab                        =   0.200E+05

monoatomic energy and force routines

particle pair              potential
-------------              ---------
bead1-bead1                  default             
bead1-bead2                  default             
bead2-bead2                  default             

atom pair         energy coefficients (ipot and ucoff)
---------         ------------------------------------
site1-site1         
site1-site2         
site2-site2         

specification of two-body potential tables
------------------------------------------
atom pair          no of grids         iubuflow       rumin     rumax
---------          -----------         --------       -----     -----
site1-site1            2                   1          0.010   190.526
site1-site2            2                  25          0.010   190.526
site2-site2            2                  49          0.010   190.526

nbuf (needed, allocated)        =         73      1000

**************************************************************************************************************
*                                               ipotchain data                                               *
**************************************************************************************************************

bond: force constant           =         1.00000        1.00000
bond: power                    =               2              2
bond: eqilibrium separation    =         5.00000        5.00000
angle: force constant          =         0.00000        0.00000
angle: power                   =               2              2
angle: eqilibrium separation   =       180.00000      180.00000
crosslink: force constant      =         2.40000
crosslink: power               =               2
crosslink: eqilibrium separ    =         5.00000
itestpotchain                  =               0

**************************************************************************************************************
*                                         initial configuration data                                         *
**************************************************************************************************************

start configuration from SetConfiguration
-----------------------------------------
part. type    routine          no of unit cells (x,y,z)     lower (x,y,z)      upper (x,y,z)      shift (x,y,z)
----------    -------          ------------------------     -------------      -------------      -------------
 1  bead1     hierarchicalrandom      1    1    1         -20.0 -20.0 -20.0   20.0  20.0  20.0    0.0   0.0   0.0
 2  bead2     hierarchicalrandom      1    1    1        -100.0-100.0-100.0  100.0 100.0 100.0    0.0   0.0   0.0

bond length scaling factor              =      1.000   1.000
minimum angle between consecutive beads =     90.000  90.000

first macrostep                =      1

**************************************************************************************************************
*                                                coordinates                                                 *
**************************************************************************************************************


particle coordinates
--------------------
particle no   particle type       com (x,y,z)              x'-axis (x,y,z)        y'-axis (x,y,z)        z'-axis (x,y,z)
-----------   -------------       -----------              ---------------        ---------------        ---------------
     1        bead1         -19.800  -15.028    5.217   0.588  0.271  0.762    0.248  0.836 -0.489   -0.770  0.476  0.425
     2        bead1         -18.597  -18.294    1.628  -0.118  0.862  0.493    0.098  0.504 -0.858   -0.988 -0.053 -0.144
     3        bead1         -18.102  -15.255   -2.311  -0.912  0.266  0.313   -0.379 -0.840 -0.389    0.159 -0.473  0.866
     4        bead1         -14.675  -14.495   -5.873  -0.324 -0.642  0.695   -0.858 -0.109 -0.501    0.398 -0.759 -0.515
     5        bead1         -11.579  -10.614   -6.467  -0.624 -0.539  0.566   -0.383 -0.420 -0.823    0.681 -0.730  0.056
     6        bead1          -9.353   -7.735   -3.038  -0.703  0.621  0.347    0.121  0.585 -0.802   -0.701 -0.522 -0.486
     7        bead1          -5.155  -10.303   -2.155  -0.280 -0.214 -0.936    0.069 -0.977  0.203   -0.958 -0.008  0.288
     8        bead1          -6.617  -15.083   -2.236  -0.115 -0.639  0.760   -0.909  0.377  0.179   -0.401 -0.671 -0.624
     9        bead1          -8.673  -17.781    1.438  -0.507  0.358 -0.784   -0.505  0.614  0.607    0.699  0.704 -0.130
    10        bead1          -5.619  -19.341    5.076   0.442 -0.885  0.145   -0.267 -0.284 -0.921    0.856  0.369 -0.362
    11        bead1          -9.490    0.320    7.599   0.028  0.655 -0.755   -0.495  0.666  0.558    0.868  0.358  0.343
    12        bead1          -7.832    2.245   11.906   0.508  0.554 -0.659   -0.474 -0.459 -0.751   -0.719  0.695  0.030
    13        bead1         -11.623    1.225   15.002  -0.782  0.084  0.618    0.070  0.996 -0.046   -0.619  0.007 -0.785
    14        bead1         -16.113    3.279   15.789   0.944  0.279  0.177    0.122  0.204 -0.971   -0.308  0.938  0.159
    15        bead1         -15.739    7.587   18.299  -0.660  0.447  0.604    0.744  0.499  0.444   -0.103  0.742 -0.662
    16        bead1         -15.229   12.452   17.264   0.609 -0.706 -0.360   -0.423  0.095 -0.901    0.671  0.701 -0.241
    17        bead1         -11.777   13.765   13.894  -0.369 -0.738  0.565    0.559  0.310  0.769   -0.743  0.599  0.298
    18        bead1          -8.723   16.198   17.018   0.863 -0.242  0.443   -0.029 -0.900 -0.435    0.504  0.362 -0.784
    19        bead1          -5.509   19.956   16.278  -0.704 -0.341 -0.623    0.595 -0.762 -0.256   -0.387 -0.551  0.739
    20        bead1          -3.799   17.789   12.109  -0.330 -0.700  0.633   -0.694  0.635  0.339   -0.639 -0.328 -0.696
    21        bead2         -20.074  -10.088    5.942  -0.813  0.558  0.166   -0.407 -0.342 -0.847   -0.416 -0.756  0.505
    22        bead2         -16.774   -8.707    2.448   0.304  0.467  0.830    0.945 -0.260 -0.199    0.123  0.845 -0.520
    23        bead2         -13.018   -6.714   -0.181  -0.731 -0.163  0.663   -0.567  0.685 -0.457   -0.379 -0.710 -0.593
    24        bead2         -10.139   -2.674    0.446  -0.161  0.618  0.769    0.421  0.748 -0.513   -0.893  0.241 -0.381
    25        bead2          -7.999    1.749   -0.480  -0.732  0.541 -0.415   -0.387  0.171  0.906    0.561  0.824  0.084
    26        bead2         -15.403  -22.139    1.754  -0.235  0.949  0.209    0.046 -0.204  0.978    0.971  0.239  0.004
    27        bead2         -15.972  -20.483   -2.929  -0.712  0.516 -0.476   -0.668 -0.707  0.232   -0.216  0.483  0.848
    28        bead2         -17.292  -18.155   -7.152   0.871  0.452  0.192   -0.479  0.700  0.530    0.105 -0.553  0.826
    29        bead2         -15.109  -21.212  -10.452  -0.809  0.353  0.470   -0.449 -0.887 -0.106    0.380 -0.297  0.876
    30        bead2         -12.556  -23.873   -7.076  -0.386  0.190 -0.903   -0.480  0.794  0.373    0.788  0.577 -0.215
    31        bead2         -20.552  -14.275   -6.558   0.135 -0.902  0.410    0.576 -0.265 -0.773    0.806  0.341  0.484
    32        bead2         -25.101  -15.805   -7.959  -0.522  0.790  0.323    0.737  0.227  0.636    0.429  0.570 -0.701
    33        bead2         -28.642  -18.836   -9.770   0.489 -0.039  0.871    0.689 -0.596 -0.413    0.535  0.802 -0.264
    34        bead2         -31.152  -15.591  -12.628   0.133  0.966 -0.220    0.020 -0.225 -0.974   -0.991  0.125 -0.049
    35        bead2         -33.514  -13.049   -9.028  -0.877 -0.142 -0.459   -0.477  0.138  0.868   -0.060  0.980 -0.188
    36        bead2         -10.822  -17.567   -6.718   0.229  0.230  0.946   -0.771 -0.550  0.321    0.594 -0.803  0.052
    37        bead2          -9.973  -13.713   -9.788  -0.825 -0.416 -0.383   -0.562  0.680  0.472    0.064  0.604 -0.794
    38        bead2          -9.177   -9.335  -12.068   0.494 -0.501 -0.710    0.594  0.791 -0.145    0.635 -0.350  0.689
    39        bead2         -12.701   -5.933  -13.074  -0.661 -0.721 -0.207    0.078  0.207 -0.975    0.746 -0.661 -0.081
    40        bead2          -9.930   -2.415  -15.297  -0.403  0.908 -0.114    0.132  0.181  0.975    0.905  0.378 -0.193
    41        bead2         -13.615   -6.180   -5.374  -0.182 -0.872 -0.454   -0.550  0.473 -0.688    0.815  0.125 -0.566
    42        bead2          -9.792   -6.698   -8.553   0.811 -0.416  0.410    0.508  0.155 -0.847    0.289  0.896  0.337
    43        bead2          -7.544   -3.618  -11.788  -0.582 -0.754  0.304    0.081 -0.426 -0.901    0.809 -0.500  0.308
    44        bead2          -2.641   -4.389  -12.393  -0.552 -0.662  0.507    0.311  0.402  0.862   -0.774  0.633 -0.016
    45        bead2          -0.854   -4.830  -17.041  -0.079  0.376  0.923   -0.247 -0.905  0.347    0.966 -0.201  0.164
    46        bead2         -12.477    3.141   10.448   0.849 -0.330 -0.413    0.330  0.941 -0.073    0.412 -0.074  0.908
    47        bead2         -13.100    4.415    5.653   0.827 -0.113  0.550   -0.557 -0.296  0.776    0.075 -0.948 -0.308
    48        bead2         -16.380    1.174    3.719  -0.584 -0.545 -0.602    0.398  0.454 -0.797    0.708 -0.705 -0.048
    49        bead2         -18.266   -2.402    0.778  -0.879 -0.388  0.277    0.228  0.168  0.959   -0.419  0.906 -0.059
    50        bead2         -19.501    0.703   -2.941   0.697  0.442 -0.565    0.689 -0.195  0.697    0.198 -0.875 -0.441
    51        bead2          -9.854    6.818   11.921   0.520 -0.164 -0.838    0.123 -0.957  0.263   -0.845 -0.240 -0.477
    52        bead2          -6.954    7.064    7.855  -0.076 -0.894 -0.442   -0.218  0.447 -0.867    0.973  0.031 -0.229
    53        bead2          -4.387    4.994    4.097  -0.734 -0.679 -0.001    0.001  0.001 -1.000    0.679 -0.734  0.000
    54        bead2          -1.969    2.215    0.716   0.651 -0.415 -0.635    0.523 -0.361  0.772   -0.550 -0.835 -0.018
    55        bead2          -4.818    0.685   -3.097  -0.440  0.783 -0.440    0.769  0.076 -0.635   -0.464 -0.618 -0.635
    56        bead2          -9.808   -2.776   12.616   0.911  0.128  0.391    0.406 -0.432 -0.805    0.066  0.892 -0.446
    57        bead2          -6.874   -6.765   11.921  -0.397 -0.594 -0.700    0.837  0.079 -0.542    0.377 -0.801  0.466
    58        bead2          -5.020   -8.690   16.147   0.910 -0.026 -0.415    0.385 -0.324  0.864   -0.157 -0.946 -0.284
    59        bead2          -4.563  -10.125   20.915   0.435  0.041 -0.899   -0.892 -0.114 -0.437   -0.121  0.993 -0.013
    60        bead2          -5.791  -12.544   25.115  -0.680  0.572 -0.459    0.436 -0.187 -0.880   -0.589 -0.799 -0.122
    61        bead2         -16.602   -0.528   12.585  -0.096  0.618  0.780   -0.364  0.708 -0.606   -0.927 -0.342  0.157
    62        bead2         -19.867   -3.087   15.376  -0.490  0.212 -0.846    0.767 -0.357 -0.533   -0.415 -0.910  0.012
    63        bead2         -20.439   -6.495   18.989  -0.681 -0.528 -0.507   -0.731  0.463  0.501   -0.030  0.712 -0.702
    64        bead2         -24.439   -9.442   18.425   0.610  0.040  0.792    0.418  0.832 -0.364   -0.673  0.553  0.490
    65        bead2         -27.901   -7.488   21.459   0.085  0.288  0.954   -0.995  0.075  0.066   -0.052 -0.955  0.293
    66        bead2         -17.231    3.969   21.411  -0.290 -0.628  0.722   -0.508 -0.539 -0.672    0.811 -0.561 -0.163
    67        bead2         -19.419    0.340   24.064   0.712 -0.482  0.511   -0.222  0.536  0.815   -0.666 -0.693  0.275
    68        bead2         -22.662   -3.456   24.341  -0.318  0.911 -0.263    0.366 -0.138 -0.920   -0.875 -0.389 -0.290
    69        bead2         -26.164   -5.918   26.924  -0.674  0.204 -0.710    0.739  0.196 -0.645    0.008 -0.959 -0.283
    70        bead2         -29.129   -7.445   30.650  -0.165 -0.922 -0.349    0.477 -0.385  0.790   -0.863 -0.036  0.503

atom coordinates
----------------
atom no       atom type      particle no    particle type            coordinate (x,y,z)
-------       ---------      -----------    -------------            ------------------
     1        site1               1         bead1             -19.79970   -15.02784     5.21708
     2        site1               2         bead1             -18.59658   -18.29414     1.62768
     3        site1               3         bead1             -18.10154   -15.25453    -2.31132
     4        site1               4         bead1             -14.67533   -14.49460    -5.87271
     5        site1               5         bead1             -11.57907   -10.61385    -6.46685
     6        site1               6         bead1              -9.35330    -7.73478    -3.03802
     7        site1               7         bead1              -5.15478   -10.30253    -2.15539
     8        site1               8         bead1              -6.61711   -15.08324    -2.23565
     9        site1               9         bead1              -8.67337   -17.78097     1.43778
    10        site1              10         bead1              -5.61880   -19.34108     5.07586
    11        site1              11         bead1              -9.48951     0.32048     7.59904
    12        site1              12         bead1              -7.83154     2.24477    11.90581
    13        site1              13         bead1             -11.62250     1.22539    15.00250
    14        site1              14         bead1             -16.11294     3.27895    15.78915
    15        site1              15         bead1             -15.73925     7.58721    18.29898
    16        site1              16         bead1             -15.22928    12.45217    17.26358
    17        site1              17         bead1             -11.77678    13.76526    13.89371
    18        site1              18         bead1              -8.72334    16.19803    17.01751
    19        site1              19         bead1              -5.50943    19.95613    16.27760
    20        site1              20         bead1              -3.79858    17.78899    12.10909
    21        site2              21         bead2             -20.07406   -10.08821     5.94156
    22        site2              22         bead2             -16.77440    -8.70732     2.44794
    23        site2              23         bead2             -13.01756    -6.71381    -0.18114
    24        site2              24         bead2             -10.13908    -2.67391     0.44618
    25        site2              25         bead2              -7.99896     1.74900    -0.47996
    26        site2              26         bead2             -15.40280   -22.13911     1.75402
    27        site2              27         bead2             -15.97175   -20.48336    -2.92943
    28        site2              28         bead2             -17.29242   -18.15484    -7.15245
    29        site2              29         bead2             -15.10883   -21.21163   -10.45214
    30        site2              30         bead2             -12.55619   -23.87300    -7.07559
    31        site2              31         bead2             -20.55188   -14.27502    -6.55825
    32        site2              32         bead2             -25.10124   -15.80473    -7.95943
    33        site2              33         bead2             -28.64170   -18.83603    -9.76951
    34        site2              34         bead2             -31.15232   -15.59129   -12.62755
    35        site2              35         bead2             -33.51393   -13.04895    -9.02765
    36        site2              36         bead2             -10.82236   -17.56701    -6.71827
