**************************************************************************************************************
**************************************************************************************************************
**                                                                                                          **
**                                                                                                          **
**                                                  Molsim                                                  **
**                                                                                                          **
**                  integrated md/mc/bd simulation program belonging to the molsim package                  **
**                                                                                                          **
**                                          version 6.4.7, v2.2.0                                           **
**                                                                                                          **
**                                                                                                          **
**                                                Per Linse                                                 **
**                                            Physical Chemistry                                            **
**                                         Department of Chemistry                                          **
**                                             Lund University                                              **
**                                               P.O. Box 124                                               **
**                                          S-221 00 Lund, SWEDEN                                           **
**                                                                                                          **
**                                                                                                          **
**                                         with contributions from                                          **
**                                                                                                          **
**                  Anna Akinchina, Fredrik Carlsson, Samuel Edgecombe, Yoshikatsu Hayashi                  **
**          Pascal Hebbeker, Cornelius Hofzumahaus, Niklas Källrot, Björn Linse, Vladimir Lobaskin          **
**               Thomas M. Nymand, Alberto Pais, Jurij Rescic, Stefanie Schneider, Marie Skepö              **
**          Joakim Stenhammar, Anders Wallqvist, Jos van Rijssel, Erik Wernersson, Per-Olof Åstrand         **
**                                                                                                          **
**                                                                                                          **
**************************************************************************************************************
**************************************************************************************************************
 
2017-02-02     14:47:27

**************************************************************************************************************
*                                                                                                            *
*                                            i n p u t   d a t a                                             *
*                                                                                                            *
**************************************************************************************************************


**************************************************************************************************************
*                                            general information                                             *
**************************************************************************************************************


title   : 1 pe and their counterions + 1 capsid and their counterions                               

key data: mode           : simulation
          method         : mc   
          ensemble       : nvt
          boundary cond. : sph
          start          : setconf 


number of time steps/passes           1  *        10  =         10

temperature                    =     298.000
pressure                       =       0.101
spherical cell radius          =     500.000
volume                         =   0.524E+09

seed of random generator       =           1

optional subroutine used
------------------------
   ControlAver
   MainAver
   DistFunc
   Group

parameters controlling the output interval (0 = no)
-------------------------------------------------
   itest              0
   ipart              1
   iatom              0
   iaver              0
   ishow              1
   iplot              0
   ilist              1

external units
--------------
number        generic name        file name
------        ------------        ---------
   1               fin            FIN       
   2               fout           FOUT      
   3               fcnf           FCNF      
   8               flist          FLIST     

**************************************************************************************************************
*                                                   units                                                    *
**************************************************************************************************************

quantity                unit
--------                ----
length              1.000E-10 m
mass                1.000E-03 kg/mol
temperature         1.000E+00 k
time                1.000E-12 s
energy              1.000E+03 j/mol
heat capacity       1.000E+00 j/mol*k
diff. coeff.        1.000E-09 m**2/s
pressure            1.000E+06 pa
volume              1.000E-30 m**3
linear vel.         1.000E+02 m/s
linear acc.         1.000E+14 m/s**2
force               1.000E+11 n/mol
moment of inertia   1.000E-23 kg*m**2/mol
angle               1.745E-02 rad

**************************************************************************************************************
*                                               particle data                                                *
**************************************************************************************************************

charged atoms enabled

number of chains               =       1
number of particles            =     400
number of atoms                =     400
number of chains types         =       1     (     10 )
number of particle types       =       4     (     10 )
number of atom types           =       4     (     10 )

chain type         no of chains             topology  npptct(1,ict)  npptct(2,ict)  npptct(3,ict)  npptct(4,ict)
----------         ------------             --------  -------------  -------------  -------------  -------------
100-mer                1                    block         0             0           100             0

- - - - - - - - - - - - - sequence of chain type 1 '100-mer' - - - - - - - - - - - - -

3-3-3-3-3-3-3-3-3-3-3-3-3-3-3-3-3-3-3-3-3-3-3-3-3-3-3-3-3-3-3-3-3-3-3-3-3-3-3-3-3-3-3-3-3-3-3-3-3-3-
3-3-3-3-3-3-3-3-3-3-3-3-3-3-3-3-3-3-3-3-3-3-3-3-3-3-3-3-3-3-3-3-3-3-3-3-3-3-3-3-3-3-3-3-3-3-3-3-3-3

- - - - - - - - - - - - - - - - - - - - - - - - - - - - - - - - - - - - - - - - - - - - - 

particle       no        atom     no     mass    hard core    no of unit   weak      pK        sigma    epsilon  zatalpha
                                                 radius       charges      charge                              
--------       --        ----     --     ----    ---------    ----------   ------    --        -----    -------  --------
capside       100
                         capsid   1     10.000    2.000        1.0000        F      0.0000     0.0000    0.0000    0.0000
cioncap       100
                         cionca   1     10.000    2.000       -1.0000        F      0.0000     0.0000    0.0000    0.0000
pe            100
                         bead     1     10.000    2.000       -1.0000        F      0.0000     0.0000    0.0000    0.0000
cionpe        100
                         cionpe   1     10.000    2.000        1.0000        F      0.0000     0.0000    0.0000    0.0000

molecular input frame: capside   
---------------------- -------

atom               coordinate (x,y,z)
----               ------------------
capside      0.00000   0.00000   0.00000

principal axis frame: capside   
--------------------- -------

atom               coordinate (x,y,z)
----               ------------------
capside      0.00000   0.00000   0.00000

molecular input frame: cioncap   
---------------------- -------

atom               coordinate (x,y,z)
----               ------------------
cioncap      0.00000   0.00000   0.00000

principal axis frame: cioncap   
--------------------- -------

atom               coordinate (x,y,z)
----               ------------------
cioncap      0.00000   0.00000   0.00000

molecular input frame: pe        
---------------------- --

atom               coordinate (x,y,z)
----               ------------------
pebead       0.00000   0.00000   0.00000

principal axis frame: pe        
--------------------- --

atom               coordinate (x,y,z)
----               ------------------
pebead       0.00000   0.00000   0.00000

molecular input frame: cionpe    
---------------------- ------

atom               coordinate (x,y,z)
----               ------------------
cionpe       0.00000   0.00000   0.00000

principal axis frame: cionpe    
--------------------- ------

atom               coordinate (x,y,z)
----               ------------------
cionpe       0.00000   0.00000   0.00000

particle             mass           moment of inertia (x,y,z)        maximal atom-com distance
--------             ----           -------------------------        -------------------------
capside            10.000          0.000     0.000     0.000             0.000
cioncap            10.000          0.000     0.000     0.000             0.000
pe                 10.000          0.000     0.000     0.000             0.000
cionpe             10.000          0.000     0.000     0.000             0.000

**************************************************************************************************************
*                                          two-body potential data                                           *
**************************************************************************************************************

rcut                           =    1000.000
utoltab                        =   0.100E-04
ftoltab                        =   0.100E-04
umaxtab                        =   0.200E+05
fmaxtab                        =   0.200E+05

monoatomic energy and force routines

relative permittivity          =   78.400000

system net charge based on zat =    0.00    

particle pair              potential
-------------              ---------
capside-capside              default             
capside-cioncap              default             
capside-pe                   default             
capside-cionpe               default             
cioncap-cioncap              default             
cioncap-pe                   default             
cioncap-cionpe               default             
pe-pe                        default             
pe-cionpe                    default             
cionpe-cionpe                default             

atom pair         energy coefficients (ipot and ucoff)
---------         ------------------------------------
capside-capside        1  0.177214E+02
capside-cioncap        1 -0.177214E+02
capside-bead           1 -0.177214E+02
capside-cionpe         1  0.177214E+02
cioncap-cioncap        1  0.177214E+02
cioncap-bead           1  0.177214E+02
cioncap-cionpe         1 -0.177214E+02
bead-bead              1  0.177214E+02
bead-cionpe            1 -0.177214E+02
cionpe-cionpe          1  0.177214E+02

number of 1/r coefficients than has been changed/added based on zat = 10

specification of two-body potential tables
------------------------------------------
atom pair          no of grids         iubuflow       rumin     rumax
---------          -----------         --------       -----     -----
capside-capsid        74                   1          0.316  1100.000
capside-cionca        74                 889          0.316  1100.000
capside-bead          74                1777          0.316  1100.000
capside-cionpe        74                2665          0.316  1100.000
cioncap-cionca        74                3553          0.316  1100.000
cioncap-bead          74                4441          0.316  1100.000
cioncap-cionpe        74                5329          0.316  1100.000
bead-bead             74                6217          0.316  1100.000
bead-cionpe           74                7105          0.316  1100.000
cionpe-cionpe         74                7993          0.316  1100.000

nbuf (needed, allocated)        =       8881      9000

**************************************************************************************************************
*                                               ipotchain data                                               *
**************************************************************************************************************

bond: force constant           =         2.40880
bond: power                    =               2
bond: eqilibrium separation    =         5.00000
angle: force constant          =         0.07390
angle: power                   =               2
angle: eqilibrium separation   =       180.00000
itestpotchain                  =               0

**************************************************************************************************************
*                                          external potential data                                           *
**************************************************************************************************************

particle type                  =  capside   
particle type                  =  cioncap   
hard wall between rcap and rcap+dcap and uniform charge
capsid radius                  =    50.0    
capsid radius + thickness      =    62.0    
particle type                  =  pe        
hard wall between rcap and rcap+dcap and uniform charge
capsid radius                  =    50.0    
capsid radius + thickness      =    62.0    
particle type                  =  cionpe    
hard wall between rcap and rcap+dcap and uniform charge
capsid radius                  =    50.0    
capsid radius + thickness      =    62.0    

**************************************************************************************************************
*                                         initial configuration data                                         *
**************************************************************************************************************

start configuration from SetConfiguration
-----------------------------------------
part. type    routine          no of unit cells (x,y,z)     lower (x,y,z)      upper (x,y,z)      shift (x,y,z)
----------    -------          ------------------------     -------------      -------------      -------------
 1  capside   capsid                  0    0    0        -500.0-500.0-500.0  500.0 500.0 500.0    0.0   0.0   0.0
 2  cioncap   randomcapsid            0    0    0        -500.0-500.0-500.0  500.0 500.0 500.0    0.0   0.0   0.0
 3  pe        random_chain_inside     0    0    0        -500.0-500.0-500.0  500.0 500.0 500.0    0.0   0.0   0.0
 4  cionpe    randomcapsid            0    0    0        -500.0-500.0-500.0  500.0 500.0 500.0    0.0   0.0   0.0

bond length scaling factor              =      1.000
minimum angle between consecutive beads =    120.000

first macrostep                =      1

**************************************************************************************************************
*                                                coordinates                                                 *
**************************************************************************************************************


particle coordinates
--------------------
particle no   particle type       com (x,y,z)              x'-axis (x,y,z)        y'-axis (x,y,z)        z'-axis (x,y,z)
-----------   -------------       -----------              ---------------        ---------------        ---------------
     1        capside         0.207    0.196  -51.999   0.307  0.864  0.399    0.592  0.155 -0.791   -0.745  0.479 -0.465
     2        capside       -20.868  -17.807   44.175  -0.670 -0.736 -0.102    0.093  0.053 -0.994    0.737 -0.675  0.033
     3        capside       -50.866  -10.780    0.673  -0.713  0.610 -0.346   -0.526 -0.140  0.839    0.463  0.780  0.421
     4        capside       -17.197  -48.730    5.800   0.255  0.697 -0.670   -0.905  0.416  0.088    0.340  0.584  0.737
     5        capside        30.302  -41.841    5.924  -0.742 -0.644  0.188    0.422 -0.666 -0.615    0.521 -0.377  0.766
     6        capside        -6.968  -15.480  -49.151  -0.610  0.510 -0.607   -0.783 -0.509  0.359   -0.126  0.693  0.710
     7        capside        -2.784  -43.404  -28.502  -0.670 -0.592  0.448   -0.233  0.740  0.631   -0.705  0.319 -0.634
     8        capside        16.909   48.712    6.728  -0.324 -0.642  0.695   -0.858 -0.109 -0.501    0.398 -0.759 -0.515
     9        capside        34.364  -10.285   37.648  -0.115 -0.751 -0.650    0.815 -0.445  0.372   -0.569 -0.487  0.663
    10        capside        33.041   30.787  -25.778   0.028  0.998 -0.052   -0.347  0.058  0.936    0.937 -0.008  0.348
    11        capside        25.527   43.589  -12.344  -0.359  0.571  0.738    0.620 -0.445  0.646    0.698  0.690 -0.194
    12        capside       -22.084  -36.067   30.257   0.201  0.974  0.100   -0.032 -0.096  0.995    0.979 -0.203  0.012
    13        capside         3.077    9.434   51.044   0.537 -0.670 -0.513   -0.656  0.052 -0.753    0.531  0.741 -0.411
    14        capside        -8.638    8.723  -50.530  -0.991 -0.017 -0.133   -0.134  0.160  0.978    0.005  0.987 -0.161
    15        capside       -51.676   -4.589   -3.536  -0.411 -0.540  0.735   -0.816  0.577 -0.033   -0.406 -0.613 -0.678
    16        capside         6.218   17.972  -48.398   0.681  0.039 -0.732   -0.365 -0.847 -0.385   -0.635  0.530 -0.562
    17        capside        13.207  -29.520  -40.720  -0.654  0.733 -0.187    0.179 -0.091 -0.980   -0.735 -0.674 -0.071
    18        capside        -8.299  -29.947   41.693  -0.893  0.146 -0.425   -0.437 -0.500  0.748   -0.103  0.854  0.510
    19        capside       -18.563  -48.567    0.842   0.028  0.655 -0.755   -0.495  0.666  0.558    0.868  0.358  0.343
    20        capside       -27.535  -41.799   14.094   0.736  0.458  0.499   -0.365 -0.353  0.862    0.570 -0.816 -0.092
    21        capside        34.881   26.975  -27.562  -0.229  0.697 -0.680    0.096  0.711  0.696    0.969  0.094 -0.230
    22        capside        49.470  -15.679    3.294  -0.898  0.411  0.157    0.198  0.059  0.978    0.393  0.910 -0.134
    23        capside       -24.984  -44.719    8.942   0.559 -0.373 -0.740   -0.655  0.349 -0.671    0.509  0.860 -0.049
    24        capside        24.789   44.904    8.551  -0.419 -0.760 -0.497    0.575  0.201 -0.793    0.702 -0.618  0.353
    25        capside         5.315  -28.225   43.349   0.531 -0.629  0.568    0.842  0.315 -0.438    0.097  0.711  0.697
    26        capside        19.688  -32.199   35.772  -0.623 -0.561  0.545    0.432  0.334  0.838   -0.652  0.758  0.034
    27        capside        20.808   26.885  -39.347  -0.346  0.364 -0.864   -0.891  0.160  0.425    0.293  0.917  0.269
    28        capside       -15.895   11.340   48.195   0.609 -0.706 -0.360   -0.423  0.095 -0.901    0.671  0.701 -0.241
    29        capside       -47.555    8.998  -19.013   0.445 -0.815 -0.371    0.106  0.459 -0.882    0.889  0.353  0.291
    30        capside         6.345   -6.661  -51.180   0.691  0.263 -0.674   -0.348 -0.696 -0.628   -0.634  0.668 -0.390
    31        capside         9.774  -33.766   38.319   0.496 -0.836  0.233   -0.081  0.223  0.971   -0.864 -0.501  0.043
    32        capside        25.216  -35.697   28.176   0.863 -0.242  0.443   -0.029 -0.900 -0.435    0.504  0.362 -0.784
    33        capside        43.819   26.027  -10.321  -0.465  0.254  0.848    0.645  0.754  0.128   -0.607  0.606 -0.514
    34        capside        31.182   40.647   -8.917  -0.359 -0.657  0.663   -0.785  0.597  0.166   -0.505 -0.461 -0.730
    35        capside       -16.459   -6.427  -48.906   0.292 -0.275  0.916    0.939  0.264 -0.221   -0.181  0.924  0.336
    36        capside       -16.403  -28.936  -39.971   0.770  0.042  0.637   -0.246  0.940  0.236   -0.588 -0.339  0.734
    37        capside       -14.586   49.724   -4.326  -0.655  0.468 -0.593   -0.695 -0.063  0.717    0.298  0.881  0.367
    38        capside       -48.331  -18.039   -6.536  -0.738  0.674 -0.037    0.057  0.008 -0.998   -0.673 -0.739 -0.045
    39        capside         6.857  -12.515  -50.003   0.169 -0.755 -0.633    0.902  0.377 -0.209    0.397 -0.536  0.745
    40        capside        -9.318  -12.204  -49.681   0.355  0.632  0.689   -0.200  0.771 -0.604   -0.913  0.077  0.401
    41        capside        20.105   40.625   25.482  -0.731 -0.163  0.663   -0.567  0.685 -0.457   -0.379 -0.710 -0.593
    42        capside        -4.930  -47.891  -19.652   0.237  0.909 -0.342   -0.207  0.392  0.897    0.949 -0.141  0.281
    43        capside         7.789   16.772   48.601   0.639 -0.235  0.732    0.244 -0.841 -0.482    0.729  0.487 -0.480
    44        capside       -38.716    9.850  -33.288   0.425 -0.380  0.821    0.534 -0.627 -0.567    0.730  0.680 -0.064
    45        capside        36.865   36.531   -3.235  -0.393 -0.566  0.725   -0.914  0.151 -0.377    0.104 -0.810 -0.577
    46        capside         1.360   42.702  -29.643  -0.444 -0.476  0.759   -0.518 -0.554 -0.652    0.731 -0.683 -0.001
    47        capside       -41.567   31.235   -0.783   0.189 -0.152  0.970    0.981 -0.010 -0.192    0.039  0.988  0.147
    48        capside       -39.875  -33.376   -0.213   0.659 -0.448  0.604    0.747  0.294 -0.596    0.090  0.844  0.529
    49        capside       -44.204  -10.661   25.226  -0.161  0.618  0.769    0.421  0.748 -0.513   -0.893  0.241 -0.381
    50        capside       -51.986   -0.420   -1.131  -0.835  0.162 -0.525    0.547  0.152 -0.823   -0.053 -0.975 -0.215
    51        capside       -40.985   15.240   28.141  -0.732  0.541 -0.415   -0.387  0.171  0.906    0.561  0.824  0.084
    52        capside        32.792   10.206   39.045   0.041 -0.240  0.970    0.566  0.806  0.175   -0.824  0.541  0.169
    53        capside       -10.535    3.208  -50.820   0.270 -0.765 -0.585    0.465 -0.429  0.775   -0.843 -0.482  0.240
    54        capside        25.112   27.791  -36.070  -0.299 -0.931  0.209    0.149  0.170  0.974   -0.943  0.322  0.088
    55        capside       -28.552   -8.935  -42.532   0.903 -0.430  0.014    0.101  0.243  0.965   -0.418 -0.870  0.263
    56        capside        23.788   30.347   34.888   0.226 -0.773  0.593   -0.297 -0.634 -0.714    0.928 -0.015 -0.373
    57        capside         2.459   46.222  -23.695   0.537  0.819  0.203    0.377 -0.018 -0.926   -0.754  0.574 -0.319
    58        capside         8.713   -7.327   50.739   0.806 -0.306  0.507    0.060 -0.809 -0.585    0.589  0.502 -0.634
    59        capside       -38.537   30.910   16.233   0.299 -0.543  0.785    0.918  0.389 -0.081   -0.262  0.744  0.614
    60        capside         4.490  -48.255  -18.850   0.449  0.718 -0.532    0.863 -0.193  0.467    0.232 -0.669 -0.706
    61        capside        12.312    6.716  -50.073  -0.053  0.276  0.960   -0.060  0.958 -0.279   -0.997 -0.072 -0.034
    62        capside        20.914    9.131   46.725   0.808  0.406  0.428   -0.307 -0.331  0.892    0.504 -0.852 -0.143
    63        capside       -21.698  -30.490  -36.105   0.486 -0.395 -0.780    0.542 -0.565  0.623   -0.686 -0.725 -0.061
    64        capside        -2.882   10.881   50.767   0.194 -0.920 -0.342    0.333 -0.266  0.905   -0.923 -0.289  0.254
    65        capside        44.135   25.619    9.985   0.135 -0.902  0.410    0.576 -0.265 -0.773    0.806  0.341  0.484
    66        capside       -10.778   16.084  -48.261  -0.309 -0.525  0.793    0.303  0.737  0.605   -0.902  0.427 -0.069
    67        capside         4.056  -50.500   11.716  -0.062 -0.787 -0.613   -0.689 -0.411  0.597   -0.723  0.460 -0.517
    68        capside       -45.029    5.560   25.407   0.600  0.605 -0.523    0.473  0.260  0.842    0.645 -0.753 -0.130
    69        capside        22.604  -42.535  -19.593   0.720 -0.042 -0.693    0.580 -0.511  0.634   -0.381 -0.858 -0.343
    70        capside        41.291  -31.095    5.672  -0.334  0.084 -0.939   -0.650  0.700  0.295    0.682  0.709 -0.179
    71        capside        16.132   40.648   28.133  -0.269 -0.873 -0.407    0.024 -0.429  0.903   -0.963  0.233  0.137
    72        capside        20.498  -40.672   25.092  -0.040  0.999  0.033   -0.203  0.024 -0.979   -0.978 -0.045  0.202
    73        capside        33.123    0.143   40.085  -0.665  0.532 -0.524   -0.611  0.017  0.792    0.430  0.847  0.313
    74        capside        10.241   25.522   44.134   0.771 -0.614 -0.169    0.595  0.599  0.536   -0.228 -0.514  0.827
    75        capside       -25.960   16.750   41.827  -0.530  0.221  0.819    0.705  0.651  0.281   -0.471  0.726 -0.501
    76        capside       -13.618  -47.646  -15.760  -0.136  0.277 -0.951    0.049  0.961  0.273    0.989 -0.009 -0.144
    77        capside        28.571   34.935   25.831   0.175 -0.631  0.755    0.171  0.775  0.608   -0.970  0.023  0.243
    78        capside        42.182   21.634  -21.369  -0.562 -0.518 -0.644    0.666  0.178 -0.724    0.490 -0.837  0.246
    79        capside        -3.797   25.391   45.220   0.494 -0.501 -0.710    0.594  0.791 -0.145    0.635 -0.350  0.689
    80        capside        23.154  -14.704  -44.178  -0.191 -0.663 -0.724   -0.517  0.694 -0.500    0.834  0.279 -0.476
    81        capside       -12.895  -12.956   48.681  -0.300 -0.025  0.954    0.667  0.709  0.228   -0.682  0.704 -0.196
    82        capside        -5.016   37.079   36.111   0.967  0.238 -0.089   -0.082 -0.042 -0.996   -0.241  0.970 -0.022
    83        capside       -16.322  -42.605   24.949   0.210  0.703  0.680    0.643  0.424 -0.637   -0.736  0.571 -0.363
    84        capside       -26.253  -33.529   29.843  -0.094 -0.990 -0.108    0.042  0.104 -0.994    0.995 -0.098  0.032
    85        capside        37.651   34.176  -10.883  -0.598  0.564  0.570    0.559 -0.217  0.801    0.575  0.797 -0.186
    86        capside       -27.986  -37.905  -21.999   0.960 -0.123  0.251   -0.218  0.233  0.948   -0.175 -0.965  0.197
    87        capside        15.207  -49.319   -6.353  -0.725 -0.386 -0.571   -0.490 -0.293  0.821   -0.484  0.875  0.023
    88        capside       -42.270   28.410  -10.493  -0.170  0.650  0.741   -0.369  0.655 -0.659   -0.914 -0.385  0.128
    89        capside       -23.083   43.201   17.460  -0.645 -0.530 -0.551   -0.757  0.541  0.366    0.104  0.653 -0.750
    90        capside        22.569  -40.669  -23.252  -0.480 -0.355  0.802    0.002  0.914  0.405   -0.877  0.196 -0.438
    91        capside        50.763    5.565   -9.804   0.098 -0.760  0.642    0.039 -0.642 -0.766    0.994  0.100 -0.033
    92        capside        51.744    2.797   -4.328  -0.747 -0.291  0.597   -0.633  0.041 -0.773    0.201 -0.956 -0.215
    93        capside       -13.565   18.672   46.598  -0.582  0.738 -0.341   -0.203  0.275  0.940    0.787  0.616 -0.010
    94        capside         6.039   37.505   35.510  -0.594 -0.590 -0.547   -0.001  0.680 -0.733    0.805 -0.435 -0.405
    95        capside        -4.932   45.193   25.244  -0.802 -0.237 -0.549    0.598 -0.292 -0.747    0.017 -0.927  0.376
    96        capside         7.618   30.375  -41.513   0.484 -0.556 -0.676    0.583 -0.372  0.722   -0.653 -0.744  0.144
    97        capside        29.433  -26.563  -33.647  -0.733 -0.599 -0.322   -0.259 -0.191  0.947   -0.628  0.778 -0.016
    98        capside        -7.988   33.103   39.298   0.930  0.092  0.356   -0.333 -0.199  0.922    0.155 -0.976 -0.154
    99        capside       -40.827  -10.783   30.346   0.185  0.673 -0.716    0.713  0.409  0.569    0.676 -0.616 -0.404
   100        capside        33.867   -7.759  -38.689  -0.520  0.846 -0.119   -0.110  0.072  0.991    0.847  0.529  0.056
   101        cioncap      -322.873  -56.206 -193.466  -0.475 -0.559  0.680    0.066 -0.792 -0.606    0.878 -0.243  0.413
   102        cioncap       297.366 -266.787  203.816  -0.340  0.745  0.574   -0.039 -0.621  0.783    0.940  0.244  0.240
   103        cioncap        47.551  -40.006  423.701   0.282 -0.951  0.124   -0.036  0.118  0.992   -0.959 -0.285 -0.000
   104        cioncap       185.617   17.568 -383.297  -0.633 -0.081 -0.770   -0.475  0.826  0.304    0.611  0.558 -0.561
   105        cioncap      -272.690  229.056 -183.855   0.915 -0.393 -0.089   -0.149 -0.125 -0.981    0.375  0.911 -0.173
   106        cioncap      -312.716  341.075 -126.372   0.104 -0.416  0.904   -0.612 -0.743 -0.271    0.784 -0.524 -0.332
   107        cioncap      -275.998   12.255  146.521   0.568 -0.112 -0.816   -0.733  0.383 -0.563    0.375  0.917  0.135
   108        cioncap      -180.148  -34.484  248.649   0.042  0.828  0.559    0.701  0.374 -0.607   -0.712  0.418 -0.565
   109        cioncap       235.617  365.887   24.435   0.158  0.522 -0.838    0.723 -0.639 -0.262   -0.672 -0.565 -0.478
   110        cioncap      -138.811  -50.702  361.158  -0.355  0.926 -0.125    0.068 -0.108 -0.992   -0.932 -0.361 -0.025
   111        cioncap      -262.310  225.583  -54.150  -0.295  0.339 -0.894   -0.790 -0.612  0.029   -0.537  0.715  0.448
   112        cioncap      -119.032  126.183 -100.687   0.746  0.495  0.446    0.010 -0.678  0.735    0.666 -0.544 -0.511
   113        cioncap      -435.132   31.694 -143.444   0.711 -0.205  0.673   -0.315 -0.948  0.044    0.629 -0.243 -0.739
   114        cioncap      -309.671  324.913 -116.925   0.106 -0.368  0.924    0.186  0.920  0.345   -0.977  0.135  0.166
   115        cioncap       -45.687   40.516 -226.588  -0.375  0.915 -0.148   -0.920 -0.349  0.177    0.110  0.203  0.973
   116        cioncap      -142.175 -169.640    7.770  -0.002  0.823  0.568    0.093  0.565 -0.820   -0.996  0.051 -0.078
   117        cioncap       210.834 -317.446  253.308  -0.114 -0.993  0.025   -0.009 -0.024 -1.000    0.993 -0.114 -0.007
   118        cioncap       131.075 -401.945  -84.526   0.467 -0.447 -0.763   -0.567  0.511 -0.646    0.679  0.734 -0.015
   119        cioncap         3.094 -231.567 -216.884  -0.019  0.760  0.650    0.176  0.642 -0.746   -0.984  0.100 -0.146
   120        cioncap       162.631  246.709 -197.758  -0.646 -0.760 -0.073    0.200 -0.076 -0.977    0.737 -0.646  0.201
   121        cioncap      -180.164 -290.740 -130.583   0.493  0.594 -0.635   -0.527 -0.377 -0.762   -0.692  0.711  0.128
   122        cioncap        97.614  319.146  103.909  -0.610  0.328 -0.722    0.781  0.092 -0.618   -0.136 -0.940 -0.312
   123        cioncap      -429.782   96.923  193.659   0.774 -0.240  0.586    0.531  0.750 -0.394   -0.345  0.616  0.708
   124        cioncap       382.659 -172.639 -251.170   0.710  0.055 -0.702    0.658  0.303  0.689    0.251 -0.952  0.178
   125        cioncap        11.231 -319.261   48.832  -0.721  0.674  0.161   -0.107  0.121 -0.987   -0.685 -0.728 -0.016
   126        cioncap       136.114 -338.489 -268.352   0.067 -0.220  0.973    0.765 -0.615 -0.192    0.641  0.757  0.127
   127        cioncap       -52.511  257.122  328.419   0.920  0.064  0.386    0.353  0.290 -0.890   -0.169  0.955  0.244
   128        cioncap      -177.952  281.330 -240.617   0.297 -0.656 -0.694    0.249 -0.648  0.720   -0.922 -0.386 -0.029
   129        cioncap       289.690  238.813 -221.767   0.633 -0.379  0.676    0.493 -0.476 -0.728    0.597  0.794 -0.115
   130        cioncap      -353.190  239.876 -115.227   0.815  0.113 -0.568   -0.579  0.147 -0.802   -0.007  0.983  0.186
   131        cioncap       159.889  140.111  -31.469  -0.541 -0.587 -0.603   -0.143 -0.641  0.754   -0.829  0.494  0.262
   132        cioncap       -99.907 -197.078 -401.282  -0.690 -0.711 -0.137    0.475 -0.588  0.655   -0.546  0.387  0.743
   133        cioncap       195.365 -157.371  369.983  -0.457  0.872 -0.175   -0.104  0.144  0.984    0.883  0.468  0.025
   134        cioncap       -88.079   68.177 -234.561  -0.642  0.261 -0.721   -0.717 -0.537  0.444   -0.272  0.802  0.532
   135        cioncap       -14.992 -173.039  321.592   0.551  0.594  0.586   -0.589  0.774 -0.232   -0.591 -0.217  0.777
   136        cioncap       371.488  135.378 -168.183   0.600 -0.614 -0.513    0.613 -0.059  0.788   -0.514 -0.787  0.341
   137        cioncap        85.146 -255.367  -85.740  -0.514  0.599  0.614    0.050  0.736 -0.675   -0.856 -0.316 -0.408
   138        cioncap       345.429  -87.168 -274.615   0.561  0.002 -0.828    0.809  0.209  0.549    0.174 -0.978  0.116
   139        cioncap      -197.681  -92.674  157.891  -0.024  0.717 -0.697   -0.089  0.693  0.715    0.996  0.080  0.047
   140        cioncap       443.276  -18.288 -198.472   0.424 -0.588 -0.689    0.745 -0.206  0.634   -0.515 -0.782  0.351
   141        cioncap       260.856  390.446  103.368  -0.192 -0.742  0.642    0.240 -0.670 -0.702    0.952  0.020  0.307
   142        cioncap      -260.082   57.818  120.859   0.543  0.458 -0.704    0.840 -0.286  0.462    0.010 -0.842 -0.539
   143        cioncap      -382.356   40.592   -4.521   0.384 -0.654  0.652   -0.049  0.690  0.722   -0.922 -0.309  0.233
   144        cioncap       -63.533  -56.453 -153.797  -0.366  0.280 -0.888    0.220  0.953  0.210    0.904 -0.118 -0.410
   145        cioncap      -308.868  247.229  171.456   0.383  0.545 -0.746   -0.181 -0.747 -0.639   -0.906  0.380 -0.188
   146        cioncap      -137.398 -313.856    2.879   0.542 -0.231  0.808   -0.825  0.035  0.564   -0.158 -0.972 -0.172
   147        cioncap       175.064  255.659 -212.835   0.349 -0.934 -0.076   -0.242 -0.011 -0.970    0.905  0.357 -0.230
   148        cioncap      -141.103   82.048  -90.074  -0.038 -0.904 -0.427    0.041 -0.428  0.903   -0.998  0.017  0.053
   149        cioncap      -411.579  -65.220 -195.979   0.540  0.820  0.192    0.241  0.068 -0.968   -0.806  0.569 -0.161
   150        cioncap       125.753   -4.524  227.499  -0.959  0.240  0.150   -0.142  0.050 -0.989   -0.245 -0.969 -0.014
   151        cioncap      -236.167 -216.823  -36.410   0.929  0.082  0.360   -0.333 -0.234  0.914    0.159 -0.969 -0.190
   152        cioncap      -179.981 -348.433 -244.106   0.186  0.781  0.596    0.503  0.445 -0.741   -0.844  0.437 -0.310
   153        cioncap      -259.358 -285.681  244.098  -0.379 -0.705 -0.599   -0.923  0.331  0.195    0.061  0.627 -0.776
   154        cioncap      -292.146  254.226 -266.704  -0.872 -0.204 -0.445   -0.058 -0.860  0.508   -0.486  0.468  0.738
   155        cioncap       -17.532  -29.296 -286.715  -0.781  0.407  0.474   -0.273  0.460 -0.845   -0.562 -0.789 -0.248
   156        cioncap      -106.643  432.453 -121.166  -0.301 -0.545 -0.782    0.559  0.564 -0.608    0.772 -0.621  0.135
   157        cioncap      -325.470  157.637  -92.688  -0.189 -0.634  0.750    0.073 -0.771 -0.633    0.979 -0.065  0.191
   158        cioncap        29.529   35.752  149.523   0.669  0.445  0.596   -0.398 -0.464  0.792    0.628 -0.766 -0.133
   159        cioncap       394.227  -76.102 -257.597   0.170 -0.984 -0.042    0.008 -0.041  0.999   -0.985 -0.171  0.001
   160        cioncap       184.888  296.150  160.605  -0.580  0.398  0.711   -0.782 -0.517 -0.349    0.228 -0.758  0.611
   161        cioncap       -27.153  189.858  237.695  -0.388 -0.690 -0.611   -0.700 -0.210  0.682   -0.599  0.693 -0.402
   162        cioncap      -262.527 -267.904  232.339  -0.759 -0.651  0.004    0.010 -0.004  1.000   -0.651  0.759  0.009
   163        cioncap      -129.587  339.298  292.051   0.514  0.675 -0.528   -0.762  0.078 -0.642   -0.392  0.733  0.555
   164        cioncap       264.068   54.897  130.370   0.718 -0.331 -0.612    0.134  0.929 -0.345    0.683  0.166  0.711
   165        cioncap       -11.886 -217.711 -310.883  -0.487 -0.773 -0.406    0.867 -0.369 -0.336    0.110 -0.515  0.850
   166        cioncap       -90.570    7.729  333.096  -0.934 -0.347 -0.086    0.067  0.067 -0.995    0.351 -0.936 -0.039
   167        cioncap      -129.384 -406.166    2.617   0.346 -0.227 -0.910   -0.793 -0.590 -0.154   -0.502  0.775 -0.384
   168        cioncap      -210.833  335.799   -5.731  -0.386  0.917 -0.104   -0.098  0.072  0.993    0.917  0.393  0.062
   169        cioncap      -231.153  439.237    6.607   0.947 -0.029 -0.320    0.311 -0.170  0.935   -0.082 -0.985 -0.152
   170        cioncap      -174.548   38.584 -297.005   0.413  0.322  0.852    0.582 -0.813  0.025    0.700  0.486 -0.523
   171        cioncap       445.761  -49.096  190.612   0.628 -0.702  0.336    0.358 -0.123 -0.926    0.691  0.702  0.174
   172        cioncap        16.143 -311.481  208.218  -0.637 -0.755  0.154   -0.086 -0.129 -0.988    0.766 -0.642  0.018
   173        cioncap      -425.558   46.051 -170.750   0.272 -0.874  0.402   -0.313  0.315  0.896   -0.910 -0.369 -0.188
   174        cioncap        82.736  -24.875 -165.033   0.782  0.051 -0.621   -0.623  0.037 -0.781   -0.017  0.998  0.061
   175        cioncap       256.851  -41.345 -117.371  -0.599  0.674 -0.431   -0.046 -0.567 -0.823   -0.799 -0.473  0.371
   176        cioncap       -88.811  303.206 -331.235   0.545 -0.580 -0.606    0.787  0.603  0.130    0.290 -0.547  0.785
   177        cioncap      -257.548 -179.848 -215.374   0.620 -0.584 -0.525   -0.669 -0.742  0.035   -0.410  0.329 -0.850
   178        cioncap       170.065 -159.967 -392.083  -0.870  0.157 -0.468   -0.491 -0.353  0.796   -0.040  0.922  0.384
   179        cioncap       -76.024   -1.250 -113.952  -0.261  0.783 -0.565   -0.249 -0.620 -0.744   -0.933 -0.053  0.357
   180        cioncap      -232.994 -173.429   53.599   0.360 -0.637 -0.682    0.205 -0.659  0.724   -0.910 -0.400 -0.106
   181        cioncap      -190.090   28.445 -406.868  -0.423  0.702  0.572   -0.220  0.533 -0.817   -0.879 -0.471 -0.071
   182        cioncap       -54.197  125.027  314.884  -0.695 -0.712 -0.104   -0.069 -0.078  0.995   -0.716  0.698  0.005
   183        cioncap       -46.313  -32.068  118.628   0.945 -0.326 -0.030   -0.300 -0.829 -0.472    0.129  0.455 -0.881
   184        cioncap      -116.580 -417.166   47.895   0.709 -0.584 -0.395    0.453 -0.052  0.890   -0.540 -0.810  0.228
   185        cioncap       248.134 -272.691  225.100   0.451 -0.564 -0.692    0.605 -0.377  0.702   -0.657 -0.735  0.172
   186        cioncap      -397.098 -111.521  -36.088   0.867  0.479 -0.140    0.294 -0.263  0.919    0.403 -0.838 -0.369
   187        cioncap      -402.621   31.455   11.482  -0.471  0.580  0.664    0.609  0.759 -0.231   -0.638  0.296 -0.711
   188        cioncap       423.511   17.410   73.881  -0.921 -0.211 -0.328    0.390 -0.515 -0.763   -0.008 -0.831  0.557
   189        cioncap       269.981  181.712  198.579  -0.957 -0.222  0.186    0.249 -0.301  0.921   -0.148  0.928  0.343
   190        cioncap      -221.732    4.951 -349.896   0.915 -0.145  0.377    0.335 -0.248 -0.909    0.226  0.958 -0.179
