**************************************************************************************************************
**************************************************************************************************************
**                                                                                                          **
**                                                                                                          **
**                                                  Molsim                                                  **
**                                                                                                          **
**                  integrated md/mc/bd simulation program belonging to the molsim package                  **
**                                                                                                          **
**                                          version 6.4.7, v2.2.0                                           **
**                                                                                                          **
**                                                                                                          **
**                                                Per Linse                                                 **
**                                            Physical Chemistry                                            **
**                                         Department of Chemistry                                          **
**                                             Lund University                                              **
**                                               P.O. Box 124                                               **
**                                          S-221 00 Lund, SWEDEN                                           **
**                                                                                                          **
**                                                                                                          **
**                                         with contributions from                                          **
**                                                                                                          **
**                  Anna Akinchina, Fredrik Carlsson, Samuel Edgecombe, Yoshikatsu Hayashi                  **
**          Pascal Hebbeker, Cornelius Hofzumahaus, Niklas Källrot, Björn Linse, Vladimir Lobaskin          **
**               Thomas M. Nymand, Alberto Pais, Jurij Rescic, Stefanie Schneider, Marie Skepö              **
**          Joakim Stenhammar, Anders Wallqvist, Jos van Rijssel, Erik Wernersson, Per-Olof Åstrand         **
**                                                                                                          **
**                                                                                                          **
**************************************************************************************************************
**************************************************************************************************************
 
2017-01-05     15:53:05

**************************************************************************************************************
*                                                                                                            *
*                                            i n p u t   d a t a                                             *
*                                                                                                            *
**************************************************************************************************************


**************************************************************************************************************
*                                            general information                                             *
**************************************************************************************************************


title   : 1 pe and their counterions + 1 capsid and their counterions                               

key data: mode           : simulation
          method         : mc   
          ensemble       : nvt
          boundary cond. : sph
          start          : setconf 


number of time steps/passes           1  *        10  =         10

temperature                    =     298.000
pressure                       =       0.101
spherical cell radius          =     500.000
volume                         =   0.524E+09

seed of random generator       =           1

optional subroutine used
------------------------
   ControlAver
   MainAver
   DistFunc
   Group
   Static

parameters controlling the output interval (0 = no)
-------------------------------------------------
   itest              0
   ipart              1
   iatom              0
   iaver              0
   ishow              1
   iplot              0
   ilist              1

external units
--------------
number        generic name        file name
------        ------------        ---------
   1               fin            FIN       
   2               fout           FOUT      
   3               fcnf           FCNF      
   8               flist          FLIST     

**************************************************************************************************************
*                                                   units                                                    *
**************************************************************************************************************

quantity                unit
--------                ----
length              1.000E-10 m
mass                1.000E-03 kg/mol
temperature         1.000E+00 k
time                1.000E-12 s
energy              1.000E+03 j/mol
heat capacity       1.000E+00 j/mol*k
diff. coeff.        1.000E-09 m**2/s
pressure            1.000E+06 pa
volume              1.000E-30 m**3
linear vel.         1.000E+02 m/s
linear acc.         1.000E+14 m/s**2
force               1.000E+11 n/mol
moment of inertia   1.000E-23 kg*m**2/mol
angle               1.745E-02 rad

**************************************************************************************************************
*                                               particle data                                                *
**************************************************************************************************************

charged atoms enabled

number of chains               =       1
number of particles            =     400
number of atoms                =     400
number of chains types         =       1     (     10 )
number of particle types       =       4     (     10 )
number of atom types           =       4     (     10 )

chain type         no of chains             topology  npptct(1,ict)  npptct(2,ict)  npptct(3,ict)  npptct(4,ict)
----------         ------------             --------  -------------  -------------  -------------  -------------
100-mer                1                    block         0             0           100             0

particle       no        atom     no     mass    hard core    no of unit   weak      pK        sigma    epsilon  zatalpha
                                                 radius       charges      charge                              
--------       --        ----     --     ----    ---------    ----------   ------    --        -----    -------  --------
capside       100
                         capsid   1     10.000    2.000        1.0000        F      0.0000     0.0000    0.0000    0.0000
cioncap       100
                         cionca   1     10.000    2.000       -1.0000        F      0.0000     0.0000    0.0000    0.0000
pe            100
                         bead     1     10.000    2.000       -1.0000        F      0.0000     0.0000    0.0000    0.0000
cionpe        100
                         cionpe   1     10.000    2.000        1.0000        F      0.0000     0.0000    0.0000    0.0000

molecular input frame: capside   
---------------------- -------

atom               coordinate (x,y,z)
----               ------------------
capside      0.00000   0.00000   0.00000

principal axis frame: capside   
--------------------- -------

atom               coordinate (x,y,z)
----               ------------------
capside      0.00000   0.00000   0.00000

molecular input frame: cioncap   
---------------------- -------

atom               coordinate (x,y,z)
----               ------------------
cioncap      0.00000   0.00000   0.00000

principal axis frame: cioncap   
--------------------- -------

atom               coordinate (x,y,z)
----               ------------------
cioncap      0.00000   0.00000   0.00000

molecular input frame: pe        
---------------------- --

atom               coordinate (x,y,z)
----               ------------------
pebead       0.00000   0.00000   0.00000

principal axis frame: pe        
--------------------- --

atom               coordinate (x,y,z)
----               ------------------
pebead       0.00000   0.00000   0.00000

molecular input frame: cionpe    
---------------------- ------

atom               coordinate (x,y,z)
----               ------------------
cionpe       0.00000   0.00000   0.00000

principal axis frame: cionpe    
--------------------- ------

atom               coordinate (x,y,z)
----               ------------------
cionpe       0.00000   0.00000   0.00000

particle             mass           moment of inertia (x,y,z)        maximal atom-com distance
--------             ----           -------------------------        -------------------------
capside            10.000          0.000     0.000     0.000             0.000
cioncap            10.000          0.000     0.000     0.000             0.000
pe                 10.000          0.000     0.000     0.000             0.000
cionpe             10.000          0.000     0.000     0.000             0.000

**************************************************************************************************************
*                                          two-body potential data                                           *
**************************************************************************************************************

rcut                           =    1000.000
utoltab                        =   0.100E-04
ftoltab                        =   0.100E-04
umaxtab                        =   0.200E+05
fmaxtab                        =   0.200E+05

monoatomic energy and force routines

relative permittivity          =   78.400000

system net charge based on zat =    0.00    

particle pair              potential
-------------              ---------
capside-capside              default             
capside-cioncap              default             
capside-pe                   default             
capside-cionpe               default             
cioncap-cioncap              default             
cioncap-pe                   default             
cioncap-cionpe               default             
pe-pe                        default             
pe-cionpe                    default             
cionpe-cionpe                default             

atom pair         energy coefficients (ipot and ucoff)
---------         ------------------------------------
capside-capside        1  0.177214E+02
capside-cioncap        1 -0.177214E+02
capside-bead           1 -0.177214E+02
capside-cionpe         1  0.177214E+02
cioncap-cioncap        1  0.177214E+02
cioncap-bead           1  0.177214E+02
cioncap-cionpe         1 -0.177214E+02
bead-bead              1  0.177214E+02
bead-cionpe            1 -0.177214E+02
cionpe-cionpe          1  0.177214E+02

number of 1/r coefficients than has been changed/added based on zat = 10

specification of two-body potential tables
------------------------------------------
atom pair          no of grids         iubuflow       rumin     rumax
---------          -----------         --------       -----     -----
capside-capsid        74                   1          0.316  1100.000
capside-cionca        74                 889          0.316  1100.000
capside-bead          74                1777          0.316  1100.000
capside-cionpe        74                2665          0.316  1100.000
cioncap-cionca        74                3553          0.316  1100.000
cioncap-bead          74                4441          0.316  1100.000
cioncap-cionpe        74                5329          0.316  1100.000
bead-bead             74                6217          0.316  1100.000
bead-cionpe           74                7105          0.316  1100.000
cionpe-cionpe         74                7993          0.316  1100.000

nbuf (needed, allocated)        =       8881      9000

**************************************************************************************************************
*                                               ipotchain data                                               *
**************************************************************************************************************

bond: force constant           =         2.40880
bond: power                    =               2
bond: eqilibrium separation    =         5.00000
angle: force constant          =         0.07390
angle: power                   =               2
angle: eqilibrium separation   =       180.00000
itestpotchain                  =               0

**************************************************************************************************************
*                                          external potential data                                           *
**************************************************************************************************************

particle type                  =  capside   
particle type                  =  cioncap   
hard wall between rcap and rcap+dcap
capsid radius                  =    50.0    
capsid radius + thickness      =    62.0    
particle type                  =  pe        
hard wall between rcap and rcap+dcap
capsid radius                  =    50.0    
capsid radius + thickness      =    62.0    
particle type                  =  cionpe    
hard wall between rcap and rcap+dcap
capsid radius                  =    50.0    
capsid radius + thickness      =    62.0    

**************************************************************************************************************
*                                         initial configuration data                                         *
**************************************************************************************************************

start configuration from SetConfiguration
-----------------------------------------
part. type    routine          no of unit cells (x,y,z)     lower (x,y,z)      upper (x,y,z)      shift (x,y,z)
----------    -------          ------------------------     -------------      -------------      -------------
 1  capside   capsid                  0    0    0        -500.0-500.0-500.0  500.0 500.0 500.0    0.0   0.0   0.0
 2  cioncap   randomcapsid            0    0    0        -500.0-500.0-500.0  500.0 500.0 500.0    0.0   0.0   0.0
 3  pe        random_chain_inside     0    0    0        -500.0-500.0-500.0  500.0 500.0 500.0    0.0   0.0   0.0
 4  cionpe    randomcapsid            0    0    0        -500.0-500.0-500.0  500.0 500.0 500.0    0.0   0.0   0.0

bond length scaling factor              =      1.000
minimum angle between consecutive beads =    120.000

first macrostep                =      1

**************************************************************************************************************
*                                                coordinates                                                 *
**************************************************************************************************************


particle coordinates
--------------------
particle no   particle type       com (x,y,z)              x'-axis (x,y,z)        y'-axis (x,y,z)        z'-axis (x,y,z)
-----------   -------------       -----------              ---------------        ---------------        ---------------
     1        capside       -19.877   38.627  -28.581   0.128  0.602 -0.788    0.660 -0.645 -0.385   -0.740 -0.471 -0.480
     2        capside        11.792  -11.283  -49.373   0.830  0.522  0.198   -0.209 -0.038  0.977    0.517 -0.852  0.078
     3        capside         4.582   50.442   11.771   0.677 -0.151  0.720   -0.294  0.842  0.453   -0.674 -0.518  0.526
     4        capside       -24.882  -24.391   38.600   0.751  0.395 -0.530   -0.218  0.905  0.366    0.624 -0.159  0.765
     5        capside        40.567  -32.453    2.254  -0.358  0.668 -0.652   -0.164  0.643  0.748    0.919  0.375 -0.121
     6        capside       -24.380   39.437   23.546  -0.978  0.058 -0.198    0.201  0.042 -0.979   -0.049 -0.997 -0.053
     7        capside        39.391  -23.179   24.801  -0.108 -0.786  0.608   -0.167  0.618  0.768   -0.980 -0.019 -0.199
     8        capside        16.906  -49.165   -1.006  -0.568  0.697 -0.437   -0.321  0.302  0.898    0.758  0.650  0.052
     9        capside       -19.741   27.513  -39.463  -0.899 -0.291 -0.327    0.421 -0.778 -0.466   -0.119 -0.557  0.822
    10        capside        16.968  -29.443   39.360  -0.526 -0.213  0.823   -0.817  0.396 -0.419   -0.237 -0.893 -0.382
    11        capside         1.725  -27.881  -43.860   0.473  0.764  0.440    0.308  0.324 -0.894   -0.826  0.558 -0.082
    12        capside       -29.118  -42.742    5.411  -0.035 -0.532  0.846   -0.556 -0.693 -0.458    0.831 -0.486 -0.271
    13        capside       -15.074   13.305  -47.956   0.128  0.770  0.625   -0.132 -0.612  0.780    0.983 -0.182  0.024
    14        capside         2.463  -38.373   35.006  -0.736 -0.673  0.069   -0.020 -0.081 -0.997    0.677 -0.735  0.046
    15        capside       -24.720   44.850   -9.023   0.928  0.325 -0.183    0.359 -0.911  0.203   -0.101 -0.254 -0.962
    16        capside        23.681  -13.383  -44.318  -0.680 -0.321  0.659   -0.545 -0.381 -0.747    0.491 -0.867  0.084
    17        capside       -46.775  -20.292   10.213  -0.899 -0.067  0.433    0.232  0.765  0.601   -0.371  0.641 -0.672
    18        capside       -35.640  -28.076   25.406   0.137  0.431 -0.892    0.639 -0.727 -0.253   -0.757 -0.535 -0.374
    19        capside       -25.634  -45.042    4.253   0.964 -0.110  0.243    0.223 -0.167 -0.960    0.146  0.980 -0.136
    20        capside       -19.006   -9.715   47.417   0.776 -0.179  0.605   -0.612 -0.445  0.654    0.153 -0.877 -0.455
    21        capside        28.186  -38.089  -21.418   0.699  0.705  0.124   -0.562  0.648 -0.514   -0.442  0.289  0.849
    22        capside         9.088   34.345  -37.971  -0.237 -0.352  0.905   -0.887 -0.302 -0.350    0.396 -0.886 -0.241
    23        capside       -38.566  -21.729   27.286   0.786 -0.363 -0.501    0.546  0.027  0.837   -0.290 -0.931  0.219
    24        capside       -24.625    7.105  -45.245   0.287 -0.469  0.835    0.398 -0.735 -0.550    0.871  0.490 -0.024
    25        capside        41.059   21.060   23.971  -0.845  0.099 -0.526   -0.194 -0.973  0.128   -0.499  0.210  0.841
    26        capside        41.581    7.784   30.240  -0.230  0.852  0.470    0.953  0.101  0.285    0.195  0.513 -0.836
    27        capside       -14.780    0.254  -49.855   0.339  0.810  0.479   -0.012 -0.505  0.863    0.941 -0.298 -0.161
    28        capside       -32.701   35.681  -19.013   0.769 -0.629 -0.114   -0.114  0.041 -0.993    0.629  0.777 -0.041
    29        capside       -45.648   -3.308   24.684   0.958 -0.274 -0.086    0.047 -0.144  0.988   -0.283 -0.951 -0.125
    30        capside        47.422  -16.104   13.993  -0.212 -0.915  0.342   -0.369  0.399  0.839   -0.905  0.052 -0.422
    31        capside        32.941   35.884   18.200  -0.757  0.496 -0.426   -0.570 -0.180  0.802    0.321  0.850  0.418
    32        capside       -23.940   18.068  -42.478  -0.548 -0.326  0.770    0.721  0.283  0.632   -0.424  0.902  0.081
    33        capside        49.690   -3.426  -14.937   0.690 -0.723  0.025    0.102  0.064 -0.993    0.716  0.688  0.118
    34        capside        23.212   46.444   -2.853   0.630  0.663  0.406   -0.764  0.622  0.170   -0.140 -0.417  0.898
    35        capside       -10.366   -3.228   50.854   0.663  0.408 -0.628   -0.729  0.542 -0.417    0.170  0.734  0.657
    36        capside       -38.120   35.074   -4.548  -0.343  0.667 -0.662    0.218 -0.629 -0.746   -0.914 -0.400  0.070
    37        capside        -8.326   17.273  -48.335   0.226  0.585  0.779   -0.382 -0.682  0.623    0.896 -0.438  0.069
    38        capside       -46.256   -6.506  -22.849  -0.905 -0.425 -0.037    0.397 -0.871  0.289   -0.155  0.246  0.957
    39        capside       -33.584   37.518  -12.981  -0.136 -0.339 -0.931   -0.117  0.938 -0.325    0.984  0.065 -0.167
    40        capside        40.639   -4.026   32.192  -0.081 -0.565 -0.821    0.628  0.611 -0.482    0.774 -0.555  0.306
    41        capside        13.981   49.851    4.839  -0.446  0.895  0.012    0.009 -0.008  1.000    0.895  0.446 -0.005
    42        capside       -29.245  -22.150  -36.852  -0.351 -0.232  0.907   -0.936  0.057 -0.348    0.028 -0.971 -0.237
    43        capside        -3.508   -2.720   51.810   0.820  0.339  0.461   -0.405 -0.226  0.886    0.404 -0.913 -0.048
    44        capside         0.946   11.232  -50.764   0.608 -0.769 -0.195   -0.534 -0.579  0.617   -0.587 -0.271 -0.763
    45        capside         5.704  -48.858   16.864  -0.257  0.632  0.731    0.933  0.361  0.016   -0.254  0.686 -0.682
    46        capside        -3.235    1.456  -51.879   0.425  0.611 -0.668    0.877 -0.462  0.135   -0.226 -0.643 -0.732
    47        capside         0.297   -7.695  -51.427  -0.408 -0.308 -0.859    0.896 -0.316 -0.313   -0.175 -0.897  0.405
    48        capside        41.197    3.605  -31.524   0.928  0.373  0.022   -0.064  0.099  0.993    0.368 -0.923  0.116
    49        capside        51.760    1.022    4.888   0.263 -0.886  0.382    0.712  0.445  0.543   -0.651  0.129  0.748
    50        capside       -50.418  -12.075   -4.023   0.800  0.241  0.549    0.146  0.809 -0.569   -0.582  0.536  0.612
    51        capside       -17.027   47.982  -10.573  -0.633  0.499  0.592   -0.731 -0.131 -0.670   -0.257 -0.857  0.447
    52        capside       -26.708   35.827   26.591   0.658 -0.534 -0.531   -0.117 -0.769  0.629   -0.744 -0.352 -0.568
    53        capside        -8.271   11.497  -50.034   0.079 -0.784 -0.616   -0.344  0.559 -0.755    0.936  0.271 -0.225
    54        capside       -46.805   22.233   -4.359   0.661 -0.749  0.044   -0.034  0.028  0.999   -0.750 -0.662 -0.007
    55        capside        34.051   -6.447   38.768  -0.692 -0.688 -0.220    0.174  0.138 -0.975    0.701 -0.713  0.024
    56        capside        30.107   11.454   40.821   0.157 -0.986 -0.052    0.026  0.057 -0.998    0.987  0.156  0.034
    57        capside       -44.372  -24.090  -12.441   0.166 -0.118 -0.979   -0.965  0.184 -0.186    0.202  0.976 -0.083
    58        capside         5.347   -7.348   51.200   0.417 -0.752  0.510   -0.791 -0.577 -0.204    0.448 -0.318 -0.835
    59        capside        -6.141  -48.793   16.898  -0.630 -0.686  0.364    0.766 -0.625  0.148    0.126  0.372  0.920
    60        capside       -40.508  -12.345   30.178  -0.371  0.928  0.041   -0.448 -0.218  0.867    0.814  0.303  0.496
    61        capside       -37.290  -33.543   13.723  -0.320  0.910  0.263    0.415  0.385 -0.824   -0.852 -0.155 -0.501
    62        capside       -37.217    9.837   34.959   0.217 -0.576  0.788    0.899  0.432  0.069   -0.380  0.694  0.612
    63        capside        -5.946   50.663  -10.096   0.450 -0.595  0.666   -0.880 -0.422  0.218    0.152 -0.684 -0.713
    64        capside        34.145   39.176    1.838  -0.257 -0.805 -0.535   -0.515  0.582 -0.629    0.818  0.114 -0.564
    65        capside        44.048  -23.951  -13.787  -0.776  0.332 -0.536   -0.616 -0.220  0.756    0.133  0.917  0.375
    66        capside         2.206  -50.272  -13.109  -0.675  0.668 -0.315   -0.471 -0.062  0.880    0.568  0.742  0.356
    67        capside         9.349    5.009  -50.907  -0.821 -0.395  0.412   -0.212 -0.459 -0.863    0.530 -0.796  0.294
    68        capside        16.968   45.630   18.276   0.594  0.194  0.781   -0.805  0.147  0.575   -0.003 -0.970  0.244
    69        capside        31.729  -40.336    8.384  -0.692 -0.593  0.412   -0.216 -0.375 -0.902    0.689 -0.713  0.132
    70        capside        41.609   23.527  -20.474   0.617 -0.575  0.538   -0.784 -0.392  0.481   -0.066 -0.718 -0.692
    71        capside        43.950  -26.443    8.552   0.945 -0.282  0.163   -0.135  0.119  0.984   -0.297 -0.952  0.074
    72        capside       -51.839    2.464   -3.264  -0.154  0.737 -0.658    0.897 -0.174 -0.406   -0.414 -0.653 -0.634
    73        capside        45.823   -5.454  -23.968  -0.520 -0.804 -0.288   -0.202 -0.211  0.956   -0.830  0.556 -0.053
    74        capside        -6.366   31.110  -41.178  -0.486 -0.561  0.670   -0.275 -0.630 -0.726    0.830 -0.537  0.152
    75        capside        41.370  -10.623   29.660   0.304 -0.856 -0.418    0.052  0.453 -0.890    0.951  0.249  0.182
    76        capside        26.337   35.064  -27.945   0.932  0.348  0.096   -0.086 -0.043  0.995    0.351 -0.936 -0.011
    77        capside       -48.967  -17.373   -2.100  -0.637 -0.165 -0.753   -0.727  0.453  0.516    0.256  0.876 -0.408
    78        capside       -45.812  -23.737    6.465  -0.271 -0.635  0.724    0.751  0.331  0.572   -0.603  0.698  0.387
    79        capside         5.535   16.352   49.051   0.139  0.990 -0.012   -0.006  0.013  1.000    0.990 -0.139  0.008
    80        capside        21.838  -31.254   35.360   0.780  0.422  0.463    0.617 -0.392 -0.682   -0.107  0.818 -0.566
    81        capside        -8.826   -1.731  -51.216  -0.153 -0.865  0.478   -0.678  0.444  0.586   -0.719 -0.234 -0.654
    82        capside        48.421   18.920    1.217  -0.721  0.469  0.510    0.620  0.108  0.777    0.309  0.877 -0.369
    83        capside        30.807  -13.365   39.703   0.970  0.094  0.224    0.232 -0.088 -0.969   -0.072  0.992 -0.107
    84        capside        32.781   39.988    5.510  -0.587 -0.338 -0.736   -0.415  0.906 -0.085    0.695  0.255 -0.672
    85        capside       -31.789   16.139   37.855  -0.607 -0.166 -0.777    0.578  0.579 -0.575    0.546 -0.798 -0.255
    86        capside        23.075  -41.269  -21.643   0.886  0.462  0.016   -0.006  0.046 -0.999   -0.463  0.885  0.043
    87        capside       -12.533   32.734  -38.411   0.319 -0.702  0.637    0.948  0.245 -0.204   -0.013  0.669  0.744
    88        capside       -39.109  -25.371   23.038   0.077  0.721 -0.689   -0.461  0.639  0.616    0.884  0.270  0.381
    89        capside        33.155  -17.536  -36.018  -0.601 -0.100 -0.793   -0.276  0.957  0.088    0.750  0.272 -0.603
    90        capside        23.711   40.940   21.580   0.957 -0.281  0.070    0.077  0.013 -0.997    0.280  0.960  0.034
    91        capside       -34.431  -13.325  -36.619  -0.705  0.100 -0.702   -0.686 -0.347  0.639   -0.180  0.933  0.313
    92        capside        48.519    8.926  -16.438  -0.440  0.888 -0.136    0.133 -0.086 -0.987   -0.888 -0.452 -0.080
    93        capside       -51.240   -8.606   -2.088   0.654  0.631 -0.417   -0.112 -0.464 -0.879   -0.748  0.621 -0.233
    94        capside        43.609    0.610   28.318  -0.564  0.560 -0.607   -0.009 -0.739 -0.674   -0.826 -0.374  0.421
    95        capside       -36.878  -35.157  -10.393  -0.334  0.604 -0.724    0.296  0.796  0.527    0.895 -0.038 -0.445
    96        capside       -21.255   47.440    1.295  -0.286  0.881  0.377    0.350  0.462 -0.815   -0.892 -0.101 -0.440
    97        capside        28.514  -15.569  -40.602   0.390  0.888  0.243   -0.228 -0.163  0.960    0.892 -0.430  0.139
    98        capside       -38.449  -34.891    2.886   0.674  0.519 -0.526    0.336  0.419  0.844    0.658 -0.745  0.108
    99        capside       -40.049   17.217  -28.348  -0.607  0.767 -0.209   -0.091  0.194  0.977    0.790  0.612 -0.048
   100        capside         2.654   51.622   -5.668   0.715 -0.695  0.076    0.015  0.125  0.992   -0.699 -0.708  0.100
   101        cioncap       299.558  -58.020  -44.997  -0.532 -0.612  0.586    0.466  0.366  0.806   -0.707  0.701  0.090
   102        cioncap      -265.530 -380.194   13.891  -0.529  0.015  0.848   -0.736 -0.505 -0.450    0.422 -0.863  0.279
   103        cioncap       130.285 -110.695 -325.370   0.316 -0.694  0.647    0.583  0.680  0.445   -0.749  0.236  0.619
   104        cioncap       -94.441 -201.018 -436.575   0.389 -0.728 -0.564    0.918  0.361  0.166    0.083 -0.582  0.809
   105        cioncap      -231.700 -252.819  226.002   0.683  0.582 -0.440    0.473  0.106  0.875    0.556 -0.806 -0.203
   106        cioncap      -166.027 -280.998  372.801  -0.052  0.182  0.982    0.999  0.007  0.051    0.002  0.983 -0.182
   107        cioncap       148.064  194.871 -303.091   0.025  0.525 -0.850    0.772  0.530  0.350    0.635 -0.666 -0.392
   108        cioncap       125.732 -256.263   84.356  -0.597 -0.292 -0.747   -0.704 -0.254  0.663   -0.384  0.922 -0.054
   109        cioncap      -120.643  122.642 -399.801  -0.259 -0.874  0.410   -0.352  0.481  0.803   -0.899  0.064 -0.433
   110        cioncap       -50.162  426.831  -96.440  -0.663  0.022  0.748   -0.150  0.975 -0.161   -0.733 -0.219 -0.644
   111        cioncap      -421.181  -42.704  180.583  -0.426  0.594  0.682    0.769 -0.160  0.619    0.477  0.788 -0.389
   112        cioncap      -198.590  116.186  124.414   0.592  0.568  0.572   -0.271  0.809 -0.522   -0.759  0.154  0.633
   113        cioncap        82.216 -169.343 -112.803   0.597  0.091 -0.797   -0.675 -0.479 -0.560   -0.433  0.873 -0.225
   114        cioncap      -115.650   71.039  260.975   0.013  0.997 -0.073    0.479 -0.070 -0.875   -0.878 -0.024 -0.479
   115        cioncap      -192.617  190.746   -0.660   0.388  0.322  0.863    0.295  0.844 -0.448   -0.873  0.429  0.232
   116        cioncap       333.194 -164.667  287.204   0.727 -0.683 -0.073   -0.310 -0.421  0.853   -0.613 -0.597 -0.517
   117        cioncap       -16.341  128.200 -403.998   0.671  0.500 -0.547    0.627  0.013  0.779    0.397 -0.866 -0.305
   118        cioncap        60.538 -128.804 -262.255  -0.644 -0.525 -0.556   -0.194 -0.592  0.783   -0.740  0.612  0.280
   119        cioncap       434.091  184.009   83.551   0.636 -0.076  0.768   -0.006 -0.996 -0.093    0.772  0.054 -0.634
   120        cioncap      -129.025 -179.159 -291.043   0.146  0.923 -0.357   -0.370  0.386  0.845    0.918  0.009  0.397
   121        cioncap       156.667  247.620  263.848  -0.281  0.792  0.542    0.430 -0.401  0.809    0.858  0.460 -0.228
   122        cioncap       306.980 -126.751  -80.918  -0.664 -0.514  0.543    0.599 -0.801 -0.025    0.448  0.308  0.839
   123        cioncap        94.622   92.599 -398.472  -0.026  0.868  0.496   -0.472  0.426 -0.772   -0.881 -0.254  0.399
   124        cioncap       260.702  312.504  102.986  -0.930  0.286 -0.228   -0.366 -0.735  0.570   -0.005  0.614  0.789
   125        cioncap       -97.283  232.124  119.776  -0.549  0.525  0.650   -0.497 -0.831  0.251    0.672 -0.185  0.717
   126        cioncap        80.096  -54.565 -183.697  -0.766  0.626 -0.142    0.058 -0.153 -0.987   -0.640 -0.764  0.081
   127        cioncap       -50.993 -128.154  344.508   0.690 -0.529  0.494    0.386  0.847  0.366   -0.612 -0.062  0.789
   128        cioncap       272.891  399.463   97.847  -0.507  0.248 -0.825    0.260  0.957  0.128    0.822 -0.149 -0.550
   129        cioncap      -160.986  187.378 -432.755   0.779  0.481  0.403   -0.371 -0.165  0.914    0.506 -0.861  0.050
   130        cioncap       327.056 -257.490 -128.615   0.322  0.941 -0.107   -0.114  0.150  0.982    0.940 -0.304  0.156
   131        cioncap      -164.102  161.630 -167.056   0.595 -0.050  0.802    0.675  0.573 -0.465   -0.436  0.818  0.374
   132        cioncap       173.147 -167.667   27.588   0.903  0.262  0.340    0.373 -0.087 -0.924   -0.212  0.961 -0.177
   133        cioncap      -110.993 -449.209  166.636   0.714 -0.648 -0.267   -0.332  0.022 -0.943    0.617  0.761 -0.199
   134        cioncap       400.354 -113.286   55.606   0.017 -0.659  0.752   -0.607 -0.604 -0.516    0.794 -0.448 -0.410
   135        cioncap       411.791 -154.746 -212.589   0.490  0.136 -0.861    0.550 -0.814  0.185   -0.676 -0.564 -0.474
   136        cioncap       377.786  260.171  106.022  -0.034  0.663  0.748   -0.869  0.350 -0.350   -0.493 -0.662  0.564
   137        cioncap      -314.975 -225.393  199.293   0.847 -0.395 -0.354   -0.430 -0.902 -0.022   -0.311  0.171 -0.935
   138        cioncap        90.034 -223.683 -325.546   0.917  0.338  0.211    0.290 -0.204 -0.935   -0.273  0.919 -0.285
   139        cioncap        88.620 -112.199  139.750  -0.444  0.745  0.497   -0.461  0.286 -0.840   -0.768 -0.603  0.216
   140        cioncap      -448.011  123.962   18.168  -0.335 -0.571  0.749   -0.526 -0.546 -0.652    0.782 -0.612 -0.118
   141        cioncap       -24.645  -60.767  479.296   0.274 -0.906 -0.324    0.838  0.390 -0.382    0.472 -0.167  0.866
   142        cioncap       138.031 -322.596  190.138  -0.565  0.695 -0.445   -0.317  0.315  0.895    0.762  0.646  0.043
   143        cioncap        13.465  212.993 -302.713  -0.340  0.372 -0.864   -0.398 -0.889 -0.226   -0.852  0.267  0.450
   144        cioncap       -37.222  -41.831  283.549  -0.562  0.819  0.113    0.014 -0.127  0.992    0.827  0.559  0.060
   145        cioncap       491.238    8.572   65.163   0.616  0.464 -0.636   -0.787  0.332 -0.520   -0.030  0.821  0.570
   146        cioncap       112.841 -396.833  122.729   0.924  0.369  0.097    0.046 -0.359  0.932    0.378 -0.857 -0.349
   147        cioncap      -217.630 -192.034 -275.067  -0.596  0.450  0.665    0.412 -0.540  0.734    0.689  0.712  0.136
   148        cioncap       101.859 -348.057  282.003   0.334 -0.936 -0.110   -0.528 -0.089 -0.844    0.781  0.340 -0.524
   149        cioncap       121.873 -348.841  -85.320   0.650 -0.627  0.429   -0.392  0.207  0.896   -0.651 -0.751 -0.111
   150        cioncap       235.122   83.648   73.997  -0.624 -0.444 -0.642   -0.627 -0.205  0.752   -0.466  0.872 -0.151
   151        cioncap      -108.784 -342.201   -2.976   0.011  0.426 -0.905    0.582 -0.739 -0.340   -0.813 -0.523 -0.256
   152        cioncap        38.881  294.539  -30.317  -0.822 -0.368  0.434   -0.476  0.025 -0.879    0.313 -0.929 -0.195
   153        cioncap      -279.084 -108.763  334.649  -0.383  0.027 -0.924   -0.490  0.842  0.227    0.783  0.539 -0.309
   154        cioncap         4.361 -297.011   67.794   0.745 -0.623 -0.238    0.583  0.435  0.687   -0.324 -0.651  0.687
   155        cioncap       343.341 -163.387 -314.021  -0.682  0.706  0.191   -0.553 -0.327 -0.766   -0.479 -0.628  0.614
   156        cioncap       309.582   98.840 -189.579  -0.372 -0.927 -0.040    0.027  0.032 -0.999    0.928 -0.372  0.013
   157        cioncap      -370.757  -44.802 -318.778   0.572  0.545  0.613    0.641  0.168 -0.749   -0.511  0.821 -0.254
   158        cioncap      -315.771 -245.339 -109.397   0.572  0.722  0.390    0.738 -0.245 -0.629   -0.358  0.647 -0.673
   159        cioncap      -361.866  128.198  -21.629   0.777  0.123  0.617    0.441 -0.806 -0.395    0.449  0.579 -0.681
   160        cioncap       289.719  226.947  -27.386   0.051  0.507  0.861   -0.041  0.862 -0.505   -0.998 -0.010  0.065
   161        cioncap       -61.595  -45.688  387.982  -0.250 -0.741 -0.623    0.937 -0.346  0.036   -0.242 -0.575  0.782
   162        cioncap      -123.786 -303.938  322.914   0.401 -0.339 -0.851    0.052 -0.919  0.391   -0.915 -0.201 -0.351
   163        cioncap      -133.252 -103.195   81.413   0.695  0.718  0.022    0.036 -0.004 -0.999   -0.718  0.696 -0.029
   164        cioncap       -50.760 -216.953  -87.534  -0.932  0.286 -0.222   -0.339 -0.471  0.814    0.129  0.834  0.536
   165        cioncap      -135.655 -300.279  275.948  -0.877 -0.479 -0.041   -0.028 -0.035  0.999   -0.480  0.877  0.017
   166        cioncap       -90.975 -355.150   99.029  -0.864  0.479  0.155   -0.385 -0.430 -0.817   -0.325 -0.765  0.556
   167        cioncap      -250.846 -275.170 -220.074  -0.373  0.623  0.688    0.835 -0.098  0.541    0.404  0.776 -0.484
   168        cioncap      -330.183  204.837  303.571  -0.938  0.300  0.172    0.314  0.532  0.786    0.144  0.792 -0.594
   169        cioncap        83.294   52.401  164.920  -0.658 -0.533  0.532   -0.587 -0.079 -0.806    0.471 -0.843 -0.260
   170        cioncap        27.627  448.031 -132.917  -0.186 -0.879  0.440   -0.349  0.478  0.806   -0.918 -0.004 -0.396
   171        cioncap       243.142 -429.171   68.420   0.942  0.085  0.324    0.333 -0.320 -0.887    0.029  0.944 -0.330
   172        cioncap       394.981  238.740  -68.980   0.493  0.672 -0.552   -0.479 -0.320 -0.817   -0.726  0.668  0.164
   173        cioncap       -56.791  130.767   15.107   0.931 -0.353 -0.089    0.109  0.037  0.993   -0.347 -0.935  0.073
   174        cioncap         7.457  198.897 -348.031   0.564  0.721 -0.403   -0.191  0.588  0.786    0.804 -0.366  0.469
   175        cioncap      -222.898  -80.568 -155.853   0.987 -0.156  0.029   -0.028  0.010  1.000   -0.156 -0.988  0.006
   176        cioncap         0.818  343.204  334.872  -0.345  0.890  0.297   -0.936 -0.302 -0.182   -0.072 -0.340  0.937
   177        cioncap       249.560  114.199   51.069   0.780  0.012 -0.625    0.491  0.607  0.625    0.387 -0.795  0.468
   178        cioncap      -154.681  217.864 -318.144  -0.741  0.649 -0.172    0.140 -0.102 -0.985   -0.657 -0.754 -0.016
   179        cioncap       344.369  -19.690 -311.268  -0.397 -0.785  0.475    0.469  0.271  0.840   -0.789  0.557  0.261
   180        cioncap       142.091  444.605  -98.699  -0.587 -0.520  0.620    0.371 -0.854 -0.365    0.719  0.016  0.695
   181        cioncap      -153.282 -150.402 -154.536   0.778 -0.628 -0.018    0.027  0.004  1.000   -0.628 -0.778  0.020
   182        cioncap        40.593   12.849 -476.164  -0.484 -0.576 -0.659    0.573  0.360 -0.736    0.661 -0.734  0.156
   183        cioncap       297.115  243.374  -29.137  -0.647 -0.077 -0.759   -0.431 -0.784  0.447   -0.630  0.616  0.473
   184        cioncap       298.149   55.019 -218.698   0.956 -0.250 -0.156    0.173  0.049  0.984   -0.239 -0.967  0.090
   185        cioncap       -72.805  179.524  255.282   0.661  0.740  0.126    0.410 -0.216 -0.886   -0.629  0.637 -0.446
   186        cioncap        26.479 -312.454  299.814  -0.777 -0.630  0.002    0.001 -0.004 -1.000    0.630 -0.777  0.003
   187        cioncap        68.235  378.121 -180.092  -0.461  0.569  0.681    0.133 -0.714  0.687    0.877  0.408  0.253
   188        cioncap      -462.718  -11.907   65.501  -0.698  0.687  0.205    0.113 -0.177  0.978    0.708  0.705  0.046
   189        cioncap       308.374   24.238  -98.744   0.608  0.774  0.176    0.136  0.117 -0.984   -0.782  0.622 -0.034
   190        cioncap       442.220   -3.361 -207.547  -0.202  0.770 -0.605   -0.652  0.356  0.670    0.731  0.530  0.430
   191        cioncap        25.387  198.729  328.082  -0.756  0.606  0.245    0.475  0.250  0.844    0.450  0.755 -0.477
   192        cioncap       489.105   11.138  -76.686   0.541 -0.036  0.840   -0.275  0.936  0.218   -0.794 -0.349  0.497
   193        cioncap       164.501  -41.369 -142.941  -0.725 -0.676 -0.132   -0.246  0.434 -0.867    0.643 -0.596 -0.481
