**************************************************************************************************************
**************************************************************************************************************
**                                                                                                          **
**                                                                                                          **
**                                                  Molsim                                                  **
**                                                                                                          **
**                  integrated md/mc/bd simulation program belonging to the molsim package                  **
**                                                                                                          **
**                                          version 6.4.7, v2.2.0                                           **
**                                                                                                          **
**                                                                                                          **
**                                                Per Linse                                                 **
**                                            Physical Chemistry                                            **
**                                         Department of Chemistry                                          **
**                                             Lund University                                              **
**                                               P.O. Box 124                                               **
**                                          S-221 00 Lund, SWEDEN                                           **
**                                                                                                          **
**                                                                                                          **
**                                         with contributions from                                          **
**                                                                                                          **
**                  Anna Akinchina, Fredrik Carlsson, Samuel Edgecombe, Yoshikatsu Hayashi                  **
**          Pascal Hebbeker, Cornelius Hofzumahaus, Niklas Källrot, Björn Linse, Vladimir Lobaskin          **
**               Thomas M. Nymand, Alberto Pais, Jurij Rescic, Stefanie Schneider, Marie Skepö              **
**          Joakim Stenhammar, Anders Wallqvist, Jos van Rijssel, Erik Wernersson, Per-Olof Åstrand         **
**                                                                                                          **
**                                                                                                          **
**************************************************************************************************************
**************************************************************************************************************
 
2017-02-02     14:46:18

**************************************************************************************************************
*                                                                                                            *
*                                            i n p u t   d a t a                                             *
*                                                                                                            *
**************************************************************************************************************


**************************************************************************************************************
*                                            general information                                             *
**************************************************************************************************************


title   : testchain: 20-mer                                                                         

key data: mode           : simulation
          method         : mc   
          ensemble       : nvt
          boundary cond. : xyz
          start          : setconf 


number of time steps/passes           1  *       100  =        100

temperature                    =     298.000
pressure                       =       0.101
box lengths (x,y,z)            =     100.000     100.000     100.000
volume                         =   0.100E+07

seed of random generator       =           1

optional subroutine used
------------------------
   ControlAver
   MainAver

parameters controlling the output interval (0 = no)
-------------------------------------------------
   itest              0
   ipart              1
   iatom              1
   iaver            100
   ishow              1
   iplot              0
   ilist              0

external units
--------------
number        generic name        file name
------        ------------        ---------
   1               fin            FIN       
   2               fout           FOUT      
   3               fcnf           FCNF      

**************************************************************************************************************
*                                                   units                                                    *
**************************************************************************************************************

quantity                unit
--------                ----
length              1.000E-10 m
mass                1.000E-03 kg/mol
temperature         1.000E+00 k
time                1.000E-12 s
energy              1.000E+03 j/mol
heat capacity       1.000E+00 j/mol*k
diff. coeff.        1.000E-09 m**2/s
pressure            1.000E+06 pa
volume              1.000E-30 m**3
linear vel.         1.000E+02 m/s
linear acc.         1.000E+14 m/s**2
force               1.000E+11 n/mol
moment of inertia   1.000E-23 kg*m**2/mol
angle               1.745E-02 rad

**************************************************************************************************************
*                                               particle data                                                *
**************************************************************************************************************

charged atoms enabled

number of chains               =       2
number of particles            =      40
number of atoms                =      40
number of chains types         =       1     (     10 )
number of particle types       =       1     (     10 )
number of atom types           =       1     (     10 )

chain type         no of chains             topology  npptct(1,ict)
----------         ------------             --------  -------------
20-mer                 2                    block        20               

- - - - - - - - - - - - - sequence of chain type 1 '20-mer' - - - - - - - - - - - - -

1-1-1-1-1-1-1-1-1-1-1-1-1-1-1-1-1-1-1-1

- - - - - - - - - - - - - - - - - - - - - - - - - - - - - - - - - - - - - - - - - - - - - 

particle       no        atom     no     mass    hard core    no of unit   weak      pK        sigma    epsilon  zatalpha
                                                 radius       charges      charge                              
--------       --        ----     --     ----    ---------    ----------   ------    --        -----    -------  --------
bead           40
                         site     1     10.000    2.000        0.0000        F      0.0000     0.0000    0.0000    0.0000

molecular input frame: bead      
---------------------- ----

atom               coordinate (x,y,z)
----               ------------------
site         0.00000   0.00000   0.00000

principal axis frame: bead      
--------------------- ----

atom               coordinate (x,y,z)
----               ------------------
site         0.00000   0.00000   0.00000

particle             mass           moment of inertia (x,y,z)        maximal atom-com distance
--------             ----           -------------------------        -------------------------
bead               10.000          0.000     0.000     0.000             0.000

**************************************************************************************************************
*                                          two-body potential data                                           *
**************************************************************************************************************

rcut                           =      86.603
utoltab                        =   0.100E-04
ftoltab                        =   0.100E-04
umaxtab                        =   0.200E+05
fmaxtab                        =   0.200E+05

monoatomic energy and force routines

particle pair              potential
-------------              ---------
bead-bead                    default             

atom pair         energy coefficients (ipot and ucoff)
---------         ------------------------------------
site-site           

specification of two-body potential tables
------------------------------------------
atom pair          no of grids         iubuflow       rumin     rumax
---------          -----------         --------       -----     -----
site-site              3                   1          0.010    95.263

nbuf (needed, allocated)        =         37      1000

**************************************************************************************************************
*                                               ipotchain data                                               *
**************************************************************************************************************

bond: force constant           =         2.50000
bond: power                    =               2
bond: eqilibrium separation    =         5.00000
angle: force constant          =         0.00100
angle: power                   =               2
angle: eqilibrium separation   =       180.00000
itestpotchain                  =               0

**************************************************************************************************************
*                                         initial configuration data                                         *
**************************************************************************************************************

start configuration from SetConfiguration
-----------------------------------------
part. type    routine          no of unit cells (x,y,z)     lower (x,y,z)      upper (x,y,z)      shift (x,y,z)
----------    -------          ------------------------     -------------      -------------      -------------
 1  bead      chainrandom             0    0    0        -50.00-50.00-50.00  50.00 50.00 50.00   0.00  0.00  0.00

bond length scaling factor              =      1.000
minimum angle between consecutive beads =    120.000

first macrostep                =      1

**************************************************************************************************************
*                                                coordinates                                                 *
**************************************************************************************************************


particle coordinates
--------------------
particle no   particle type       com (x,y,z)              x'-axis (x,y,z)        y'-axis (x,y,z)        z'-axis (x,y,z)
-----------   -------------       -----------              ---------------        ---------------        ---------------
     1        bead          -49.499  -37.570   13.043   0.588  0.271  0.762    0.248  0.836 -0.489   -0.770  0.476  0.425
     2        bead          -48.296  -40.836    9.453  -0.118  0.862  0.493    0.098  0.504 -0.858   -0.988 -0.053 -0.144
     3        bead           49.300  -42.399    5.357   0.588 -0.606 -0.535    0.483 -0.268  0.834   -0.649 -0.749  0.135
     4        bead           46.572  -46.588    5.423   0.909 -0.047 -0.415    0.126 -0.917  0.379   -0.398 -0.397 -0.827
     5        bead           43.127  -48.518    8.491   0.563  0.671 -0.482    0.443  0.247  0.862    0.698 -0.699 -0.158
     6        bead           42.003   48.092   11.989  -0.876  0.301 -0.376   -0.216 -0.943 -0.252   -0.431 -0.140  0.892
     7        bead           38.510   45.818   14.752   0.048 -0.895 -0.444   -0.477 -0.411  0.777   -0.878  0.174 -0.447
     8        bead           34.609   45.949   17.876   0.028  0.655 -0.755   -0.495  0.666  0.558    0.868  0.358  0.343
     9        bead           31.309   48.183   20.897   0.699  0.469  0.539   -0.694  0.626  0.355   -0.171 -0.623  0.764
    10        bead           29.022   49.186   25.229  -0.735  0.554  0.391    0.162 -0.416  0.895    0.659  0.721  0.216
    11        bead           27.180   45.495   28.054   0.677  0.376 -0.633    0.528 -0.847  0.063   -0.512 -0.377 -0.772
    12        bead           27.020   40.603   29.075  -0.450  0.663 -0.598    0.135  0.713  0.688    0.883  0.229 -0.411
    13        bead           29.661   37.224   31.645  -0.960  0.121  0.251   -0.155  0.516 -0.842   -0.232 -0.848 -0.477
    14        bead           32.741   36.226   35.455  -0.149 -0.731 -0.666    0.502 -0.636  0.586   -0.852 -0.247  0.462
    15        bead           33.269   32.555   38.809  -0.055  0.988  0.145   -0.192  0.132 -0.972   -0.980 -0.081  0.183
    16        bead           36.642   31.628   42.382   0.447 -0.590 -0.672   -0.168  0.683 -0.711    0.879  0.431  0.206
    17        bead           38.948   32.746   46.675  -0.405 -0.428  0.808    0.820 -0.560  0.114    0.404  0.709  0.578
    18        bead           42.144   31.573  -49.662   0.116 -0.399 -0.910   -0.255  0.873 -0.415    0.960  0.280 -0.001
    19        bead           46.970   30.682   49.384  -0.481 -0.078  0.873   -0.699  0.635 -0.328   -0.529 -0.768 -0.360
    20        bead          -49.522   34.244   49.318  -0.697  0.559 -0.449    0.680  0.715 -0.166    0.229 -0.421 -0.878
    21        bead           -0.455   -0.202   10.981   0.659 -0.448  0.604    0.747  0.294 -0.596    0.090  0.844  0.529
    22        bead            4.210    0.522    9.335   0.567  0.706  0.424    0.611 -0.015 -0.792   -0.552  0.708 -0.440
    23        bead            6.637    0.014    4.993   0.727 -0.558 -0.401    0.164  0.708 -0.686    0.667  0.433  0.606
    24        bead            9.007    2.722    1.522   0.092  0.899 -0.428    0.018  0.428  0.904    0.996 -0.091  0.023
    25        bead           12.247    5.335   -1.249   0.226 -0.773  0.593   -0.297 -0.634 -0.714    0.928 -0.015 -0.373
    26        bead           10.927    7.663   -5.472   0.871  0.452  0.192   -0.479  0.700  0.530    0.105 -0.553  0.826
    27        bead           13.169   11.252   -8.134   0.467 -0.104 -0.878   -0.884 -0.053 -0.464    0.002  0.993 -0.117
    28        bead           14.549   16.051   -8.393   0.532  0.609 -0.589    0.552  0.278  0.786    0.642 -0.743 -0.189
    29        bead           11.615   19.774   -9.985   0.194 -0.920 -0.342    0.333 -0.266  0.905   -0.923 -0.289  0.254
    30        bead            8.177   21.941   -7.072  -0.040  0.999  0.033   -0.203  0.024 -0.979   -0.978 -0.045  0.202
    31        bead            5.366   22.021   -2.938  -0.664  0.584 -0.466   -0.253  0.411  0.876    0.703  0.700 -0.125
    32        bead            2.715   23.126    1.155   0.665  0.614 -0.425    0.586 -0.077  0.806    0.462 -0.786 -0.411
    33        bead           -0.406   26.900    2.161   0.777 -0.405  0.481   -0.560 -0.793  0.238    0.286 -0.455 -0.844
    34        bead           -0.497   30.423    5.708   0.599  0.495  0.629   -0.514 -0.365  0.776    0.614 -0.788  0.036
    35        bead            2.923   31.468    9.202   0.394  0.767  0.506    0.601 -0.631  0.490    0.695  0.111 -0.710
    36        bead            3.311   29.417   13.746  -0.270 -0.212 -0.939   -0.790  0.606  0.091    0.550  0.767 -0.331
    37        bead            0.460   26.430   16.565   0.633  0.721 -0.280   -0.768  0.540 -0.345   -0.098  0.434  0.896
    38        bead           -2.820   23.189   14.631  -0.584 -0.545 -0.602    0.398  0.454 -0.797    0.708 -0.705 -0.048
    39        bead           -4.706   19.612   11.690  -0.879 -0.388  0.277    0.228  0.168  0.959   -0.419  0.906 -0.059
    40        bead           -5.659   14.732   12.217  -0.763  0.645  0.055   -0.077 -0.007 -0.997   -0.642 -0.765  0.055

atom coordinates
----------------
atom no       atom type      particle no    particle type            coordinate (x,y,z)
-------       ---------      -----------    -------------            ------------------
     1        site                1         bead              -49.49926   -37.56959    13.04269
     2        site                2         bead              -48.29613   -40.83589     9.45330
     3        site                3         bead               49.30016   -42.39891     5.35706
     4        site                4         bead               46.57187   -46.58844     5.42290
     5        site                5         bead               43.12740   -48.51793     8.49091
     6        site                6         bead               42.00261    48.09168    11.98949
     7        site                7         bead               38.51023    45.81766    14.75213
     8        site                8         bead               34.60874    45.94942    17.87638
     9        site                9         bead               31.30902    48.18335    20.89655
    10        site               10         bead               29.02226    49.18573    25.22852
    11        site               11         bead               27.17953    45.49517    28.05415
    12        site               12         bead               27.01981    40.60307    29.07481
    13        site               13         bead               29.66115    37.22376    31.64456
    14        site               14         bead               32.74063    36.22579    35.45519
    15        site               15         bead               33.26923    32.55537    38.80908
    16        site               16         bead               36.64182    31.62778    42.38193
    17        site               17         bead               38.94779    32.74573    46.67526
    18        site               18         bead               42.14358    31.57317   -49.66250
    19        site               19         bead               46.97020    30.68152    49.38424
    20        site               20         bead              -49.52167    34.24362    49.31794
    21        site               21         bead               -0.45541    -0.20240    10.98083
    22        site               22         bead                4.20998     0.52205     9.33484
    23        site               23         bead                6.63666     0.01392     4.99283
    24        site               24         bead                9.00713     2.72217     1.52207
    25        site               25         bead               12.24721     5.33455    -1.24874
    26        site               26         bead               10.92655     7.66307    -5.47175
    27        site               27         bead               13.16922    11.25230    -8.13405
    28        site               28         bead               14.54897    16.05119    -8.39289
    29        site               29         bead               11.61497    19.77362    -9.98510
    30        site               30         bead                8.17697    21.94065    -7.07235
    31        site               31         bead                5.36584    22.02084    -2.93820
    32        site               32         bead                2.71530    23.12594     1.15489
    33        site               33         bead               -0.40582    26.90041     2.16089
    34        site               34         bead               -0.49729    30.42342     5.70773
    35        site               35         bead                2.92282    31.46794     9.20226
    36        site               36         bead                3.31091    29.41683    13.74564
    37        site               37         bead                0.46014    26.42982    16.56538
    38        site               38         bead               -2.81964    23.18902    14.63140
    39        site               39         bead               -4.70566    19.61230    11.69032
    40        site               40         bead               -5.65884    14.73231    12.21678

**************************************************************************************************************
*                                                  mc data                                                   *
**************************************************************************************************************

uniform sampling, random
cubic displacement volume

chain move                             bead      
-------------------                    ----------
probability                    =       1.000
tran. displacement parameter   =            5.000
rot. displacement parameter    =            0.000


**************************************************************************************************************
*                                               neighbour list                                               *
**************************************************************************************************************

verlet list
automatic control of update frequency
layer thickness                =       180.000
factor used to calculate nneigh=         2.000
maximal number of neighbours   =          2000

**************************************************************************************************************
*                                          thermodynamic quantities                                          *
**************************************************************************************************************

quantity                            initial value
&-------                            -------------
total potential energy         =          0.83285
 total two-body energy         =          0.00000
  bead-bead                    =          0.00000
 bond energy                   =          0.00000
 angle energy                  =          0.83285
enthalpy                       =          3.31056
temperature                    =        298.00000
pressure (excl. cont. contr.)  =          0.16457
number of particles            =         40.00000
volume                         =      1.00000E+06

total potential energy (NkT)   =          0.33613
pressure (NkT/V)(excl. contact)=          1.00000
pressure (kT) (excl. contact)  =      4.00000E-05
 
total cpu time since start (s)        0.01

**************************************************************************************************************
*                                                                                                            *
*                              r e s u l t   o f   m a c r o s t e p         1                               *
*                                                                                                            *
**************************************************************************************************************

 
  step/pass   pot. energy    temperature    pressure       volume
   100          0.833        298.000          0.165    1000000.000

**************************************************************************************************************
*                                               mc statistics                                                *
**************************************************************************************************************


chain move                                       total          bead      
-------------------                              -----          ----------
total number of conf.          =             4000 1.00           4000 1.00
accepted number of conf.       =             3971 0.99           3971 0.99
hard-core rejected conf.       =               29 0.01             29 0.01

average no of displaced part.  =                                     20.00
average no of net joining part.=                                      0.00

**************************************************************************************************************
*                                             control statistics                                             *
**************************************************************************************************************

quantity                                    bead      
--------                                    ----------

<dr**2>/step (macrostep)       =            0.1100E+03
precision                      =            0.1108E+02
<dr**2>/step (from start)      =            0.1100E+03
precision                      =            0.1108E+02

orientation order, x'-axis     =                1.0000
orientation order, y'-axis     =                1.0000
orientation order, z'-axis     =                1.0000

<ro> (x,y,z)                   =     7.579 3.796-0.585
<x'> (x,y,z)                   =      0.10  0.15 -0.11
<y'> (x,y,z)                   =      0.01  0.10  0.05
<z'> (x,y,z)                   =      0.05 -0.03 -0.01

**************************************************************************************************************
*                                          thermodynamic quantities                                          *
**************************************************************************************************************

quantity                                  average    fluctuation          check
&&------                                  -------    -----------          -----
total potential energy         =          0.83285        0.00000     -0.853E-15
 total two-body energy         =          0.00000        0.00000      0.000E+00
  bead-bead                    =          0.00000        0.00000      0.000E+00
 bond energy                   =          0.00000        0.00000      0.000E+00
 angle energy                  =          0.83285        0.00000     -0.853E-15
enthalpy                       =          3.31056        0.00000
cv                             =          0.00000
temperature                    =        298.00000        0.00000
pressure (excl. cont. contr.)  =          0.16457        0.00000
number of particles            =         40.00000        0.00000
volume                         =      1.00000E+06    0.00000E+00

total potential energy (NkT)   =          0.33613
pressure (NkT/V)(excl. contact)=          1.00000
pressure (kT) (excl. contact)  =      4.00000E-05
number density                 =      4.00000E-05

**************************************************************************************************************
*                                              chain quantities                                              *
**************************************************************************************************************

quantity                                  average     fluctuation
--------                                  -------     -----------
<r(bb)**2>**0.5                =          5.00000        0.00000
<r(ee)**2>**0.5                =         34.36596        0.00000
<r(g)**2>**0.5                 =         17.47407        0.00000
smallest rms mom. p.a.         =          2.87447        0.00000
intermediate rms mom. p.a.     =          8.42781        0.00000
largest rms mom. p.a.          =         15.03505        0.00000
<persist. l.>  (r(ee))         =          8.71589        0.00000
<persist. l.>  (r(g))          =         15.97456        0.00000
<angle>                        =        139.08108        0.00000
<cos(180-angle)>               =          0.73501        0.00000
<r(ee)**2/r(g)**2>             =          3.25078        0.00000
<asphericity>                  =          0.39200        0.00000
<toroid param>                 =          0.20794        0.00000

persist. l. (<r(ee)**2>)       =          8.71589
persist. l. (<r(g)**2>)        =         14.63506
persist. l. (<cos(180-angle)>) =         18.86856
<r(ee)**2>/<r(g)**2>           =          3.86784
asphericity (<2:nd moments>)   =          0.40438


**************************************************************************************************************
*                                                                                                            *
*                                          f i n a l   r e s u l t                                           *
*                                                                                                            *
**************************************************************************************************************

2017-02-02     14:46:18

title   : testchain: 20-mer                                                                         

key data: mode           : simulation
          method         : mc   
          ensemble       : nvt
          boundary cond. : xyz
          start          : setconf 


number of time steps/passes           1  *       100  =        100

temperature                    =     298.000
pressure                       =       0.165
box lengths (x,y,z)            =     100.000     100.000     100.000
volume                         =   0.100E+07

seed of random generator       =  1875351591


**************************************************************************************************************
*                                                coordinates                                                 *
**************************************************************************************************************


particle coordinates
--------------------
particle no   particle type       com (x,y,z)              x'-axis (x,y,z)        y'-axis (x,y,z)        z'-axis (x,y,z)
-----------   -------------       -----------              ---------------        ---------------        ---------------
     1        bead           -9.392   42.699   23.261   0.588  0.271  0.762    0.248  0.836 -0.489   -0.770  0.476  0.425
     2        bead           -8.189   39.433   19.672  -0.118  0.862  0.493    0.098  0.504 -0.858   -0.988 -0.053 -0.144
     3        bead          -10.593   37.870   15.576   0.588 -0.606 -0.535    0.483 -0.268  0.834   -0.649 -0.749  0.135
     4        bead          -13.321   33.680   15.642   0.909 -0.047 -0.415    0.126 -0.917  0.379   -0.398 -0.397 -0.827
     5        bead          -16.765   31.751   18.710   0.563  0.671 -0.482    0.443  0.247  0.862    0.698 -0.699 -0.158
     6        bead          -17.890   28.361   22.208  -0.876  0.301 -0.376   -0.216 -0.943 -0.252   -0.431 -0.140  0.892
     7        bead          -21.383   26.087   24.971   0.048 -0.895 -0.444   -0.477 -0.411  0.777   -0.878  0.174 -0.447
     8        bead          -25.284   26.218   28.095   0.028  0.655 -0.755   -0.495  0.666  0.558    0.868  0.358  0.343
     9        bead          -28.584   28.452   31.115   0.699  0.469  0.539   -0.694  0.626  0.355   -0.171 -0.623  0.764
    10        bead          -30.870   29.455   35.447  -0.735  0.554  0.391    0.162 -0.416  0.895    0.659  0.721  0.216
    11        bead          -32.713   25.764   38.273   0.677  0.376 -0.633    0.528 -0.847  0.063   -0.512 -0.377 -0.772
    12        bead          -32.873   20.872   39.294  -0.450  0.663 -0.598    0.135  0.713  0.688    0.883  0.229 -0.411
    13        bead          -30.232   17.493   41.863  -0.960  0.121  0.251   -0.155  0.516 -0.842   -0.232 -0.848 -0.477
    14        bead          -27.152   16.495   45.674  -0.149 -0.731 -0.666    0.502 -0.636  0.586   -0.852 -0.247  0.462
    15        bead          -26.624   12.824   49.028  -0.055  0.988  0.145   -0.192  0.132 -0.972   -0.980 -0.081  0.183
    16        bead          -23.251   11.897  -47.399   0.447 -0.590 -0.672   -0.168  0.683 -0.711    0.879  0.431  0.206
    17        bead          -20.945   13.015  -43.106  -0.405 -0.428  0.808    0.820 -0.560  0.114    0.404  0.709  0.578
    18        bead          -17.749   11.842  -39.444   0.116 -0.399 -0.910   -0.255  0.873 -0.415    0.960  0.280 -0.001
    19        bead          -12.923   10.950  -40.397  -0.481 -0.078  0.873   -0.699  0.635 -0.328   -0.529 -0.768 -0.360
    20        bead           -9.414   14.512  -40.463  -0.697  0.559 -0.449    0.680  0.715 -0.166    0.229 -0.421 -0.878
    21        bead           25.475   23.778   -7.478   0.659 -0.448  0.604    0.747  0.294 -0.596    0.090  0.844  0.529
    22        bead           30.140   24.502   -9.124   0.567  0.706  0.424    0.611 -0.015 -0.792   -0.552  0.708 -0.440
    23        bead           32.567   23.994  -13.466   0.727 -0.558 -0.401    0.164  0.708 -0.686    0.667  0.433  0.606
    24        bead           34.937   26.702  -16.937   0.092  0.899 -0.428    0.018  0.428  0.904    0.996 -0.091  0.023
    25        bead           38.177   29.315  -19.708   0.226 -0.773  0.593   -0.297 -0.634 -0.714    0.928 -0.015 -0.373
    26        bead           36.857   31.643  -23.931   0.871  0.452  0.192   -0.479  0.700  0.530    0.105 -0.553  0.826
    27        bead           39.099   35.232  -26.593   0.467 -0.104 -0.878   -0.884 -0.053 -0.464    0.002  0.993 -0.117
    28        bead           40.479   40.031  -26.852   0.532  0.609 -0.589    0.552  0.278  0.786    0.642 -0.743 -0.189
    29        bead           37.545   43.754  -28.444   0.194 -0.920 -0.342    0.333 -0.266  0.905   -0.923 -0.289  0.254
    30        bead           34.107   45.921  -25.531  -0.040  0.999  0.033   -0.203  0.024 -0.979   -0.978 -0.045  0.202
    31        bead           31.296   46.001  -21.397  -0.664  0.584 -0.466   -0.253  0.411  0.876    0.703  0.700 -0.125
    32        bead           28.645   47.106  -17.304   0.665  0.614 -0.425    0.586 -0.077  0.806    0.462 -0.786 -0.411
    33        bead           25.524  -49.120  -16.298   0.777 -0.405  0.481   -0.560 -0.793  0.238    0.286 -0.455 -0.844
    34        bead           25.433  -45.597  -12.751   0.599  0.495  0.629   -0.514 -0.365  0.776    0.614 -0.788  0.036
    35        bead           28.853  -44.552   -9.257   0.394  0.767  0.506    0.601 -0.631  0.490    0.695  0.111 -0.710
    36        bead           29.241  -46.603   -4.713  -0.270 -0.212 -0.939   -0.790  0.606  0.091    0.550  0.767 -0.331
    37        bead           26.390  -49.590   -1.894   0.633  0.721 -0.280   -0.768  0.540 -0.345   -0.098  0.434  0.896
    38        bead           23.111   47.169   -3.828  -0.584 -0.545 -0.602    0.398  0.454 -0.797    0.708 -0.705 -0.048
    39        bead           21.225   43.592   -6.769  -0.879 -0.388  0.277    0.228  0.168  0.959   -0.419  0.906 -0.059
    40        bead           20.271   38.712   -6.242  -0.763  0.645  0.055   -0.077 -0.007 -0.997   -0.642 -0.765  0.055

atom coordinates
----------------
atom no       atom type      particle no    particle type            coordinate (x,y,z)
-------       ---------      -----------    -------------            ------------------
     1        site                1         bead               -9.39201    42.69928    23.26143
     2        site                2         bead               -8.18889    39.43297    19.67203
     3        site                3         bead              -10.59260    37.86995    15.57580
     4        site                4         bead              -13.32088    33.68042    15.64163
     5        site                5         bead              -16.76535    31.75093    18.70964
     6        site                6         bead              -17.89015    28.36055    22.20823
     7        site                7         bead              -21.38252    26.08652    24.97086
     8        site                8         bead              -25.28402    26.21828    28.09512
     9        site                9         bead              -28.58373    28.45222    31.11529
    10        site               10         bead              -30.87050    29.45459    35.44726
    11        site               11         bead              -32.71323    25.76404    38.27289
    12        site               12         bead              -32.87295    20.87193    39.29355
    13        site               13         bead              -30.23160    17.49262    41.86330
    14        site               14         bead              -27.15213    16.49466    45.67392
    15        site               15         bead              -26.62352    12.82424    49.02782
    16        site               16         bead              -23.25094    11.89665   -47.39933
    17        site               17         bead              -20.94496    13.01459   -43.10600
    18        site               18         bead              -17.74917    11.84204   -39.44376
    19        site               19         bead              -12.92255    10.95038   -40.39703
    20        site               20         bead               -9.41442    14.51249   -40.46332
    21        site               21         bead               25.47478    23.77762    -7.47821
    22        site               22         bead               30.14017    24.50207    -9.12420
    23        site               23         bead               32.56685    23.99393   -13.46621
    24        site               24         bead               34.93733    26.70219   -16.93697
    25        site               25         bead               38.17740    29.31457   -19.70778
    26        site               26         bead               36.85674    31.64309   -23.93079
    27        site               27         bead               39.09941    35.23232   -26.59309
    28        site               28         bead               40.47916    40.03120   -26.85193
    29        site               29         bead               37.54516    43.75364   -28.44414
    30        site               30         bead               34.10716    45.92067   -25.53139
    31        site               31         bead               31.29603    46.00086   -21.39724
    32        site               32         bead               28.64549    47.10596   -17.30415
    33        site               33         bead               25.52437   -49.11958   -16.29815
    34        site               34         bead               25.43290   -45.59657   -12.75131
    35        site               35         bead               28.85301   -44.55204    -9.25678
    36        site               36         bead               29.24110   -46.60316    -4.71339
    37        site               37         bead               26.39034   -49.59017    -1.89366
    38        site               38         bead               23.11055    47.16904    -3.82764
    39        site               39         bead               21.22453    43.59232    -6.76872
    40        site               40         bead               20.27135    38.71233    -6.24226

**************************************************************************************************************
*                                               mc statistics                                                *
**************************************************************************************************************


chain move                                       total          bead      
-------------------                              -----          ----------
total number of conf.          =             4000 1.00           4000 1.00
