**************************************************************************************************************
**************************************************************************************************************
**                                                                                                          **
**                                                                                                          **
**                                                  Molsim                                                  **
**                                                                                                          **
**                  integrated md/mc/bd simulation program belonging to the molsim package                  **
**                                                                                                          **
**                                          version 6.4.7, v2.2.0                                           **
**                                                                                                          **
**                                                                                                          **
**                                                Per Linse                                                 **
**                                            Physical Chemistry                                            **
**                                         Department of Chemistry                                          **
**                                             Lund University                                              **
**                                               P.O. Box 124                                               **
**                                          S-221 00 Lund, SWEDEN                                           **
**                                                                                                          **
**                                                                                                          **
**                                         with contributions from                                          **
**                                                                                                          **
**                  Anna Akinchina, Fredrik Carlsson, Samuel Edgecombe, Yoshikatsu Hayashi                  **
**          Pascal Hebbeker, Cornelius Hofzumahaus, Niklas Källrot, Björn Linse, Vladimir Lobaskin          **
**               Thomas M. Nymand, Alberto Pais, Jurij Rescic, Stefanie Schneider, Marie Skepö              **
**          Joakim Stenhammar, Anders Wallqvist, Jos van Rijssel, Erik Wernersson, Per-Olof Åstrand         **
**                                                                                                          **
**                                                                                                          **
**************************************************************************************************************
**************************************************************************************************************
 
2017-01-05     15:51:36

**************************************************************************************************************
*                                                                                                            *
*                                            i n p u t   d a t a                                             *
*                                                                                                            *
**************************************************************************************************************


**************************************************************************************************************
*                                            general information                                             *
**************************************************************************************************************


title   : testchain: 20-mer                                                                         

key data: mode           : simulation
          method         : mc   
          ensemble       : nvt
          boundary cond. : xyz
          start          : setconf 


number of time steps/passes           1  *       100  =        100

temperature                    =     298.000
pressure                       =       0.101
box lengths (x,y,z)            =     100.000     100.000     100.000
volume                         =   0.100E+07

seed of random generator       =           1

optional subroutine used
------------------------
   ControlAver
   MainAver

parameters controlling the output interval (0 = no)
-------------------------------------------------
   itest              0
   ipart              1
   iatom              1
   iaver            100
   ishow              1
   iplot              0
   ilist              0

external units
--------------
number        generic name        file name
------        ------------        ---------
   1               fin            FIN       
   2               fout           FOUT      
   3               fcnf           FCNF      

**************************************************************************************************************
*                                                   units                                                    *
**************************************************************************************************************

quantity                unit
--------                ----
length              1.000E-10 m
mass                1.000E-03 kg/mol
temperature         1.000E+00 k
time                1.000E-12 s
energy              1.000E+03 j/mol
heat capacity       1.000E+00 j/mol*k
diff. coeff.        1.000E-09 m**2/s
pressure            1.000E+06 pa
volume              1.000E-30 m**3
linear vel.         1.000E+02 m/s
linear acc.         1.000E+14 m/s**2
force               1.000E+11 n/mol
moment of inertia   1.000E-23 kg*m**2/mol
angle               1.745E-02 rad

**************************************************************************************************************
*                                               particle data                                                *
**************************************************************************************************************

charged atoms enabled

number of chains               =       2
number of particles            =      40
number of atoms                =      40
number of chains types         =       1     (     10 )
number of particle types       =       1     (     10 )
number of atom types           =       1     (     10 )

chain type         no of chains             topology  npptct(1,ict)
----------         ------------             --------  -------------
20-mer                 2                    block        20               

particle       no        atom     no     mass    hard core    no of unit   weak      pK        sigma    epsilon  zatalpha
                                                 radius       charges      charge                              
--------       --        ----     --     ----    ---------    ----------   ------    --        -----    -------  --------
bead           40
                         site     1     10.000    2.000        0.0000        F      0.0000     0.0000    0.0000    0.0000

molecular input frame: bead      
---------------------- ----

atom               coordinate (x,y,z)
----               ------------------
site         0.00000   0.00000   0.00000

principal axis frame: bead      
--------------------- ----

atom               coordinate (x,y,z)
----               ------------------
site         0.00000   0.00000   0.00000

particle             mass           moment of inertia (x,y,z)        maximal atom-com distance
--------             ----           -------------------------        -------------------------
bead               10.000          0.000     0.000     0.000             0.000

**************************************************************************************************************
*                                          two-body potential data                                           *
**************************************************************************************************************

rcut                           =      86.603
utoltab                        =   0.100E-04
ftoltab                        =   0.100E-04
umaxtab                        =   0.200E+05
fmaxtab                        =   0.200E+05

monoatomic energy and force routines

particle pair              potential
-------------              ---------
bead-bead                    default             

atom pair         energy coefficients (ipot and ucoff)
---------         ------------------------------------
site-site           

specification of two-body potential tables
------------------------------------------
atom pair          no of grids         iubuflow       rumin     rumax
---------          -----------         --------       -----     -----
site-site              3                   1          0.010    95.263

nbuf (needed, allocated)        =         37      1000

**************************************************************************************************************
*                                               ipotchain data                                               *
**************************************************************************************************************

bond: force constant           =         2.50000
bond: power                    =               2
bond: eqilibrium separation    =         5.00000
angle: force constant          =         0.00100
angle: power                   =               2
angle: eqilibrium separation   =       180.00000
itestpotchain                  =               0

**************************************************************************************************************
*                                         initial configuration data                                         *
**************************************************************************************************************

start configuration from SetConfiguration
-----------------------------------------
part. type    routine          no of unit cells (x,y,z)     lower (x,y,z)      upper (x,y,z)      shift (x,y,z)
----------    -------          ------------------------     -------------      -------------      -------------
 1  bead      chainrandom             0    0    0        -50.00-50.00-50.00  50.00 50.00 50.00   0.00  0.00  0.00

bond length scaling factor              =      1.000
minimum angle between consecutive beads =    120.000

first macrostep                =      1

**************************************************************************************************************
*                                                coordinates                                                 *
**************************************************************************************************************


particle coordinates
--------------------
particle no   particle type       com (x,y,z)              x'-axis (x,y,z)        y'-axis (x,y,z)        z'-axis (x,y,z)
-----------   -------------       -----------              ---------------        ---------------        ---------------
     1        bead          -27.207  -17.262    4.670   0.422 -0.552  0.719   -0.595 -0.767 -0.240    0.684 -0.327 -0.652
     2        bead          -24.033  -13.991    6.726   0.203 -0.963 -0.175    0.070 -0.164  0.984   -0.977 -0.212  0.034
     3        bead          -20.645  -14.746   10.325  -0.236  0.675  0.699    0.213  0.738 -0.640   -0.948 -0.002 -0.318
     4        bead          -17.629  -14.526   14.307  -0.358  0.668 -0.652   -0.164  0.643  0.748    0.919  0.375 -0.121
     5        bead          -17.213  -15.939   19.085   0.143  0.493  0.858   -0.117 -0.853  0.509    0.983 -0.173 -0.064
     6        bead          -13.454  -16.802   22.267  -0.019  0.603 -0.797    0.780 -0.489 -0.389   -0.625 -0.630 -0.461
     7        bead          -11.293  -20.640   24.632   0.473  0.764  0.440    0.308  0.324 -0.894   -0.826  0.558 -0.082
     8        bead          -11.696  -25.476   23.426   0.128  0.770  0.625   -0.132 -0.612  0.780    0.983 -0.182  0.024
     9        bead          -10.330  -28.948   20.098   0.621 -0.709 -0.335    0.365 -0.117  0.924   -0.694 -0.695  0.186
    10        bead           -6.402  -30.763   17.592   0.609  0.030 -0.793   -0.262  0.951 -0.165    0.749  0.308  0.587
    11        bead           -2.102  -28.220   17.381  -0.803 -0.483 -0.349    0.574 -0.469 -0.672    0.161 -0.739  0.654
    12        bead            1.905  -28.070   14.393  -0.590  0.735 -0.335    0.078 -0.361 -0.929   -0.804 -0.574  0.155
    13        bead            4.475  -28.432   10.120   0.630  0.663  0.406   -0.764  0.622  0.170   -0.140 -0.417  0.898
    14        bead            6.315  -31.262    6.431   0.490 -0.208  0.846   -0.102 -0.978 -0.182    0.865  0.003 -0.501
    15        bead            5.528  -33.392    1.976   0.704 -0.699  0.124   -0.181 -0.345 -0.921    0.687  0.626 -0.370
    16        bead            9.124  -35.087   -1.055  -0.758  0.077 -0.647   -0.652 -0.057  0.757    0.021  0.995  0.093
    17        bead           11.017  -39.240   -3.098  -0.565 -0.307 -0.766   -0.796 -0.040  0.603   -0.216  0.951 -0.222
    18        bead           15.356  -40.138   -5.416   0.611  0.120 -0.783   -0.655 -0.479 -0.585   -0.446  0.869 -0.214
    19        bead           19.529  -39.706   -8.136  -0.446  0.895  0.012    0.009 -0.008  1.000    0.895  0.446 -0.005
    20        bead           21.817  -35.917  -10.462   0.574  0.664  0.479    0.177 -0.672  0.719    0.800 -0.328 -0.503
    21        bead           -6.662   24.518   35.242  -0.763  0.572 -0.301   -0.271  0.140  0.952    0.587  0.808  0.048
    22        bead           -8.704   22.978   30.946   0.526 -0.185 -0.830   -0.627  0.574 -0.526    0.574  0.797  0.186
    23        bead           -6.099   23.135   26.681   0.673  0.070 -0.736    0.281 -0.945  0.168   -0.684 -0.320 -0.656
    24        bead           -1.834   21.932   24.365  -0.633  0.499  0.592   -0.731 -0.131 -0.670   -0.257 -0.857  0.447
    25        bead           -1.440   18.014   21.284  -0.518  0.843 -0.147   -0.041  0.147  0.988    0.854  0.518 -0.042
    26        bead           -4.899   14.576   20.182   0.595  0.472  0.650   -0.772  0.111  0.626    0.223 -0.874  0.431
    27        bead           -9.516   14.334   22.087   0.929 -0.308  0.204    0.174 -0.123 -0.977    0.326  0.943 -0.061
    28        bead          -12.551   10.431   22.830   0.598  0.478  0.644    0.478  0.433 -0.765   -0.644  0.764  0.030
    29        bead          -16.060    8.741   25.966  -0.077  0.983 -0.164    0.181 -0.148 -0.972   -0.981 -0.104 -0.166
    30        bead          -18.775   11.888   28.746  -0.320  0.910  0.263    0.415  0.385 -0.824   -0.852 -0.155 -0.501
    31        bead          -20.621   14.414   32.647   0.655 -0.292 -0.697    0.448 -0.592  0.670   -0.609 -0.751 -0.257
    32        bead          -25.427   15.293   33.706   0.554 -0.632 -0.541    0.440 -0.329  0.835   -0.706 -0.701  0.096
    33        bead          -29.789   13.115   32.599  -0.502 -0.850 -0.158    0.030 -0.200  0.979   -0.864  0.487  0.126
    34        bead          -33.321   10.014   30.892  -0.486 -0.561  0.670   -0.275 -0.630 -0.726    0.830 -0.537  0.152
    35        bead          -37.793    7.833   31.385   0.697 -0.435 -0.570    0.704  0.263  0.660   -0.137 -0.861  0.489
    36        bead          -39.147    4.658   35.002   0.678  0.299  0.671    0.602 -0.751 -0.273    0.422  0.589 -0.689
    37        bead          -37.776   -0.137   35.362  -0.628 -0.653  0.424    0.268  0.330  0.905   -0.731  0.682 -0.032
    38        bead          -33.359   -1.813   36.999  -0.699 -0.619 -0.357   -0.322 -0.173  0.931   -0.638  0.766 -0.079
    39        bead          -31.591   -5.810   39.427  -0.907  0.335 -0.256   -0.168  0.268  0.949    0.386  0.903 -0.187
    40        bead          -28.519   -8.311   42.479  -0.601 -0.100 -0.793   -0.276  0.957  0.088    0.750  0.272 -0.603

atom coordinates
----------------
atom no       atom type      particle no    particle type            coordinate (x,y,z)
-------       ---------      -----------    -------------            ------------------
     1        site                1         bead              -27.20657   -17.26179     4.66966
     2        site                2         bead              -24.03264   -13.99090     6.72573
     3        site                3         bead              -20.64540   -14.74585    10.32527
     4        site                4         bead              -17.62939   -14.52605    14.30715
     5        site                5         bead              -17.21350   -15.93882    19.08534
     6        site                6         bead              -13.45446   -16.80166    22.26734
     7        site                7         bead              -11.29327   -20.64036    24.63242
     8        site                8         bead              -11.69629   -25.47575    23.42554
     9        site                9         bead              -10.32967   -28.94840    20.09792
    10        site               10         bead               -6.40182   -30.76320    17.59222
    11        site               11         bead               -2.10210   -28.22006    17.38055
    12        site               12         bead                1.90453   -28.07022    14.39317
    13        site               13         bead                4.47491   -28.43236    10.11976
    14        site               14         bead                6.31480   -31.26192     6.43080
    15        site               15         bead                5.52780   -33.39243     1.97641
    16        site               16         bead                9.12436   -35.08749    -1.05535
    17        site               17         bead               11.01749   -39.23987    -3.09832
    18        site               18         bead               15.35619   -40.13757    -5.41560
    19        site               19         bead               19.52896   -39.70631    -8.13626
    20        site               20         bead               21.81726   -35.91736   -10.46168
    21        site               21         bead               -6.66246    24.51780    35.24240
    22        site               22         bead               -8.70432    22.97805    30.94589
    23        site               23         bead               -6.09907    23.13470    26.68113
    24        site               24         bead               -1.83400    21.93194    24.36542
    25        site               25         bead               -1.43993    18.01425    21.28380
    26        site               26         bead               -4.89931    14.57641    20.18200
    27        site               27         bead               -9.51571    14.33381    22.08726
    28        site               28         bead              -12.55100    10.43058    22.83012
    29        site               29         bead              -16.05976     8.74148    25.96629
    30        site               30         bead              -18.77491    11.88778    28.74635
    31        site               31         bead              -20.62056    14.41363    32.64683
    32        site               32         bead              -25.42724    15.29302    33.70627
    33        site               33         bead              -29.78941    13.11475    32.59871
    34        site               34         bead              -33.32096    10.01374    30.89231
    35        site               35         bead              -37.79310     7.83253    31.38460
    36        site               36         bead              -39.14696     4.65779    35.00235
    37        site               37         bead              -37.77613    -0.13713    35.36229
    38        site               38         bead              -33.35895    -1.81308    36.99927
    39        site               39         bead              -31.59051    -5.81016    39.42744
    40        site               40         bead              -28.51862    -8.31084    42.47869

**************************************************************************************************************
*                                                  mc data                                                   *
**************************************************************************************************************

uniform sampling, random
cubic displacement volume

chain move                             bead      
-------------------                    ----------
probability                    =       1.000
tran. displacement parameter   =            5.000
rot. displacement parameter    =            0.000


**************************************************************************************************************
*                                               neighbour list                                               *
**************************************************************************************************************

verlet list
automatic control of update frequency
layer thickness                =       180.000
factor used to calculate nneigh=         2.000
maximal number of neighbours   =          2000

**************************************************************************************************************
*                                          thermodynamic quantities                                          *
**************************************************************************************************************

quantity                            initial value
&-------                            -------------
total potential energy         =          0.85432
 total two-body energy         =          0.00000
  bead-bead                    =          0.00000
 bond energy                   =          0.00000
 angle energy                  =          0.85432
enthalpy                       =          3.33204
temperature                    =        298.00000
pressure (excl. cont. contr.)  =          0.16457
number of particles            =         40.00000
volume                         =      1.00000E+06

total potential energy (NkT)   =          0.34480
pressure (NkT/V)(excl. contact)=          1.00000
pressure (kT) (excl. contact)  =      4.00000E-05
 
total cpu time since start (s)        0.01

**************************************************************************************************************
*                                                                                                            *
*                              r e s u l t   o f   m a c r o s t e p         1                               *
*                                                                                                            *
**************************************************************************************************************

 
  step/pass   pot. energy    temperature    pressure       volume
   100          0.854        298.000          0.165    1000000.000

**************************************************************************************************************
*                                               mc statistics                                                *
**************************************************************************************************************


chain move                                       total          bead      
-------------------                              -----          ----------
total number of conf.          =             4000 1.00           4000 1.00
accepted number of conf.       =             3949 0.99           3949 0.99
hard-core rejected conf.       =               51 0.01             51 0.01

average no of displaced part.  =                                     20.00
average no of net joining part.=                                      0.00

**************************************************************************************************************
*                                             control statistics                                             *
**************************************************************************************************************

quantity                                    bead      
--------                                    ----------

<dr**2>/step (macrostep)       =            0.1293E+03
precision                      =            0.3587E+01
<dr**2>/step (from start)      =            0.1293E+03
precision                      =            0.3587E+01

orientation order, x'-axis     =                1.0000
orientation order, y'-axis     =                1.0000
orientation order, z'-axis     =                1.0000

<ro> (x,y,z)                   =     -3.04-10.18  3.36
<x'> (x,y,z)                   =      0.04  0.10 -0.05
<y'> (x,y,z)                   =     -0.03 -0.09  0.11
<z'> (x,y,z)                   =     -0.00  0.08 -0.05

**************************************************************************************************************
*                                          thermodynamic quantities                                          *
**************************************************************************************************************

quantity                                  average    fluctuation          check
&&------                                  -------    -----------          -----
total potential energy         =          0.85432        0.00000     -0.416E-15
 total two-body energy         =          0.00000        0.00000      0.000E+00
  bead-bead                    =          0.00000        0.00000      0.000E+00
 bond energy                   =          0.00000        0.00000      0.000E+00
 angle energy                  =          0.85432        0.00000     -0.416E-15
enthalpy                       =          3.33204        0.00000
cv                             =          0.00000
temperature                    =        298.00000        0.00000
pressure (excl. cont. contr.)  =          0.16457        0.00000
number of particles            =         40.00000        0.00000
volume                         =      1.00000E+06    0.00000E+00

total potential energy (NkT)   =          0.34480
pressure (NkT/V)(excl. contact)=          1.00000
pressure (kT) (excl. contact)  =      4.00000E-05
number density                 =      4.00000E-05

**************************************************************************************************************
*                                              chain quantities                                              *
**************************************************************************************************************

quantity                                  average     fluctuation
--------                                  -------     -----------
<r(bb)**2>**0.5                =          5.00000        0.00058
<r(ee)**2>**0.5                =         47.89623        0.00000
<r(g)**2>**0.5                 =         18.47363        0.00000
smallest rms mom. p.a.         =          3.49636        0.00067
intermediate rms mom. p.a.     =          6.27236        0.00000
largest rms mom. p.a.          =         17.02081        0.00000
<persist. l.>  (r(ee))         =         14.57394        0.00000
<persist. l.>  (r(g))          =         18.20619        0.00000
<angle>                        =        138.52773        0.00000
<cos(180-angle)>               =          0.72831        0.00000
<r(ee)**2/r(g)**2>             =          6.56859        0.00000
<asphericity>                  =          0.60178        0.00000
<toroid param>                 =          0.14380        0.00000

persist. l. (<r(ee)**2>)       =         14.57394
persist. l. (<r(g)**2>)        =         17.58163
persist. l. (<cos(180-angle)>) =         18.40364
<r(ee)**2>/<r(g)**2>           =          6.72200
asphericity (<2:nd moments>)   =          0.60280


**************************************************************************************************************
*                                                                                                            *
*                                          f i n a l   r e s u l t                                           *
*                                                                                                            *
**************************************************************************************************************

2017-01-05     15:51:37

title   : testchain: 20-mer                                                                         

key data: mode           : simulation
          method         : mc   
          ensemble       : nvt
          boundary cond. : xyz
          start          : setconf 


number of time steps/passes           1  *       100  =        100

temperature                    =     298.000
pressure                       =       0.165
box lengths (x,y,z)            =     100.000     100.000     100.000
volume                         =   0.100E+07

seed of random generator       =           2


**************************************************************************************************************
*                                                coordinates                                                 *
**************************************************************************************************************


particle coordinates
--------------------
particle no   particle type       com (x,y,z)              x'-axis (x,y,z)        y'-axis (x,y,z)        z'-axis (x,y,z)
-----------   -------------       -----------              ---------------        ---------------        ---------------
     1        bead           10.322  -33.908   17.280   0.422 -0.552  0.719   -0.595 -0.767 -0.240    0.684 -0.327 -0.652
     2        bead           13.496  -30.638   19.336   0.203 -0.963 -0.175    0.070 -0.164  0.984   -0.977 -0.212  0.034
     3        bead           16.883  -31.392   22.936  -0.236  0.675  0.699    0.213  0.738 -0.640   -0.948 -0.002 -0.318
     4        bead           19.899  -31.173   26.918  -0.358  0.668 -0.652   -0.164  0.643  0.748    0.919  0.375 -0.121
     5        bead           20.315  -32.585   31.696   0.143  0.493  0.858   -0.117 -0.853  0.509    0.983 -0.173 -0.064
     6        bead           24.074  -33.448   34.878  -0.019  0.603 -0.797    0.780 -0.489 -0.389   -0.625 -0.630 -0.461
     7        bead           26.235  -37.287   37.243   0.473  0.764  0.440    0.308  0.324 -0.894   -0.826  0.558 -0.082
     8        bead           25.832  -42.122   36.036   0.128  0.770  0.625   -0.132 -0.612  0.780    0.983 -0.182  0.024
     9        bead           27.199  -45.595   32.709   0.621 -0.709 -0.335    0.365 -0.117  0.924   -0.694 -0.695  0.186
    10        bead           31.127  -47.410   30.203   0.609  0.030 -0.793   -0.262  0.951 -0.165    0.749  0.308  0.587
    11        bead           35.427  -44.867   29.991  -0.803 -0.483 -0.349    0.574 -0.469 -0.672    0.161 -0.739  0.654
    12        bead           39.433  -44.717   27.004  -0.590  0.735 -0.335    0.078 -0.361 -0.929   -0.804 -0.574  0.155
    13        bead           42.004  -45.079   22.730   0.630  0.663  0.406   -0.764  0.622  0.170   -0.140 -0.417  0.898
    14        bead           43.844  -47.909   19.041   0.490 -0.208  0.846   -0.102 -0.978 -0.182    0.865  0.003 -0.501
    15        bead           43.057   49.961   14.587   0.704 -0.699  0.124   -0.181 -0.345 -0.921    0.687  0.626 -0.370
    16        bead           46.653   48.266   11.555  -0.758  0.077 -0.647   -0.652 -0.057  0.757    0.021  0.995  0.093
    17        bead           48.546   44.113    9.512  -0.565 -0.307 -0.766   -0.796 -0.040  0.603   -0.216  0.951 -0.222
    18        bead          -47.115   43.216    7.195   0.611  0.120 -0.783   -0.655 -0.479 -0.585   -0.446  0.869 -0.214
    19        bead          -42.942   43.647    4.474  -0.446  0.895  0.012    0.009 -0.008  1.000    0.895  0.446 -0.005
    20        bead          -40.654   47.436    2.149   0.574  0.664  0.479    0.177 -0.672  0.719    0.800 -0.328 -0.503
    21        bead          -12.954  -41.296   14.761  -0.763  0.572 -0.301   -0.271  0.140  0.952    0.587  0.808  0.048
    22        bead          -14.996  -42.835   10.464   0.526 -0.185 -0.830   -0.627  0.574 -0.526    0.574  0.797  0.186
    23        bead          -12.390  -42.679    6.200   0.673  0.070 -0.736    0.281 -0.945  0.168   -0.684 -0.320 -0.656
    24        bead           -8.125  -43.882    3.884  -0.633  0.499  0.592   -0.731 -0.131 -0.670   -0.257 -0.857  0.447
    25        bead           -7.731  -47.799    0.802  -0.518  0.843 -0.147   -0.041  0.147  0.988    0.854  0.518 -0.042
    26        bead          -11.191   48.763   -0.299   0.595  0.472  0.650   -0.772  0.111  0.626    0.223 -0.874  0.431
    27        bead          -15.807   48.520    1.606   0.929 -0.308  0.204    0.174 -0.123 -0.977    0.326  0.943 -0.061
    28        bead          -18.842   44.617    2.349   0.598  0.478  0.644    0.478  0.433 -0.765   -0.644  0.764  0.030
    29        bead          -22.351   42.928    5.485  -0.077  0.983 -0.164    0.181 -0.148 -0.972   -0.981 -0.104 -0.166
    30        bead          -25.066   46.074    8.265  -0.320  0.910  0.263    0.415  0.385 -0.824   -0.852 -0.155 -0.501
    31        bead          -26.912   48.600   12.165   0.655 -0.292 -0.697    0.448 -0.592  0.670   -0.609 -0.751 -0.257
    32        bead          -31.719   49.480   13.225   0.554 -0.632 -0.541    0.440 -0.329  0.835   -0.706 -0.701  0.096
    33        bead          -36.081   47.301   12.117  -0.502 -0.850 -0.158    0.030 -0.200  0.979   -0.864  0.487  0.126
    34        bead          -39.612   44.200   10.411  -0.486 -0.561  0.670   -0.275 -0.630 -0.726    0.830 -0.537  0.152
    35        bead          -44.084   42.019   10.903   0.697 -0.435 -0.570    0.704  0.263  0.660   -0.137 -0.861  0.489
    36        bead          -45.438   38.844   14.521   0.678  0.299  0.671    0.602 -0.751 -0.273    0.422  0.589 -0.689
    37        bead          -44.067   34.049   14.881  -0.628 -0.653  0.424    0.268  0.330  0.905   -0.731  0.682 -0.032
    38        bead          -39.650   32.373   16.518  -0.699 -0.619 -0.357   -0.322 -0.173  0.931   -0.638  0.766 -0.079
    39        bead          -37.882   28.376   18.946  -0.907  0.335 -0.256   -0.168  0.268  0.949    0.386  0.903 -0.187
    40        bead          -34.810   25.876   21.997  -0.601 -0.100 -0.793   -0.276  0.957  0.088    0.750  0.272 -0.603

atom coordinates
----------------
atom no       atom type      particle no    particle type            coordinate (x,y,z)
-------       ---------      -----------    -------------            ------------------
     1        site                1         bead               10.32219   -33.90843    17.28031
     2        site                2         bead               13.49611   -30.63754    19.33639
     3        site                3         bead               16.88335   -31.39249    22.93592
     4        site                4         bead               19.89936   -31.17269    26.91780
     5        site                5         bead               20.31526   -32.58546    31.69599
     6        site                6         bead               24.07429   -33.44830    34.87800
     7        site                7         bead               26.23549   -37.28700    37.24308
     8        site                8         bead               25.83246   -42.12239    36.03620
     9        site                9         bead               27.19908   -45.59504    32.70857
    10        site               10         bead               31.12693   -47.40984    30.20287
    11        site               11         bead               35.42666   -44.86670    29.99121
    12        site               12         bead               39.43329   -44.71686    27.00382
    13        site               13         bead               42.00366   -45.07900    22.73041
    14        site               14         bead               43.84355   -47.90856    19.04146
    15        site               15         bead               43.05655    49.96093    14.58707
    16        site               16         bead               46.65311    48.26587    11.55531
    17        site               17         bead               48.54624    44.11348     9.51234
    18        site               18         bead              -47.11506    43.21579     7.19505
    19        site               19         bead              -42.94229    43.64704     4.47439
    20        site               20         bead              -40.65399    47.43599     2.14898
    21        site               21         bead              -12.95383   -41.29573    14.76090
    22        site               22         bead              -14.99568   -42.83548    10.46439
    23        site               23         bead              -12.39044   -42.67882     6.19963
    24        site               24         bead               -8.12537   -43.88158     3.88392
    25        site               25         bead               -7.73130   -47.79928     0.80230
    26        site               26         bead              -11.19068    48.76289    -0.29949
    27        site               27         bead              -15.80708    48.52029     1.60576
    28        site               28         bead              -18.84237    44.61706     2.34863
    29        site               29         bead              -22.35113    42.92796     5.48480
    30        site               30         bead              -25.06628    46.07426     8.26486
    31        site               31         bead              -26.91192    48.60011    12.16533
    32        site               32         bead              -31.71861    49.47950    13.22477
    33        site               33         bead              -36.08078    47.30123    12.11722
    34        site               34         bead              -39.61233    44.20021    10.41082
    35        site               35         bead              -44.08447    42.01901    10.90311
    36        site               36         bead              -45.43833    38.84427    14.52085
    37        site               37         bead              -44.06749    34.04935    14.88080
    38        site               38         bead              -39.65031    32.37339    16.51777
    39        site               39         bead              -37.88187    28.37632    18.94595
    40        site               40         bead              -34.80999    25.87564    21.99719

**************************************************************************************************************
*                                               mc statistics                                                *
**************************************************************************************************************


chain move                                       total          bead      
-------------------                              -----          ----------
total number of conf.          =             4000 1.00           4000 1.00
accepted number of conf.       =             3949 0.99           3949 0.99
hard-core rejected conf.       =               51 0.01             51 0.01

average no of displaced part.  =                                     20.00
