**************************************************************************************************************
**************************************************************************************************************
**                                                                                                          **
**                                                                                                          **
**                                                  Molsim                                                  **
**                                                                                                          **
**                  integrated md/mc/bd simulation program belonging to the molsim package                  **
**                                                                                                          **
**                                          version 6.4.7, v2.2.0                                           **
**                                                                                                          **
**                                                                                                          **
**                                                Per Linse                                                 **
**                                            Physical Chemistry                                            **
**                                         Department of Chemistry                                          **
**                                             Lund University                                              **
**                                               P.O. Box 124                                               **
**                                          S-221 00 Lund, SWEDEN                                           **
**                                                                                                          **
**                                                                                                          **
**                                         with contributions from                                          **
**                                                                                                          **
**                  Anna Akinchina, Fredrik Carlsson, Samuel Edgecombe, Yoshikatsu Hayashi                  **
**          Pascal Hebbeker, Cornelius Hofzumahaus, Niklas Källrot, Björn Linse, Vladimir Lobaskin          **
**               Thomas M. Nymand, Alberto Pais, Jurij Rescic, Stefanie Schneider, Marie Skepö              **
**          Joakim Stenhammar, Anders Wallqvist, Jos van Rijssel, Erik Wernersson, Per-Olof Åstrand         **
**                                                                                                          **
**                                                                                                          **
**************************************************************************************************************
**************************************************************************************************************
 
2017-01-05     15:51:38

**************************************************************************************************************
*                                                                                                            *
*                                            i n p u t   d a t a                                             *
*                                                                                                            *
**************************************************************************************************************


**************************************************************************************************************
*                                            general information                                             *
**************************************************************************************************************


title   : testchain: 2+2 20-mer's                                                                   

key data: mode           : simulation
          method         : mc   
          ensemble       : nvt
          boundary cond. : xyz
          start          : setconf 


number of time steps/passes           1  *       100  =        100

temperature                    =     298.000
pressure                       =       0.101
box lengths (x,y,z)            =     100.000     100.000     100.000
volume                         =   0.100E+07

seed of random generator       =           1

optional subroutine used
------------------------
   ControlAver
   MainAver
   Static

parameters controlling the output interval (0 = no)
-------------------------------------------------
   itest              0
   ipart              1
   iatom              1
   iaver            100
   ishow              1
   iplot              0
   ilist              1

external units
--------------
number        generic name        file name
------        ------------        ---------
   1               fin            FIN       
   2               fout           FOUT      
   3               fcnf           FCNF      
   8               flist          FLIST     

**************************************************************************************************************
*                                                   units                                                    *
**************************************************************************************************************

quantity                unit
--------                ----
length              1.000E-10 m
mass                1.000E-03 kg/mol
temperature         1.000E+00 k
time                1.000E-12 s
energy              1.000E+03 j/mol
heat capacity       1.000E+00 j/mol*k
diff. coeff.        1.000E-09 m**2/s
pressure            1.000E+06 pa
volume              1.000E-30 m**3
linear vel.         1.000E+02 m/s
linear acc.         1.000E+14 m/s**2
force               1.000E+11 n/mol
moment of inertia   1.000E-23 kg*m**2/mol
angle               1.745E-02 rad

**************************************************************************************************************
*                                               particle data                                                *
**************************************************************************************************************

charged atoms enabled

number of chains               =       4
number of particles            =      80
number of atoms                =      80
number of chains types         =       2     (     10 )
number of particle types       =       2     (     10 )
number of atom types           =       2     (     10 )

chain type         no of chains             topology  npptct(1,ict)  npptct(2,ict)
----------         ------------             --------  -------------  -------------
20-mer1                2                    block        20             0 
20-mer2                2                    block         0            20 

particle       no        atom     no     mass    hard core    no of unit   weak      pK        sigma    epsilon  zatalpha
                                                 radius       charges      charge                              
--------       --        ----     --     ----    ---------    ----------   ------    --        -----    -------  --------
bead1          40
                         site1    1     10.000    2.000        0.0000        F      0.0000     0.0000    0.0000    0.0000
bead2          40
                         site2    1     10.000    2.000        0.0000        F      0.0000     0.0000    0.0000    0.0000

molecular input frame: bead1     
---------------------- -----

atom               coordinate (x,y,z)
----               ------------------
site1        0.00000   0.00000   0.00000

principal axis frame: bead1     
--------------------- -----

atom               coordinate (x,y,z)
----               ------------------
site1        0.00000   0.00000   0.00000

molecular input frame: bead2     
---------------------- -----

atom               coordinate (x,y,z)
----               ------------------
site2        0.00000   0.00000   0.00000

principal axis frame: bead2     
--------------------- -----

atom               coordinate (x,y,z)
----               ------------------
site2        0.00000   0.00000   0.00000

particle             mass           moment of inertia (x,y,z)        maximal atom-com distance
--------             ----           -------------------------        -------------------------
bead1              10.000          0.000     0.000     0.000             0.000
bead2              10.000          0.000     0.000     0.000             0.000

**************************************************************************************************************
*                                          two-body potential data                                           *
**************************************************************************************************************

rcut                           =      86.603
utoltab                        =   0.100E-04
ftoltab                        =   0.100E-04
umaxtab                        =   0.200E+05
fmaxtab                        =   0.200E+05

monoatomic energy and force routines

particle pair              potential
-------------              ---------
bead1-bead1                  default             
bead1-bead2                  default             
bead2-bead2                  default             

atom pair         energy coefficients (ipot and ucoff)
---------         ------------------------------------
site1-site1         
site1-site2         
site2-site2         

specification of two-body potential tables
------------------------------------------
atom pair          no of grids         iubuflow       rumin     rumax
---------          -----------         --------       -----     -----
site1-site1            3                   1          0.010    95.263
site1-site2            3                  37          0.010    95.263
site2-site2            3                  73          0.010    95.263

nbuf (needed, allocated)        =        109      1000

**************************************************************************************************************
*                                               ipotchain data                                               *
**************************************************************************************************************

bond: force constant           =         2.50000        2.50000
bond: power                    =               2              4
bond: eqilibrium separation    =         5.00000        5.00000
angle: force constant          =         0.00100        0.00100
angle: power                   =               2              4
angle: eqilibrium separation   =       180.00000      180.00000
itestpotchain                  =               0

**************************************************************************************************************
*                                         initial configuration data                                         *
**************************************************************************************************************

start configuration from SetConfiguration
-----------------------------------------
part. type    routine          no of unit cells (x,y,z)     lower (x,y,z)      upper (x,y,z)      shift (x,y,z)
----------    -------          ------------------------     -------------      -------------      -------------
 1  bead1     chainrandom             0    0    0        -50.00-50.00-50.00  50.00 50.00 50.00   0.00  0.00  0.00
 2  bead2     chainrandom             0    0    0        -50.00-50.00-50.00  50.00 50.00 50.00   0.00  0.00  0.00

bond length scaling factor              =      1.000   1.000
minimum angle between consecutive beads =    120.000 120.000

first macrostep                =      1

**************************************************************************************************************
*                                                coordinates                                                 *
**************************************************************************************************************


particle coordinates
--------------------
particle no   particle type       com (x,y,z)              x'-axis (x,y,z)        y'-axis (x,y,z)        z'-axis (x,y,z)
-----------   -------------       -----------              ---------------        ---------------        ---------------
     1        bead1         -27.207  -17.262    4.670   0.422 -0.552  0.719   -0.595 -0.767 -0.240    0.684 -0.327 -0.652
     2        bead1         -24.033  -13.991    6.726   0.203 -0.963 -0.175    0.070 -0.164  0.984   -0.977 -0.212  0.034
     3        bead1         -20.645  -14.746   10.325  -0.236  0.675  0.699    0.213  0.738 -0.640   -0.948 -0.002 -0.318
     4        bead1         -17.629  -14.526   14.307  -0.358  0.668 -0.652   -0.164  0.643  0.748    0.919  0.375 -0.121
     5        bead1         -17.213  -15.939   19.085   0.143  0.493  0.858   -0.117 -0.853  0.509    0.983 -0.173 -0.064
     6        bead1         -13.454  -16.802   22.267  -0.019  0.603 -0.797    0.780 -0.489 -0.389   -0.625 -0.630 -0.461
     7        bead1         -11.293  -20.640   24.632   0.473  0.764  0.440    0.308  0.324 -0.894   -0.826  0.558 -0.082
     8        bead1         -11.696  -25.476   23.426   0.128  0.770  0.625   -0.132 -0.612  0.780    0.983 -0.182  0.024
     9        bead1         -10.330  -28.948   20.098   0.621 -0.709 -0.335    0.365 -0.117  0.924   -0.694 -0.695  0.186
    10        bead1          -6.402  -30.763   17.592   0.609  0.030 -0.793   -0.262  0.951 -0.165    0.749  0.308  0.587
    11        bead1          -2.102  -28.220   17.381  -0.803 -0.483 -0.349    0.574 -0.469 -0.672    0.161 -0.739  0.654
    12        bead1           1.905  -28.070   14.393  -0.590  0.735 -0.335    0.078 -0.361 -0.929   -0.804 -0.574  0.155
    13        bead1           4.475  -28.432   10.120   0.630  0.663  0.406   -0.764  0.622  0.170   -0.140 -0.417  0.898
    14        bead1           6.315  -31.262    6.431   0.490 -0.208  0.846   -0.102 -0.978 -0.182    0.865  0.003 -0.501
    15        bead1           5.528  -33.392    1.976   0.704 -0.699  0.124   -0.181 -0.345 -0.921    0.687  0.626 -0.370
    16        bead1           9.124  -35.087   -1.055  -0.758  0.077 -0.647   -0.652 -0.057  0.757    0.021  0.995  0.093
    17        bead1          11.017  -39.240   -3.098  -0.565 -0.307 -0.766   -0.796 -0.040  0.603   -0.216  0.951 -0.222
    18        bead1          15.356  -40.138   -5.416   0.611  0.120 -0.783   -0.655 -0.479 -0.585   -0.446  0.869 -0.214
    19        bead1          19.529  -39.706   -8.136  -0.446  0.895  0.012    0.009 -0.008  1.000    0.895  0.446 -0.005
    20        bead1          21.817  -35.917  -10.462   0.574  0.664  0.479    0.177 -0.672  0.719    0.800 -0.328 -0.503
    21        bead1          -6.662   24.518   35.242  -0.763  0.572 -0.301   -0.271  0.140  0.952    0.587  0.808  0.048
    22        bead1          -8.704   22.978   30.946   0.526 -0.185 -0.830   -0.627  0.574 -0.526    0.574  0.797  0.186
    23        bead1          -6.099   23.135   26.681   0.673  0.070 -0.736    0.281 -0.945  0.168   -0.684 -0.320 -0.656
    24        bead1          -1.834   21.932   24.365  -0.633  0.499  0.592   -0.731 -0.131 -0.670   -0.257 -0.857  0.447
    25        bead1          -1.440   18.014   21.284  -0.518  0.843 -0.147   -0.041  0.147  0.988    0.854  0.518 -0.042
    26        bead1          -4.899   14.576   20.182   0.595  0.472  0.650   -0.772  0.111  0.626    0.223 -0.874  0.431
    27        bead1          -9.516   14.334   22.087   0.929 -0.308  0.204    0.174 -0.123 -0.977    0.326  0.943 -0.061
    28        bead1         -12.551   10.431   22.830   0.598  0.478  0.644    0.478  0.433 -0.765   -0.644  0.764  0.030
    29        bead1         -16.060    8.741   25.966  -0.077  0.983 -0.164    0.181 -0.148 -0.972   -0.981 -0.104 -0.166
    30        bead1         -18.775   11.888   28.746  -0.320  0.910  0.263    0.415  0.385 -0.824   -0.852 -0.155 -0.501
    31        bead1         -20.621   14.414   32.647   0.655 -0.292 -0.697    0.448 -0.592  0.670   -0.609 -0.751 -0.257
    32        bead1         -25.427   15.293   33.706   0.554 -0.632 -0.541    0.440 -0.329  0.835   -0.706 -0.701  0.096
    33        bead1         -29.789   13.115   32.599  -0.502 -0.850 -0.158    0.030 -0.200  0.979   -0.864  0.487  0.126
    34        bead1         -33.321   10.014   30.892  -0.486 -0.561  0.670   -0.275 -0.630 -0.726    0.830 -0.537  0.152
    35        bead1         -37.793    7.833   31.385   0.697 -0.435 -0.570    0.704  0.263  0.660   -0.137 -0.861  0.489
    36        bead1         -39.147    4.658   35.002   0.678  0.299  0.671    0.602 -0.751 -0.273    0.422  0.589 -0.689
    37        bead1         -37.776   -0.137   35.362  -0.628 -0.653  0.424    0.268  0.330  0.905   -0.731  0.682 -0.032
    38        bead1         -33.359   -1.813   36.999  -0.699 -0.619 -0.357   -0.322 -0.173  0.931   -0.638  0.766 -0.079
    39        bead1         -31.591   -5.810   39.427  -0.907  0.335 -0.256   -0.168  0.268  0.949    0.386  0.903 -0.187
    40        bead1         -28.519   -8.311   42.479  -0.601 -0.100 -0.793   -0.276  0.957  0.088    0.750  0.272 -0.603
    41        bead2          20.542  -33.021   30.516  -0.387  0.097  0.917    0.099 -0.984  0.145    0.917  0.147  0.371
    42        bead2          21.389  -37.901   31.205  -0.553 -0.743 -0.376   -0.125 -0.372  0.920   -0.823  0.556  0.113
    43        bead2          25.581  -40.610   30.907   0.042  0.719  0.694   -0.844 -0.346  0.409    0.534 -0.603  0.593
    44        bead2          29.118  -43.872   29.546   0.865 -0.155  0.476   -0.501 -0.245  0.830   -0.012 -0.957 -0.290
    45        bead2          32.508  -47.546   29.480  -0.934 -0.228  0.276   -0.357  0.645 -0.676   -0.024 -0.730 -0.683
    46        bead2          32.806   48.082   27.071   0.746  0.319  0.585    0.593 -0.718 -0.364    0.304  0.618 -0.725
    47        bead2          33.942   44.120   24.241   0.090  0.380  0.920    0.685 -0.694  0.220    0.723  0.611 -0.323
    48        bead2          33.301   42.946   19.423   0.836 -0.113 -0.536    0.445 -0.432  0.785   -0.321 -0.895 -0.311
    49        bead2          34.959   44.249   14.890  -0.859  0.031 -0.511    0.018  0.999  0.031    0.511  0.018 -0.859
    50        bead2          36.068   47.955   11.722   0.407  0.573 -0.711   -0.496 -0.515 -0.699   -0.767  0.638  0.075
    51        bead2          39.252  -48.330   10.689  -0.396 -0.860  0.322   -0.283 -0.219 -0.934    0.874 -0.461 -0.156
    52        bead2          40.955  -47.660    6.036  -0.803  0.414 -0.429   -0.328  0.293  0.898    0.497  0.862 -0.100
    53        bead2          44.373  -44.749    3.834   0.724  0.162 -0.671    0.478  0.583  0.657    0.498 -0.796  0.344
    54        bead2          49.160  -44.714    5.278   0.541 -0.841  0.028    0.015 -0.024 -1.000    0.841  0.541 -0.001
    55        bead2         -47.198  -42.214    2.936   0.820  0.521  0.237   -0.341  0.112  0.933    0.459 -0.846  0.270
    56        bead2         -43.691  -38.679    2.487   0.177  0.602  0.779   -0.956  0.294 -0.010   -0.235 -0.743  0.627
    57        bead2         -43.918  -33.737    1.762  -0.711  0.704 -0.002    0.019  0.016 -1.000   -0.703 -0.710 -0.025
    58        bead2         -40.674  -30.558   -0.330  -0.847  0.284  0.449    0.417 -0.169  0.893    0.330  0.944  0.025
    59        bead2         -37.238  -28.209    2.439  -0.340  0.611  0.715   -0.624  0.422 -0.658   -0.704 -0.670  0.238
    60        bead2         -33.118  -26.184    4.421  -0.912 -0.012  0.410    0.245 -0.819  0.519    0.330  0.574  0.750
    61        bead2          30.584   25.809   30.938   0.553 -0.796  0.245   -0.126 -0.371 -0.920    0.823  0.478 -0.306
    62        bead2          27.342   24.338   34.449   0.236 -0.703  0.671    0.677 -0.377 -0.632    0.697  0.603  0.387
    63        bead2          25.729   20.674   37.444  -0.181  0.351 -0.919   -0.661  0.649  0.378    0.729  0.675  0.114
    64        bead2          27.419   16.771   40.073   0.427  0.358 -0.830   -0.631 -0.539 -0.557   -0.647  0.762 -0.004
    65        bead2          31.608   14.826   41.989  -0.449  0.891 -0.074    0.150  0.157  0.976    0.881  0.427 -0.204
    66        bead2          35.175   11.586   40.656  -0.556  0.037  0.830   -0.762  0.374 -0.528   -0.330 -0.927 -0.180
    67        bead2          35.921    6.848   42.069  -0.484 -0.721 -0.497   -0.786  0.607 -0.116    0.386  0.334 -0.860
    68        bead2          37.356    2.724   44.504   0.749 -0.539 -0.386    0.491  0.842 -0.223    0.445 -0.023  0.895
    69        bead2          39.572   -0.082   47.999  -0.444  0.745  0.497   -0.461  0.286 -0.840   -0.768 -0.603  0.216
    70        bead2          37.899   -2.939  -48.254  -0.655 -0.680 -0.329    0.332  0.132 -0.934    0.679 -0.721  0.139
    71        bead2          34.821   -6.405  -46.380  -0.051 -0.126  0.991    0.288 -0.952 -0.106    0.956  0.280  0.085
    72        bead2          36.550  -10.447  -43.998  -0.565  0.695 -0.445   -0.317  0.315  0.895    0.762  0.646  0.043
    73        bead2          34.529  -14.959  -44.746  -0.121  0.817 -0.564    0.991  0.136 -0.014    0.065 -0.560 -0.826
    74        bead2          34.916  -18.387  -48.366  -0.429  0.591  0.683    0.103  0.783 -0.613   -0.897 -0.193 -0.397
    75        bead2          31.779  -21.306   49.058  -0.488 -0.697  0.525    0.409  0.349  0.843   -0.771  0.627  0.114
    76        bead2          27.761  -20.470   46.202   0.531  0.285 -0.798   -0.197 -0.875 -0.443   -0.824  0.392 -0.409
    77        bead2          26.862  -16.933   42.785   0.502 -0.764  0.404   -0.622 -0.644 -0.445    0.600 -0.028 -0.799
    78        bead2          26.919  -14.804   38.261   0.477 -0.605 -0.638    0.262 -0.595  0.760   -0.839 -0.529 -0.125
    79        bead2          27.570   -9.873   37.753  -0.822 -0.368  0.434   -0.476  0.025 -0.879    0.313 -0.929 -0.195
    80        bead2          25.387   -6.121   35.272  -0.613 -0.605  0.509    0.137 -0.715 -0.686    0.779 -0.351  0.521

atom coordinates
----------------
atom no       atom type      particle no    particle type            coordinate (x,y,z)
-------       ---------      -----------    -------------            ------------------
     1        site1               1         bead1             -27.20657   -17.26179     4.66966
     2        site1               2         bead1             -24.03264   -13.99090     6.72573
     3        site1               3         bead1             -20.64540   -14.74585    10.32527
     4        site1               4         bead1             -17.62939   -14.52605    14.30715
     5        site1               5         bead1             -17.21350   -15.93882    19.08534
     6        site1               6         bead1             -13.45446   -16.80166    22.26734
     7        site1               7         bead1             -11.29327   -20.64036    24.63242
     8        site1               8         bead1             -11.69629   -25.47575    23.42554
     9        site1               9         bead1             -10.32967   -28.94840    20.09792
    10        site1              10         bead1              -6.40182   -30.76320    17.59222
    11        site1              11         bead1              -2.10210   -28.22006    17.38055
    12        site1              12         bead1               1.90453   -28.07022    14.39317
    13        site1              13         bead1               4.47491   -28.43236    10.11976
    14        site1              14         bead1               6.31480   -31.26192     6.43080
    15        site1              15         bead1               5.52780   -33.39243     1.97641
    16        site1              16         bead1               9.12436   -35.08749    -1.05535
    17        site1              17         bead1              11.01749   -39.23987    -3.09832
    18        site1              18         bead1              15.35619   -40.13757    -5.41560
    19        site1              19         bead1              19.52896   -39.70631    -8.13626
    20        site1              20         bead1              21.81726   -35.91736   -10.46168
    21        site1              21         bead1              -6.66246    24.51780    35.24240
    22        site1              22         bead1              -8.70432    22.97805    30.94589
    23        site1              23         bead1              -6.09907    23.13470    26.68113
    24        site1              24         bead1              -1.83400    21.93194    24.36542
    25        site1              25         bead1              -1.43993    18.01425    21.28380
    26        site1              26         bead1              -4.89931    14.57641    20.18200
    27        site1              27         bead1              -9.51571    14.33381    22.08726
    28        site1              28         bead1             -12.55100    10.43058    22.83012
    29        site1              29         bead1             -16.05976     8.74148    25.96629
    30        site1              30         bead1             -18.77491    11.88778    28.74635
    31        site1              31         bead1             -20.62056    14.41363    32.64683
    32        site1              32         bead1             -25.42724    15.29302    33.70627
    33        site1              33         bead1             -29.78941    13.11475    32.59871
    34        site1              34         bead1             -33.32096    10.01374    30.89231
    35        site1              35         bead1             -37.79310     7.83253    31.38460
    36        site1              36         bead1             -39.14696     4.65779    35.00235
    37        site1              37         bead1             -37.77613    -0.13713    35.36229
    38        site1              38         bead1             -33.35895    -1.81308    36.99927
    39        site1              39         bead1             -31.59051    -5.81016    39.42744
    40        site1              40         bead1             -28.51862    -8.31084    42.47869
    41        site2              41         bead2              20.54241   -33.02127    30.51589
    42        site2              42         bead2              21.38948   -37.90061    31.20477
    43        site2              43         bead2              25.58102   -40.61029    30.90711
    44        site2              44         bead2              29.11833   -43.87152    29.54630
    45        site2              45         bead2              32.50828   -47.54627    29.47982
    46        site2              46         bead2              32.80587    48.08222    27.07121
    47        site2              47         bead2              33.94240    44.12014    24.24097
    48        site2              48         bead2              33.30147    42.94591    19.42326
    49        site2              49         bead2              34.95885    44.24948    14.88962
    50        site2              50         bead2              36.06799    47.95528    11.72153
    51        site2              51         bead2              39.25177   -48.33036    10.68856
    52        site2              52         bead2              40.95548   -47.65953     6.03588
    53        site2              53         bead2              44.37291   -44.74872     3.83398
    54        site2              54         bead2              49.15959   -44.71398     5.27842
    55        site2              55         bead2             -47.19849   -42.21392     2.93616
    56        site2              56         bead2             -43.69129   -38.67874     2.48671
    57        site2              57         bead2             -43.91815   -33.73676     1.76189
    58        site2              58         bead2             -40.67442   -30.55835    -0.32997
    59        site2              59         bead2             -37.23751   -28.20891     2.43910
    60        site2              60         bead2             -33.11769   -26.18399     4.42072
    61        site2              61         bead2              30.58376    25.80947    30.93789
    62        site2              62         bead2              27.34215    24.33803    34.44885
    63        site2              63         bead2              25.72906    20.67394    37.44424
    64        site2              64         bead2              27.41898    16.77102    40.07318
    65        site2              65         bead2              31.60763    14.82572    41.98917
    66        site2              66         bead2              35.17527    11.58600    40.65645
    67        site2              67         bead2              35.92119     6.84792    42.06860
    68        site2              68         bead2              37.35605     2.72364    44.50407
    69        site2              69         bead2              39.57230    -0.08232    47.99904
    70        site2              70         bead2              37.89902    -2.93935   -48.25430
    71        site2              71         bead2              34.82096    -6.40533   -46.38011
    72        site2              72         bead2              36.55028   -10.44697   -43.99797
    73        site2              73         bead2              34.52903   -14.95855   -44.74646
    74        site2              74         bead2              34.91592   -18.38656   -48.36572
    75        site2              75         bead2              31.77934   -21.30624    49.05798
    76        site2              76         bead2              27.76147   -20.47037    46.20175
    77        site2              77         bead2              26.86189   -16.93274    42.78474
    78        site2              78         bead2              26.91864   -14.80425    38.26077
    79        site2              79         bead2              27.56962    -9.87287    37.75318
    80        site2              80         bead2              25.38676    -6.12096    35.27158
%%%%%%%%%%%%%%%%%%%%%%%%%%%%%%%%%%%%%%%%%%%%%%%%%%%%%%%%%%%%%%%%%%%%%%%%%%%%%%%%%%%%%%%%%%%%%%%%%%%%%%%%%%%%%%
%                                                                                                            %
%                                     w a r n i n g   f r o m   I O M C                                      %
%                                                                                                            %
%                   chain contour length > box length, potential trouble with pbc & pivot                    %
%                                                                                                            %
%%%%%%%%%%%%%%%%%%%%%%%%%%%%%%%%%%%%%%%%%%%%%%%%%%%%%%%%%%%%%%%%%%%%%%%%%%%%%%%%%%%%%%%%%%%%%%%%%%%%%%%%%%%%%%
%%%%%%%%%%%%%%%%%%%%%%%%%%%%%%%%%%%%%%%%%%%%%%%%%%%%%%%%%%%%%%%%%%%%%%%%%%%%%%%%%%%%%%%%%%%%%%%%%%%%%%%%%%%%%%
%                                                                                                            %
%                                     w a r n i n g   f r o m   I O M C                                      %
%                                                                                                            %
%                   chain contour length > box length, potential trouble with pbc & pivot                    %
%                                                                                                            %
%%%%%%%%%%%%%%%%%%%%%%%%%%%%%%%%%%%%%%%%%%%%%%%%%%%%%%%%%%%%%%%%%%%%%%%%%%%%%%%%%%%%%%%%%%%%%%%%%%%%%%%%%%%%%%

**************************************************************************************************************
*                                                  mc data                                                   *
**************************************************************************************************************

uniform sampling, random
cubic displacement volume

single-particle move                   bead1          bead2     
-------------------                    ----------     ----------
probability                    =       0.667          0.667
tran. displacement parameter   =            5.000          5.000
rot. displacement parameter    =           20.000         20.000

pivot move                             bead1          bead2     
-------------------                    ----------     ----------
probability                    =       0.333          0.333
subchain to be rotated         =            short          short
rot. displacement parameter    =          360.000        360.000
auxillary displacement param.  =            0.000          0.000
pivot rotation mode            =       1


**************************************************************************************************************
*                                               neighbour list                                               *
**************************************************************************************************************

verlet list
automatic control of update frequency
layer thickness                =       180.000
factor used to calculate nneigh=         2.000
maximal number of neighbours   =          2000

**************************************************************************************************************
*                                          thermodynamic quantities                                          *
**************************************************************************************************************

quantity                            initial value
&-------                            -------------
total potential energy         =          0.57688
 total two-body energy         =          0.00000
  bead1-bead1                  =          0.00000
  bead1-bead2                  =          0.00000
  bead2-bead2                  =          0.00000
 bond energy                   =          0.00000
 angle energy                  =          0.57688
enthalpy                       =          3.05460
temperature                    =        298.00000
pressure (excl. cont. contr.)  =          0.32915
number of particles            =         80.00000
volume                         =      1.00000E+06

total potential energy (NkT)   =          0.23283
pressure (NkT/V)(excl. contact)=          1.00000
pressure (kT) (excl. contact)  =      8.00000E-05
 
total cpu time since start (s)        0.01

**************************************************************************************************************
*                                                                                                            *
*                              r e s u l t   o f   m a c r o s t e p         1                               *
*                                                                                                            *
**************************************************************************************************************

 
  step/pass   pot. energy    temperature    pressure       volume
   100          1.955        298.000          0.329    1000000.000

**************************************************************************************************************
*                                               mc statistics                                                *
**************************************************************************************************************

single-particle move                             total          bead1               bead2     
-------------------                              -----          ----------          ----------
total number of conf.          =             5312 1.00           2603 1.00           2709 1.00
accepted number of conf.       =             1311 0.25            716 0.28            595 0.22
energy rejected conf.          =             2602 0.49           1264 0.49           1338 0.49
hard-core rejected conf.       =             1399 0.26            623 0.24            776 0.29

average no of displaced part.  =                                      1.00                1.00
average no of net joining part.=                                      0.00                0.00

pivot move                                       total          bead1               bead2     
-------------------                              -----          ----------          ----------
total number of conf.          =             2408 1.00           1173 1.00           1235 1.00
accepted number of conf.       =             2329 0.97           1130 0.96           1199 0.97
hard-core rejected conf.       =               79 0.03             43 0.04             36 0.03

average no of displaced part.  =                                      6.02                5.97
average no of net joining part.=                                      0.00                0.00

**************************************************************************************************************
*                                             control statistics                                             *
**************************************************************************************************************

quantity                                    bead1               bead2     
--------                                    ----------          ----------

<dr**2>/step (macrostep)       =            0.7641E+01          0.1031E+02
precision                      =            0.1173E+01          0.1402E+01
<dr**2>/step (from start)      =            0.7641E+01          0.1031E+02
precision                      =            0.1173E+01          0.1402E+01

orientation order, x'-axis     =                1.0000              1.0000
orientation order, y'-axis     =                1.0000              1.0000
orientation order, z'-axis     =                1.0000              1.0000

<ro> (x,y,z)                   =    -10.62 -6.40 20.08   22.05 -0.64  2.91
<x'> (x,y,z)                   =      0.04  0.10 -0.05   -0.10  0.02  0.10
<y'> (x,y,z)                   =     -0.03 -0.09  0.11   -0.08 -0.06 -0.05
<z'> (x,y,z)                   =     -0.00  0.08 -0.05    0.16 -0.04 -0.05

**************************************************************************************************************
*                                          thermodynamic quantities                                          *
**************************************************************************************************************

quantity                                  average    fluctuation          check
&&------                                  -------    -----------          -----
total potential energy         =          1.95539        0.33718     -0.457E-15
 total two-body energy         =          0.00000        0.00000      0.000E+00
  bead1-bead1                  =          0.00000        0.00000      0.000E+00
  bead1-bead2                  =          0.00000        0.00000      0.000E+00
  bead2-bead2                  =          0.00000        0.00000      0.000E+00
 bond energy                   =          0.76608        0.19272      0.103E-14
 angle energy                  =          1.18931        0.17186      0.267E-14
enthalpy                       =          4.43311        0.33718
cv                             =         12.31820
temperature                    =        298.00000        0.00000
