
..............................................................................................................
.                                         TestSetObjectParam1 chain                                          .
..............................................................................................................

ict, jct, ictct
    1    1    1

        ic, ictcn(ic),      iseg,   ipnsegcn(iseg,ic) = i
          1          1          1          1
          1          1          2          5
          1          1          3          6
          1          1          4          7
          1          1          5          8
          1          1          6         21
          1          1          7         22
          1          1          8          2
          1          1          9          9
          1          1         10         10
          1          1         11         11
          1          1         12         12
          1          1         13         23
          1          1         14         24
          2          1          1          3
          2          1          2         13
          2          1          3         14
          2          1          4         15
          2          1          5         16
          2          1          6         25
          2          1          7         26
          2          1          8          4
          2          1          9         17
          2          1         10         18
          2          1         11         19
          2          1         12         20
          2          1         13         27
          2          1         14         28

        ip, iptpn(ip), ictpn(ip), icnpn(ip), bondnn(1,ip), bondnn(2,ip), isegpn(ip)
          1          1          1          1          0          5          1
          2          1          1          1         22          9          8
          3          1          1          2          0         13          1
          4          1          1          2         26         17          8
          5          2          1          1          1          6          2
          6          2          1          1          5          7          3
          7          2          1          1          6          8          4
          8          2          1          1          7         21          5
          9          2          1          1          2         10          9
         10          2          1          1          9         11         10
         11          2          1          1         10         12         11
         12          2          1          1         11         23         12
         13          2          1          2          3         14          2
         14          2          1          2         13         15          3
         15          2          1          2         14         16          4
         16          2          1          2         15         25          5
         17          2          1          2          4         18          9
         18          2          1          2         17         19         10
         19          2          1          2         18         20         11
         20          2          1          2         19         27         12
         21          3          1          1          8         22          6
         22          3          1          1         21          2          7
         23          3          1          1         12         24         13
         24          3          1          1         23          0         14
         25          3          1          2         16         26          6
         26          3          1          2         25          4          7
         27          3          1          2         20         28         13
         28          3          1          2         27          0         14
**************************************************************************************************************
**************************************************************************************************************
**                                                                                                          **
**                                                                                                          **
**                                                  Molsim                                                  **
**                                                                                                          **
**                  integrated md/mc/bd simulation program belonging to the molsim package                  **
**                                                                                                          **
**                                          version 6.4.7, v2.3.0                                           **
**                                                                                                          **
**                                                                                                          **
**                                                Per Linse                                                 **
**                                            Physical Chemistry                                            **
**                                         Department of Chemistry                                          **
**                                             Lund University                                              **
**                                               P.O. Box 124                                               **
**                                          S-221 00 Lund, SWEDEN                                           **
**                                                                                                          **
**                                                                                                          **
**                                         with contributions from                                          **
**                                                                                                          **
**                  Anna Akinchina, Fredrik Carlsson, Samuel Edgecombe, Yoshikatsu Hayashi                  **
**          Pascal Hebbeker, Cornelius Hofzumahaus, Niklas Källrot, Björn Linse, Vladimir Lobaskin          **
**               Thomas M. Nymand, Alberto Pais, Jurij Rescic, Stefanie Schneider, Marie Skepö              **
**          Joakim Stenhammar, Anders Wallqvist, Jos van Rijssel, Erik Wernersson, Per-Olof Åstrand         **
**                                                                                                          **
**                                                                                                          **
**************************************************************************************************************
**************************************************************************************************************
 
2017-02-15     11:39:59

**************************************************************************************************************
*                                                                                                            *
*                                            i n p u t   d a t a                                             *
*                                                                                                            *
**************************************************************************************************************


**************************************************************************************************************
*                                            general information                                             *
**************************************************************************************************************


title   : testchain: tricopolymer (abbbbccabbbbcc)                                                  

key data: mode           : simulation
          method         : mc   
          ensemble       : nvt
          boundary cond. : xyz
          start          : setconf 


number of time steps/passes           1  *         1  =          1

temperature                    =     298.000
pressure                       =       0.101
box lengths (x,y,z)            =     100.000     100.000     100.000
volume                         =   0.100E+07

seed of random generator       =           1

optional subroutine used
------------------------
   ControlAver
   MainAver

parameters controlling the output interval (0 = no)
-------------------------------------------------
   itest              0
   ipart              1
   iatom              1
   iaver              1
   ishow              1
   iplot              0
   ilist              0

external units
--------------
number        generic name        file name
------        ------------        ---------
   1               fin            FIN       
   2               fout           FOUT      
   3               fcnf           FCNF      

**************************************************************************************************************
*                                                   units                                                    *
**************************************************************************************************************

quantity                unit
--------                ----
length              1.000E-10 m
mass                1.000E-03 kg/mol
temperature         1.000E+00 k
time                1.000E-12 s
energy              1.000E+03 j/mol
heat capacity       1.000E+00 j/mol*k
diff. coeff.        1.000E-09 m**2/s
pressure            1.000E+06 pa
volume              1.000E-30 m**3
linear vel.         1.000E+02 m/s
linear acc.         1.000E+14 m/s**2
force               1.000E+11 n/mol
moment of inertia   1.000E-23 kg*m**2/mol
angle               1.745E-02 rad

**************************************************************************************************************
*                                               particle data                                                *
**************************************************************************************************************

charged atoms enabled

number of chains               =       2
number of particles            =      28
number of atoms                =      28
number of chains types         =       1     (     10 )
number of particle types       =       3     (     10 )
number of atom types           =       3     (     10 )

chain type         no of chains             topology  npptct(1,ict)  npptct(2,ict)  npptct(3,ict)
----------         ------------             --------  -------------  -------------  -------------
triblock               2                    regular       2             8             4

- - - - - - - - - - - - - sequence of chain type 1 'triblock' - - - - - - - - - - - - -

1-2-2-2-2-3-3-1-2-2-2-2-3-3

- - - - - - - - - - - - - - - - - - - - - - - - - - - - - - - - - - - - - - - - - - - - - 

particle       no        atom     no     mass    hard core    no of unit   weak      pK        sigma    epsilon  zatalpha
                                                 radius       charges      charge                              
--------       --        ----     --     ----    ---------    ----------   ------    --        -----    -------  --------
a               4
                         a        1      1.000    2.000        0.0000        F      0.0000     0.0000    0.0000    0.0000
b              16
                         b        1      1.000    2.000        0.0000        F      0.0000     0.0000    0.0000    0.0000
c               8
                         c        1      1.000    2.000        0.0000        F      0.0000     0.0000    0.0000    0.0000

molecular input frame: a         
---------------------- -

atom               coordinate (x,y,z)
----               ------------------
a            0.00000   0.00000   0.00000

principal axis frame: a         
--------------------- -

atom               coordinate (x,y,z)
----               ------------------
a            0.00000   0.00000   0.00000

molecular input frame: b         
---------------------- -

atom               coordinate (x,y,z)
----               ------------------
b            0.00000   0.00000   0.00000

principal axis frame: b         
--------------------- -

atom               coordinate (x,y,z)
----               ------------------
b            0.00000   0.00000   0.00000

molecular input frame: c         
---------------------- -

atom               coordinate (x,y,z)
----               ------------------
c            0.00000   0.00000   0.00000

principal axis frame: c         
--------------------- -

atom               coordinate (x,y,z)
----               ------------------
c            0.00000   0.00000   0.00000

particle             mass           moment of inertia (x,y,z)        maximal atom-com distance
--------             ----           -------------------------        -------------------------
a                   1.000          0.000     0.000     0.000             0.000
b                   1.000          0.000     0.000     0.000             0.000
c                   1.000          0.000     0.000     0.000             0.000

**************************************************************************************************************
*                                          two-body potential data                                           *
**************************************************************************************************************

rcut                           =      86.603
utoltab                        =   0.100E-04
ftoltab                        =   0.100E-04
umaxtab                        =   0.200E+05
fmaxtab                        =   0.200E+05

monoatomic energy and force routines

particle pair              potential
-------------              ---------
a-a                          default             
a-b                          default             
a-c                          default             
b-b                          default             
b-c                          default             
c-c                          default             

atom pair         energy coefficients (ipot and ucoff)
---------         ------------------------------------
a-a                 
a-b                 
a-c                 
b-b                 
b-c                 
c-c                 

specification of two-body potential tables
------------------------------------------
atom pair          no of grids         iubuflow       rumin     rumax
---------          -----------         --------       -----     -----
a-a                    2                   1          0.316    95.263
a-b                    2                  25          0.316    95.263
a-c                    2                  49          0.316    95.263
b-b                    2                  73          0.316    95.263
b-c                    2                  97          0.316    95.263
c-c                    2                 121          0.316    95.263

nbuf (needed, allocated)        =        145      1000

**************************************************************************************************************
*                                               ipotchain data                                               *
**************************************************************************************************************

bond: force constant           =         1.00000
bond: power                    =               2
bond: eqilibrium separation    =         5.00000
angle: force constant          =         4.00000
angle: power                   =               2
angle: eqilibrium separation   =       180.00000
itestpotchain                  =               0

**************************************************************************************************************
*                                         initial configuration data                                         *
**************************************************************************************************************

start configuration from SetConfiguration
-----------------------------------------
part. type    routine          no of unit cells (x,y,z)     lower (x,y,z)      upper (x,y,z)      shift (x,y,z)
----------    -------          ------------------------     -------------      -------------      -------------
 1  a         chainrandom             0    0    0        -50.00-50.00-50.00  50.00 50.00 50.00   0.00  0.00  0.00
 2  b         chainrandom             0    0    0        -50.00-50.00-50.00  50.00 50.00 50.00   0.00  0.00  0.00
 3  c         chainrandom             0    0    0        -50.00-50.00-50.00  50.00 50.00 50.00   0.00  0.00  0.00

bond length scaling factor              =      1.000
minimum angle between consecutive beads =      0.000

first macrostep                =      1

**************************************************************************************************************
*                                                coordinates                                                 *
**************************************************************************************************************


particle coordinates
--------------------
particle no   particle type       com (x,y,z)              x'-axis (x,y,z)        y'-axis (x,y,z)        z'-axis (x,y,z)
-----------   -------------       -----------              ---------------        ---------------        ---------------
     1        a             -27.207  -17.262    4.670   0.422 -0.552  0.719   -0.595 -0.767 -0.240    0.684 -0.327 -0.652
     2        a             -10.887  -21.979   17.335   0.672 -0.667  0.323   -0.282  0.174  0.944   -0.685 -0.725 -0.071
     3        a              -5.858   19.849  -48.700  -0.660 -0.380  0.648    0.466  0.470  0.750   -0.589  0.797 -0.133
     4        a              -9.104    9.432  -39.000   0.273  0.961  0.047    0.960 -0.275  0.050    0.061  0.031 -0.998
     5        b             -24.033  -13.991    6.726   0.203 -0.963 -0.175    0.070 -0.164  0.984   -0.977 -0.212  0.034
     6        b             -20.645  -14.746   10.325  -0.236  0.675  0.699    0.213  0.738 -0.640   -0.948 -0.002 -0.318
     7        b             -17.709  -18.683    9.389   0.603  0.044  0.796   -0.451  0.842  0.295   -0.658 -0.537  0.528
     8        b             -21.816  -19.388   12.153   0.407 -0.291 -0.866    0.257 -0.873  0.414   -0.877 -0.391 -0.280
     9        b              -8.523  -18.161   19.535   0.679  0.716  0.162    0.251 -0.019 -0.968   -0.690  0.698 -0.192
    10        b             -11.172  -13.945   19.075  -0.081 -0.967 -0.241    0.040  0.239 -0.970    0.996 -0.088  0.019
    11        b              -8.093  -14.779   15.225   0.524  0.405 -0.749   -0.838  0.086 -0.539   -0.154  0.910  0.384
    12        b              -9.261  -19.545   14.264  -0.344  0.886  0.310   -0.137  0.279 -0.950   -0.929 -0.370  0.026
    13        b              -3.683   16.897  -45.300  -0.772 -0.616 -0.156   -0.170  0.438 -0.883    0.612 -0.655 -0.443
    14        b              -5.434   16.301  -40.655   0.168  0.895 -0.413   -0.371  0.446  0.815    0.913  0.017  0.407
    15        b              -5.246   11.331  -41.166   0.287 -0.469  0.835    0.398 -0.735 -0.550    0.871  0.490 -0.024
    16        b              -2.962    7.123  -42.607   0.134 -0.709 -0.692   -0.678  0.444 -0.586    0.723  0.548 -0.421
    17        b              -9.430   10.982  -43.743   0.283  0.943 -0.172   -0.876  0.328  0.354    0.390  0.051  0.919
    18        b             -12.537   14.348  -41.740  -0.580 -0.682  0.446   -0.213 -0.402 -0.890    0.787 -0.611  0.088
    19        b             -15.123   18.625  -41.580  -0.278 -0.601  0.749   -0.927  0.372 -0.045   -0.252 -0.707 -0.661
    20        b             -19.436   17.538  -43.863  -0.304  0.718  0.626    0.372 -0.515  0.772    0.877  0.468 -0.111
    21        c             -17.817  -18.553   15.036   0.687 -0.099 -0.720    0.703 -0.161  0.693   -0.185 -0.982 -0.041
    22        c             -14.388  -18.670   18.673  -0.568  0.697 -0.437   -0.321  0.302  0.898    0.758  0.650  0.052
    23        c              -8.129  -18.794    9.452  -0.133  0.859  0.495    0.686  0.440 -0.579   -0.715  0.263 -0.648
    24        c              -3.310  -19.345   10.666   0.578 -0.433  0.692    0.264  0.901  0.343   -0.772 -0.016  0.636
    25        c              -6.419    6.181  -39.120   0.745  0.663  0.070   -0.093 -0.001  0.996    0.660 -0.749  0.061
    26        c              -4.724   10.229  -36.725  -0.021 -0.857 -0.515   -0.152  0.512 -0.845    0.988  0.060 -0.141
    27        c             -16.323   20.240  -46.692   0.041  0.848  0.528   -0.045 -0.526  0.849    0.998 -0.058  0.016
    28        c             -13.175   23.553  -44.663  -0.565  0.460  0.685    0.138  0.871 -0.472   -0.813 -0.172 -0.556

atom coordinates
----------------
atom no       atom type      particle no    particle type            coordinate (x,y,z)
-------       ---------      -----------    -------------            ------------------
     1        a                   1         a                 -27.20657   -17.26179     4.66966
     2        a                   2         a                 -10.88674   -21.97894    17.33545
     3        a                   3         a                  -5.85818    19.84872   -48.69969
     4        a                   4         a                  -9.10443     9.43228   -38.99995
     5        b                   5         b                 -24.03264   -13.99090     6.72573
     6        b                   6         b                 -20.64540   -14.74585    10.32527
     7        b                   7         b                 -17.70947   -18.68342     9.38942
     8        b                   8         b                 -21.81602   -19.38800    12.15344
     9        b                   9         b                  -8.52310   -18.16124    19.53509
    10        b                  10         b                 -11.17164   -13.94534    19.07527
    11        b                  11         b                  -8.09283   -14.77885    15.22479
    12        b                  12         b                  -9.26106   -19.54454    14.26380
    13        b                  13         b                  -3.68276    16.89713   -45.30032
    14        b                  14         b                  -5.43365    16.30145   -40.65494
    15        b                  15         b                  -5.24582    11.33116   -41.16571
    16        b                  16         b                  -2.96159     7.12349   -42.60717
    17        b                  17         b                  -9.42985    10.98196   -43.74259
    18        b                  18         b                 -12.53716    14.34845   -41.73974
    19        b                  19         b                 -15.12277    18.62502   -41.57980
    20        b                  20         b                 -19.43635    17.53836   -43.86281
    21        c                  21         c                 -17.81681   -18.55345    15.03611
    22        c                  22         c                 -14.38800   -18.66969    18.67338
    23        c                  23         c                  -8.12910   -18.79364     9.45186
    24        c                  24         c                  -3.31030   -19.34509    10.66638
    25        c                  25         c                  -6.41853     6.18053   -39.12000
    26        c                  26         c                  -4.72374    10.22935   -36.72526
    27        c                  27         c                 -16.32256    20.23979   -46.69239
    28        c                  28         c                 -13.17496    23.55283   -44.66349

**************************************************************************************************************
*                                                  mc data                                                   *
**************************************************************************************************************

uniform sampling, random
cubic displacement volume

single-particle move                   a              b              c         
-------------------                    ----------     ----------     ----------
probability                    =       1.000          1.000          1.000
tran. displacement parameter   =            2.000          2.000          0.000
rot. displacement parameter    =            0.000          0.000          0.000


**************************************************************************************************************
*                                               neighbour list                                               *
**************************************************************************************************************

verlet list
automatic control of update frequency
layer thickness                =         5.000
factor used to calculate nneigh=         2.000
maximal number of neighbours   =          2000

**************************************************************************************************************
*                                          thermodynamic quantities                                          *
**************************************************************************************************************

quantity                            initial value
&-------                            -------------
total potential energy         =      12671.23097
 total two-body energy         =          0.00000
  a-a                          =          0.00000
  a-b                          =          0.00000
  a-c                          =          0.00000
  b-b                          =          0.00000
  b-c                          =          0.00000
  c-c                          =          0.00000
 bond energy                   =          0.00000
 angle energy                  =      12671.23097
enthalpy                       =      12673.70868
temperature                    =        298.00000
pressure (excl. cont. contr.)  =          0.11520
number of particles            =         28.00000
volume                         =      1.00000E+06

total potential energy (NkT)   =       5114.08413
pressure (NkT/V)(excl. contact)=          1.00000
pressure (kT) (excl. contact)  =      2.80000E-05
 
total cpu time since start (s)        0.01

**************************************************************************************************************
*                                                                                                            *
*                              r e s u l t   o f   m a c r o s t e p         1                               *
*                                                                                                            *
**************************************************************************************************************

 
  step/pass   pot. energy    temperature    pressure       volume
     1      11517.957        298.000          0.115    1000000.000

**************************************************************************************************************
*                                               mc statistics                                                *
**************************************************************************************************************

single-particle move                             total          a                   b                   c         
-------------------                              -----          ----------          ----------          ----------
total number of conf.          =               28 1.00              5 1.00             19 1.00              4 1.00
accepted number of conf.       =               13 0.46              3 0.60              6 0.32              4 1.00
energy rejected conf.          =               12 0.43              2 0.40             10 0.53              0 0.00
hard-core rejected conf.       =                3 0.11              0 0.00              3 0.16              0 0.00

average no of displaced part.  =                                      1.00                1.00                1.00
average no of net joining part.=                                      0.00                0.00                0.00

**************************************************************************************************************
*                                             control statistics                                             *
**************************************************************************************************************

quantity                                    a                   b                   c         
--------                                    ----------          ----------          ----------

<dr**2>/step (macrostep)       =            0.5241E+00          0.3034E+00          0.0000E+00
precision                      =            0.3026E+00          0.1234E+00          0.0000E+00
<dr**2>/step (from start)      =            0.5241E+00          0.3034E+00          0.0000E+00
precision                      =            0.3026E+00          0.1234E+00          0.0000E+00

orientation order, x'-axis     =                1.0000              1.0000              1.0000
orientation order, y'-axis     =                1.0000              1.0000              1.0000
orientation order, z'-axis     =                1.0000              1.0000              1.0000

<ro> (x,y,z)                   =    -13.39 -2.06-16.49  -12.30 -1.21-14.68  -10.54 -1.89-14.17
<x'> (x,y,z)                   =      0.18 -0.16  0.43    0.04 -0.00  0.07    0.10  0.27  0.10
<y'> (x,y,z)                   =      0.14 -0.10  0.38   -0.19  0.09 -0.21    0.15  0.29  0.24
<z'> (x,y,z)                   =     -0.13 -0.06 -0.46    0.04 -0.02 -0.00    0.11 -0.13 -0.08

**************************************************************************************************************
*                                          thermodynamic quantities                                          *
**************************************************************************************************************

quantity                                  average    fluctuation          check
&&------                                  -------    -----------          -----
total potential energy         =      11517.95732        0.00000      0.000E+00
 total two-body energy         =          0.00000        0.00000      0.000E+00
  a-a                          =          0.00000        0.00000      0.000E+00
  a-b                          =          0.00000        0.00000      0.000E+00
  a-c                          =          0.00000        0.00000      0.000E+00
  b-b                          =          0.00000        0.00000      0.000E+00
  b-c                          =          0.00000        0.00000      0.000E+00
  c-c                          =          0.00000        0.00000      0.000E+00
 bond energy                   =          0.05454        0.00000      0.000E+00
 angle energy                  =      11517.90278        0.00000      0.000E+00
enthalpy                       =      11520.43503        0.00000
cv                             =          0.00000
temperature                    =        298.00000        0.00000
pressure (excl. cont. contr.)  =          0.11520        0.00000
number of particles            =         28.00000        0.00000
volume                         =      1.00000E+06    0.00000E+00

total potential energy (NkT)   =       4648.62513
pressure (NkT/V)(excl. contact)=          1.00000
pressure (kT) (excl. contact)  =      2.80000E-05
number density                 =      2.80000E-05

**************************************************************************************************************
*                                              chain quantities                                              *
**************************************************************************************************************

quantity                                  average     fluctuation
--------                                  -------     -----------
<r(bb)**2>**0.5                =          4.83138        0.00000
<r(ee)**2>**0.5                =         19.13254        0.00000
<r(g)**2>**0.5                 =          8.20605        0.00000
smallest rms mom. p.a.         =          2.04024        0.00000
intermediate rms mom. p.a.     =          3.63406        0.00000
largest rms mom. p.a.          =          7.06896        0.00000
<persist. l.>  (r(ee))         =          5.34958        0.00000
<persist. l.>  (r(g))          =          3.85887        0.00000
<angle>                        =        103.71867        0.00000
<cos(180-angle)>               =          0.19737        0.00000
<r(ee)**2/r(g)**2>             =          5.04992        0.00000
<asphericity>                  =          0.38669        0.00000
<toroid param>                 =          0.25857        0.00000

persist. l. (<r(ee)**2>)       =          5.32977
persist. l. (<r(g)**2>)        =          3.83836
persist. l. (<cos(180-angle)>) =          6.01944
<r(ee)**2>/<r(g)**2>           =          5.43597
asphericity (<2:nd moments>)   =          0.38942


**************************************************************************************************************
*                                                                                                            *
*                                          f i n a l   r e s u l t                                           *
*                                                                                                            *
**************************************************************************************************************

2017-02-15     11:39:59

title   : testchain: tricopolymer (abbbbccabbbbcc)                                                  

key data: mode           : simulation
          method         : mc   
          ensemble       : nvt
          boundary cond. : xyz
          start          : setconf 


number of time steps/passes           1  *         1  =          1

temperature                    =     298.000
pressure                       =       0.126
box lengths (x,y,z)            =     100.000     100.000     100.000
volume                         =   0.100E+07

seed of random generator       =           2


**************************************************************************************************************
*                                                coordinates                                                 *
**************************************************************************************************************


particle coordinates
--------------------
particle no   particle type       com (x,y,z)              x'-axis (x,y,z)        y'-axis (x,y,z)        z'-axis (x,y,z)
-----------   -------------       -----------              ---------------        ---------------        ---------------
     1        a             -27.783  -16.553    4.199   0.422 -0.552  0.719   -0.595 -0.767 -0.240    0.684 -0.327 -0.652
     2        a             -10.834  -20.983   17.545   0.672 -0.667  0.323   -0.282  0.174  0.944   -0.685 -0.725 -0.071
     3        a              -5.858   19.849  -48.700  -0.660 -0.380  0.648    0.466  0.470  0.750   -0.589  0.797 -0.133
     4        a              -9.104    9.432  -39.000   0.273  0.961  0.047    0.960 -0.275  0.050    0.061  0.031 -0.998
     5        b             -24.033  -13.991    6.726   0.203 -0.963 -0.175    0.070 -0.164  0.984   -0.977 -0.212  0.034
     6        b             -20.645  -14.746   10.325  -0.236  0.675  0.699    0.213  0.738 -0.640   -0.948 -0.002 -0.318
     7        b             -18.498  -18.800    9.302   0.603  0.044  0.796   -0.451  0.842  0.295   -0.658 -0.537  0.528
     8        b             -21.816  -19.388   12.153   0.407 -0.291 -0.866    0.257 -0.873  0.414   -0.877 -0.391 -0.280
     9        b              -8.523  -18.161   19.535   0.679  0.716  0.162    0.251 -0.019 -0.968   -0.690  0.698 -0.192
    10        b             -11.172  -13.945   19.075  -0.081 -0.967 -0.241    0.040  0.239 -0.970    0.996 -0.088  0.019
    11        b              -8.360  -14.924   14.862   0.524  0.405 -0.749   -0.838  0.086 -0.539   -0.154  0.910  0.384
    12        b              -9.276  -19.313   13.756  -0.344  0.886  0.310   -0.137  0.279 -0.950   -0.929 -0.370  0.026
    13        b              -3.683   16.897  -45.300  -0.772 -0.616 -0.156   -0.170  0.438 -0.883    0.612 -0.655 -0.443
    14        b              -5.434   16.301  -40.655   0.168  0.895 -0.413   -0.371  0.446  0.815    0.913  0.017  0.407
    15        b              -5.246   11.331  -41.166   0.287 -0.469  0.835    0.398 -0.735 -0.550    0.871  0.490 -0.024
    16        b              -3.955    7.261  -43.069   0.134 -0.709 -0.692   -0.678  0.444 -0.586    0.723  0.548 -0.421
    17        b              -9.790   10.744  -42.812   0.283  0.943 -0.172   -0.876  0.328  0.354    0.390  0.051  0.919
    18        b             -11.871   15.235  -42.157  -0.580 -0.682  0.446   -0.213 -0.402 -0.890    0.787 -0.611  0.088
    19        b             -15.123   18.625  -41.580  -0.278 -0.601  0.749   -0.927  0.372 -0.045   -0.252 -0.707 -0.661
    20        b             -19.436   17.538  -43.863  -0.304  0.718  0.626    0.372 -0.515  0.772    0.877  0.468 -0.111
    21        c             -17.817  -18.553   15.036   0.687 -0.099 -0.720    0.703 -0.161  0.693   -0.185 -0.982 -0.041
    22        c             -14.388  -18.670   18.673  -0.568  0.697 -0.437   -0.321  0.302  0.898    0.758  0.650  0.052
    23        c              -8.129  -18.794    9.452  -0.133  0.859  0.495    0.686  0.440 -0.579   -0.715  0.263 -0.648
    24        c              -3.310  -19.345   10.666   0.578 -0.433  0.692    0.264  0.901  0.343   -0.772 -0.016  0.636
    25        c              -6.419    6.181  -39.120   0.745  0.663  0.070   -0.093 -0.001  0.996    0.660 -0.749  0.061
    26        c              -4.724   10.229  -36.725  -0.021 -0.857 -0.515   -0.152  0.512 -0.845    0.988  0.060 -0.141
    27        c             -16.323   20.240  -46.692   0.041  0.848  0.528   -0.045 -0.526  0.849    0.998 -0.058  0.016
    28        c             -13.175   23.553  -44.663  -0.565  0.460  0.685    0.138  0.871 -0.472   -0.813 -0.172 -0.556

atom coordinates
----------------
atom no       atom type      particle no    particle type            coordinate (x,y,z)
-------       ---------      -----------    -------------            ------------------
     1        a                   1         a                 -27.78348   -16.55311     4.19874
     2        a                   2         a                 -10.83388   -20.98259    17.54540
     3        a                   3         a                  -5.85818    19.84872   -48.69969
     4        a                   4         a                  -9.10443     9.43228   -38.99995
     5        b                   5         b                 -24.03264   -13.99090     6.72573
     6        b                   6         b                 -20.64540   -14.74585    10.32527
     7        b                   7         b                 -18.49782   -18.80011     9.30197
