**************************************************************************************************************
**************************************************************************************************************
**                                                                                                          **
**                                                                                                          **
**                                                  Molsim                                                  **
**                                                                                                          **
**                  integrated md/mc/bd simulation program belonging to the molsim package                  **
**                                                                                                          **
**                                      version 6.4.7, Sep 18, 2015 v                                       **
**                                                                                                          **
**                                                                                                          **
**                                                Per Linse                                                 **
**                                            Physical Chemistry                                            **
**                                         Department of Chemistry                                          **
**                                             Lund University                                              **
**                                               P.O. Box 124                                               **
**                                          S-221 00 Lund, SWEDEN                                           **
**                                                                                                          **
**                                                                                                          **
**                                         with contributions from                                          **
**                                                                                                          **
**                  Anna Akinchina, Fredrik Carlsson, Samuel Edgecombe, Yoshikatsu Hayashi                  **
**          Pascal Hebbeker, Cornelius Hofzumahaus, Niklas Källrot, Björn Linse, Vladimir Lobaskin          **
**               Thomas M. Nymand, Alberto Pais, Jurij Rescic, Stefanie Schneider, Marie Skepö              **
**          Joakim Stenhammar, Anders Wallqvist, Jos van Rijssel, Erik Wernersson, Per-Olof Åstrand         **
**                                                                                                          **
**                                                                                                          **
**************************************************************************************************************
**************************************************************************************************************
 
2016-09-13     16:39:53

**************************************************************************************************************
*                                                                                                            *
*                                            i n p u t   d a t a                                             *
*                                                                                                            *
**************************************************************************************************************


**************************************************************************************************************
*                                            general information                                             *
**************************************************************************************************************


title   : testchain: 2+2 20-mer's                                                                   

key data: mode           : simulation
          method         : mc   
          ensemble       : nvt
          boundary cond. : xyz
          start          : setconf 


number of time steps/passes           1  *       100  =        100

temperature                    =     298.000
pressure                       =       0.101
box lengths (x,y,z)            =     100.000     100.000     100.000
volume                         =   0.100E+07

seed of random generator       =           1

optional subroutine used
------------------------
   ControlAver
   MainAver
   Static

parameters controlling the output interval (0 = no)
-------------------------------------------------
   itest              0
   ipart              1
   iatom              1
   iaver            100
   ishow              1
   iplot              0
   ilist              1

external units
--------------
number        generic name        file name
------        ------------        ---------
   1               fin            FIN       
   2               fout           FOUT      
   3               fcnf           FCNF      
   8               flist          FLIST     

**************************************************************************************************************
*                                                   units                                                    *
**************************************************************************************************************

quantity                unit
--------                ----
length              1.000E-10 m
mass                1.000E-03 kg/mol
temperature         1.000E+00 k
time                1.000E-12 s
energy              1.000E+03 j/mol
heat capacity       1.000E+00 j/mol*k
diff. coeff.        1.000E-09 m**2/s
pressure            1.000E+06 pa
volume              1.000E-30 m**3
linear vel.         1.000E+02 m/s
linear acc.         1.000E+14 m/s**2
force               1.000E+11 n/mol
moment of inertia   1.000E-23 kg*m**2/mol
angle               1.745E-02 rad

**************************************************************************************************************
*                                               particle data                                                *
**************************************************************************************************************

charged atoms enabled

number of chains               =       4
number of particles            =      80
number of atoms                =      80
number of chains types         =       2     (     10 )
number of particle types       =       2     (     10 )
number of atom types           =       2     (     10 )

chain type         no of chains             topology  no of particles of the different types
----------         ------------             --------  --------------------------------------
20-mer1                2                    block        20    0          
20-mer2                2                    block         0   20          

particle       no        atom     no     mass    hard core    no of unit   weak      pK        sigma    epsilon  zatalpha
                                                 radius       charges      charge                              
--------       --        ----     --     ----    ---------    ----------   ------    --        -----    -------  --------
bead1          40
                         site1    1     10.000    2.000        0.0000        F      0.0000     0.0000    0.0000    0.0000
bead2          40
                         site2    1     10.000    2.000        0.0000        F      0.0000     0.0000    0.0000    0.0000

molecular input frame: bead1     
---------------------- -----

atom               coordinate (x,y,z)
----               ------------------
site1        0.00000   0.00000   0.00000

principal axis frame: bead1     
--------------------- -----

atom               coordinate (x,y,z)
----               ------------------
site1        0.00000   0.00000   0.00000

molecular input frame: bead2     
---------------------- -----

atom               coordinate (x,y,z)
----               ------------------
site2        0.00000   0.00000   0.00000

principal axis frame: bead2     
--------------------- -----

atom               coordinate (x,y,z)
----               ------------------
site2        0.00000   0.00000   0.00000

particle             mass           moment of inertia (x,y,z)        maximal atom-com distance
--------             ----           -------------------------        -------------------------
bead1              10.000          0.000     0.000     0.000             0.000
bead2              10.000          0.000     0.000     0.000             0.000

**************************************************************************************************************
*                                          two-body potential data                                           *
**************************************************************************************************************

rcut                           =      86.603
utoltab                        =   0.100E-04
ftoltab                        =   0.100E-04
umaxtab                        =   0.200E+05
fmaxtab                        =   0.200E+05

monoatomic energy and force routines

particle pair              potential
-------------              ---------
bead1-bead1                  default             
bead1-bead2                  default             
bead2-bead2                  default             

atom pair         energy coefficients (ipot and ucoff)
---------         ------------------------------------
site1-site1         
site1-site2         
site2-site2         

specification of two-body potential tables
------------------------------------------
atom pair          no of grids         iubuflow       rumin     rumax
---------          -----------         --------       -----     -----
site1-site1            3                   1          0.010    95.263
site1-site2            3                  37          0.010    95.263
site2-site2            3                  73          0.010    95.263

nbuf (needed, allocated)        =        109      1000

**************************************************************************************************************
*                                               ipotchain data                                               *
**************************************************************************************************************

bond: force constant           =         2.50000        2.50000
bond: power                    =               2              4
bond: eqilibrium separation    =         5.00000        5.00000
angle: force constant          =         0.00100        0.00100
angle: power                   =               2              4
angle: eqilibrium separation   =       180.00000      180.00000
itestpotchain                  =               0

**************************************************************************************************************
*                                         initial configuration data                                         *
**************************************************************************************************************

start configuration from SetConfiguration
-----------------------------------------
part. type    routine          no of unit cells (x,y,z)     lower (x,y,z)      upper (x,y,z)      shift (x,y,z)
----------    -------          ------------------------     -------------      -------------      -------------
 1  bead1     chainrandom             0    0    0        -50.00-50.00-50.00  50.00 50.00 50.00   0.00  0.00  0.00
 2  bead2     chainrandom             0    0    0        -50.00-50.00-50.00  50.00 50.00 50.00   0.00  0.00  0.00

bond length scaling factor              =      1.000   1.000
minimum angle between consecutive beads =    120.000 120.000

first macrostep                =      1

**************************************************************************************************************
*                                                coordinates                                                 *
**************************************************************************************************************


particle coordinates
--------------------
particle no   particle type       com (x,y,z)              x'-axis (x,y,z)        y'-axis (x,y,z)        z'-axis (x,y,z)
-----------   -------------       -----------              ---------------        ---------------        ---------------
     1        bead1         -49.499  -37.570   13.043   0.588  0.271  0.762    0.248  0.836 -0.489   -0.770  0.476  0.425
     2        bead1         -48.296  -40.836    9.453  -0.118  0.862  0.493    0.098  0.504 -0.858   -0.988 -0.053 -0.144
     3        bead1          49.300  -42.399    5.357   0.588 -0.606 -0.535    0.483 -0.268  0.834   -0.649 -0.749  0.135
     4        bead1          46.572  -46.588    5.423   0.909 -0.047 -0.415    0.126 -0.917  0.379   -0.398 -0.397 -0.827
     5        bead1          43.127  -48.518    8.491   0.563  0.671 -0.482    0.443  0.247  0.862    0.698 -0.699 -0.158
     6        bead1          42.003   48.092   11.989  -0.876  0.301 -0.376   -0.216 -0.943 -0.252   -0.431 -0.140  0.892
     7        bead1          38.510   45.818   14.752   0.048 -0.895 -0.444   -0.477 -0.411  0.777   -0.878  0.174 -0.447
     8        bead1          34.609   45.949   17.876   0.028  0.655 -0.755   -0.495  0.666  0.558    0.868  0.358  0.343
     9        bead1          31.309   48.183   20.897   0.699  0.469  0.539   -0.694  0.626  0.355   -0.171 -0.623  0.764
    10        bead1          29.022   49.186   25.229  -0.735  0.554  0.391    0.162 -0.416  0.895    0.659  0.721  0.216
    11        bead1          27.180   45.495   28.054   0.677  0.376 -0.633    0.528 -0.847  0.063   -0.512 -0.377 -0.772
    12        bead1          27.020   40.603   29.075  -0.450  0.663 -0.598    0.135  0.713  0.688    0.883  0.229 -0.411
    13        bead1          29.661   37.224   31.645  -0.960  0.121  0.251   -0.155  0.516 -0.842   -0.232 -0.848 -0.477
    14        bead1          32.741   36.226   35.455  -0.149 -0.731 -0.666    0.502 -0.636  0.586   -0.852 -0.247  0.462
    15        bead1          33.269   32.555   38.809  -0.055  0.988  0.145   -0.192  0.132 -0.972   -0.980 -0.081  0.183
    16        bead1          36.642   31.628   42.382   0.447 -0.590 -0.672   -0.168  0.683 -0.711    0.879  0.431  0.206
    17        bead1          38.948   32.746   46.675  -0.405 -0.428  0.808    0.820 -0.560  0.114    0.404  0.709  0.578
    18        bead1          42.144   31.573  -49.662   0.116 -0.399 -0.910   -0.255  0.873 -0.415    0.960  0.280 -0.001
    19        bead1          46.970   30.682   49.384  -0.481 -0.078  0.873   -0.699  0.635 -0.328   -0.529 -0.768 -0.360
    20        bead1         -49.522   34.244   49.318  -0.697  0.559 -0.449    0.680  0.715 -0.166    0.229 -0.421 -0.878
    21        bead1          -0.455   -0.202   10.981   0.659 -0.448  0.604    0.747  0.294 -0.596    0.090  0.844  0.529
    22        bead1           4.210    0.522    9.335   0.567  0.706  0.424    0.611 -0.015 -0.792   -0.552  0.708 -0.440
    23        bead1           6.637    0.014    4.993   0.727 -0.558 -0.401    0.164  0.708 -0.686    0.667  0.433  0.606
    24        bead1           9.007    2.722    1.522   0.092  0.899 -0.428    0.018  0.428  0.904    0.996 -0.091  0.023
    25        bead1          12.247    5.335   -1.249   0.226 -0.773  0.593   -0.297 -0.634 -0.714    0.928 -0.015 -0.373
    26        bead1          10.927    7.663   -5.472   0.871  0.452  0.192   -0.479  0.700  0.530    0.105 -0.553  0.826
    27        bead1          13.169   11.252   -8.134   0.467 -0.104 -0.878   -0.884 -0.053 -0.464    0.002  0.993 -0.117
    28        bead1          14.549   16.051   -8.393   0.532  0.609 -0.589    0.552  0.278  0.786    0.642 -0.743 -0.189
    29        bead1          11.615   19.774   -9.985   0.194 -0.920 -0.342    0.333 -0.266  0.905   -0.923 -0.289  0.254
    30        bead1           8.177   21.941   -7.072  -0.040  0.999  0.033   -0.203  0.024 -0.979   -0.978 -0.045  0.202
    31        bead1           5.366   22.021   -2.938  -0.664  0.584 -0.466   -0.253  0.411  0.876    0.703  0.700 -0.125
    32        bead1           2.715   23.126    1.155   0.665  0.614 -0.425    0.586 -0.077  0.806    0.462 -0.786 -0.411
    33        bead1          -0.406   26.900    2.161   0.777 -0.405  0.481   -0.560 -0.793  0.238    0.286 -0.455 -0.844
    34        bead1          -0.497   30.423    5.708   0.599  0.495  0.629   -0.514 -0.365  0.776    0.614 -0.788  0.036
    35        bead1           2.923   31.468    9.202   0.394  0.767  0.506    0.601 -0.631  0.490    0.695  0.111 -0.710
    36        bead1           3.311   29.417   13.746  -0.270 -0.212 -0.939   -0.790  0.606  0.091    0.550  0.767 -0.331
    37        bead1           0.460   26.430   16.565   0.633  0.721 -0.280   -0.768  0.540 -0.345   -0.098  0.434  0.896
    38        bead1          -2.820   23.189   14.631  -0.584 -0.545 -0.602    0.398  0.454 -0.797    0.708 -0.705 -0.048
    39        bead1          -4.706   19.612   11.690  -0.879 -0.388  0.277    0.228  0.168  0.959   -0.419  0.906 -0.059
    40        bead1          -5.659   14.732   12.217  -0.763  0.645  0.055   -0.077 -0.007 -0.997   -0.642 -0.765  0.055
    41        bead2         -48.649  -24.063   -9.384   0.554 -0.831  0.054    0.065 -0.022 -0.998    0.830  0.557  0.042
    42        bead2          48.440  -20.373  -11.090  -0.382  0.518  0.765   -0.455 -0.826  0.332    0.804 -0.222  0.552
    43        bead2          44.229  -18.603  -13.123  -0.397  0.774 -0.493   -0.325  0.384  0.864    0.859  0.503  0.099
    44        bead2          40.563  -21.597  -14.732  -0.555 -0.408  0.725   -0.386  0.898  0.210   -0.737 -0.164 -0.656
    45        bead2          36.321  -22.336  -17.273  -0.475 -0.559  0.680    0.066 -0.792 -0.606    0.878 -0.243  0.413
    46        bead2          31.725  -21.739  -19.149   0.900  0.433  0.041   -0.040 -0.011  0.999    0.433 -0.901  0.008
    47        bead2          29.427  -17.659  -20.903  -0.098 -0.761 -0.641   -0.100  0.648 -0.755    0.990 -0.009 -0.140
    48        bead2          26.979  -16.599  -25.132   0.807 -0.376 -0.456    0.334 -0.347  0.876   -0.487 -0.859 -0.154
    49        bead2          25.523  -13.246  -28.543  -0.115 -0.682  0.723   -0.647 -0.501 -0.575    0.754 -0.533 -0.383
    50        bead2          27.297   -9.166  -30.825  -0.800 -0.589 -0.113    0.133  0.009 -0.991    0.585 -0.808  0.072
    51        bead2          25.521   -4.534  -31.451   0.235 -0.371 -0.899    0.918 -0.220  0.331   -0.321 -0.902  0.288
    52        bead2          24.048   -2.841  -35.919  -0.555 -0.430 -0.713    0.645  0.319 -0.694    0.526 -0.845  0.100
    53        bead2          21.081    0.304  -38.429   0.746  0.495  0.446    0.010 -0.678  0.735    0.666 -0.544 -0.511
    54        bead2          16.343    0.649  -39.991   0.711 -0.205  0.673   -0.315 -0.948  0.044    0.629 -0.243 -0.739
    55        bead2          13.005    4.152  -41.251   0.106 -0.368  0.924    0.186  0.920  0.345   -0.977  0.135  0.166
    56        bead2          11.130    8.727  -41.992  -0.500 -0.189  0.845   -0.845 -0.109 -0.524    0.191 -0.976 -0.106
    57        bead2          10.726   13.233  -44.122   0.162  0.784 -0.600   -0.416 -0.497 -0.762   -0.895  0.373  0.246
    58        bead2          14.168   16.849  -44.391  -0.580 -0.441  0.685    0.762  0.005  0.648   -0.289  0.898  0.333
    59        bead2          17.858   20.004  -43.195   0.766 -0.394  0.508    0.639  0.375 -0.672    0.074  0.839  0.539
    60        bead2          19.255   24.569  -41.709  -0.610  0.328 -0.722    0.781  0.092 -0.618   -0.136 -0.940 -0.312
    61        bead2         -42.548    9.595   19.172   0.774 -0.240  0.586    0.531  0.750 -0.394   -0.345  0.616  0.708
    62        bead2         -46.362   12.113   21.203   0.734 -0.293  0.613    0.559 -0.252 -0.790    0.386  0.922 -0.021
    63        bead2         -48.899   16.408   21.538  -0.816  0.525  0.241    0.014 -0.399  0.917    0.578  0.751  0.318
    64        bead2          46.505   17.481   19.888   0.303 -0.948 -0.101    0.110  0.140 -0.984    0.947  0.287  0.146
    65        bead2          43.352   20.476   22.356  -0.401  0.786 -0.470    0.841  0.520  0.151    0.363 -0.335 -0.869
    66        bead2          41.801   25.184   23.011  -0.531 -0.821  0.209    0.163  0.143  0.976   -0.832  0.552  0.058
    67        bead2          39.892   29.671   21.906   0.431 -0.087 -0.898    0.884 -0.156  0.440   -0.178 -0.984  0.010
    68        bead2          40.055   34.502   23.185   0.865  0.315 -0.391    0.502 -0.514  0.695    0.018 -0.798 -0.603
    69        bead2          36.673   38.168   22.832  -0.231 -0.749  0.621    0.612 -0.608 -0.505    0.756  0.263  0.599
    70        bead2          32.931   39.217   19.686  -0.186 -0.640  0.745    0.946  0.088  0.312   -0.265  0.763  0.589
    71        bead2          29.333   42.689   19.695  -0.610  0.767  0.198   -0.597 -0.280 -0.752   -0.522 -0.577  0.629
    72        bead2          25.561   45.956   20.011  -0.374 -0.905  0.201    0.087  0.182  0.979   -0.923  0.384  0.011
    73        bead2          21.985   48.222   17.351  -0.362 -0.321 -0.875   -0.789  0.605  0.104    0.496  0.729 -0.472
    74        bead2          19.601   48.850   13.001  -0.673  0.735 -0.076   -0.060  0.048  0.997    0.737  0.676  0.012
    75        bead2          14.752   48.563   11.818  -0.554 -0.717  0.423   -0.174 -0.398 -0.901    0.814 -0.573  0.095
    76        bead2          10.241   46.434   12.163  -0.590  0.580  0.561    0.727  0.684  0.057   -0.350  0.442 -0.826
    77        bead2           6.581   43.074   11.599   0.929  0.082  0.360   -0.333 -0.234  0.914    0.159 -0.969 -0.190
    78        bead2           4.633   39.303    8.957   0.186  0.781  0.596    0.503  0.445 -0.741   -0.844  0.437 -0.310
    79        bead2           2.736   35.778    5.961  -0.518  0.186  0.835   -0.689 -0.669 -0.279    0.507 -0.720  0.474
    80        bead2          -1.624   34.756    3.735  -0.067 -0.997 -0.047   -0.005 -0.047  0.999   -0.998  0.067 -0.002

atom coordinates
----------------
atom no       atom type      particle no    particle type            coordinate (x,y,z)
-------       ---------      -----------    -------------            ------------------
     1        site1               1         bead1             -49.49926   -37.56959    13.04269
     2        site1               2         bead1             -48.29613   -40.83589     9.45330
     3        site1               3         bead1              49.30016   -42.39891     5.35706
     4        site1               4         bead1              46.57187   -46.58844     5.42290
     5        site1               5         bead1              43.12740   -48.51793     8.49091
     6        site1               6         bead1              42.00261    48.09168    11.98949
     7        site1               7         bead1              38.51023    45.81766    14.75213
     8        site1               8         bead1              34.60874    45.94942    17.87638
     9        site1               9         bead1              31.30902    48.18335    20.89655
    10        site1              10         bead1              29.02226    49.18573    25.22852
    11        site1              11         bead1              27.17953    45.49517    28.05415
    12        site1              12         bead1              27.01981    40.60307    29.07481
    13        site1              13         bead1              29.66115    37.22376    31.64456
    14        site1              14         bead1              32.74063    36.22579    35.45519
    15        site1              15         bead1              33.26923    32.55537    38.80908
    16        site1              16         bead1              36.64182    31.62778    42.38193
    17        site1              17         bead1              38.94779    32.74573    46.67526
    18        site1              18         bead1              42.14358    31.57317   -49.66250
    19        site1              19         bead1              46.97020    30.68152    49.38424
    20        site1              20         bead1             -49.52167    34.24362    49.31794
    21        site1              21         bead1              -0.45541    -0.20240    10.98083
    22        site1              22         bead1               4.20998     0.52205     9.33484
    23        site1              23         bead1               6.63666     0.01392     4.99283
    24        site1              24         bead1               9.00713     2.72217     1.52207
    25        site1              25         bead1              12.24721     5.33455    -1.24874
    26        site1              26         bead1              10.92655     7.66307    -5.47175
    27        site1              27         bead1              13.16922    11.25230    -8.13405
    28        site1              28         bead1              14.54897    16.05119    -8.39289
    29        site1              29         bead1              11.61497    19.77362    -9.98510
    30        site1              30         bead1               8.17697    21.94065    -7.07235
    31        site1              31         bead1               5.36584    22.02084    -2.93820
    32        site1              32         bead1               2.71530    23.12594     1.15489
    33        site1              33         bead1              -0.40582    26.90041     2.16089
    34        site1              34         bead1              -0.49729    30.42342     5.70773
    35        site1              35         bead1               2.92282    31.46794     9.20226
    36        site1              36         bead1               3.31091    29.41683    13.74564
    37        site1              37         bead1               0.46014    26.42982    16.56538
    38        site1              38         bead1              -2.81964    23.18902    14.63140
    39        site1              39         bead1              -4.70566    19.61230    11.69032
    40        site1              40         bead1              -5.65884    14.73231    12.21678
    41        site2              41         bead2             -48.64916   -24.06287    -9.38371
    42        site2              42         bead2              48.44031   -20.37254   -11.08966
    43        site2              43         bead2              44.22943   -18.60261   -13.12333
    44        site2              44         bead2              40.56273   -21.59741   -14.73161
    45        site2              45         bead2              36.32080   -22.33586   -17.27339
    46        site2              46         bead2              31.72470   -21.73897   -19.14945
    47        site2              47         bead2              29.42699   -17.65900   -20.90285
    48        site2              48         bead2              26.97874   -16.59949   -25.13174
    49        site2              49         bead2              25.52310   -13.24591   -28.54269
    50        site2              50         bead2              27.29677    -9.16626   -30.82536
    51        site2              51         bead2              25.52094    -4.53432   -31.45111
    52        site2              52         bead2              24.04790    -2.84141   -35.91924
    53        site2              53         bead2              21.08056     0.30418   -38.42926
    54        site2              54         bead2              16.34325     0.64923   -39.99094
    55        site2              55         bead2              13.00504     4.15175   -41.25137
    56        site2              56         bead2              11.12959     8.72718   -41.99174
    57        site2              57         bead2              10.72615    13.23254   -44.12223
    58        site2              58         bead2              14.16783    16.84949   -44.39145
    59        site2              59         bead2              17.85826    20.00380   -43.19516
    60        site2              60         bead2              19.25457    24.56899   -41.70880
    61        site2              61         bead2             -42.54842     9.59534    19.17227
    62        site2              62         bead2             -46.36168    12.11257    21.20268
    63        site2              63         bead2             -48.89902    16.40787    21.53775
    64        site2              64         bead2              46.50472    17.48136    19.88788
    65        site2              65         bead2              43.35156    20.47552    22.35619
    66        site2              66         bead2              41.80113    25.18376    23.01090
    67        site2              67         bead2              39.89241    29.67120    21.90650
    68        site2              68         bead2              40.05492    34.50234    23.18465
    69        site2              69         bead2              36.67292    38.16810    22.83211
    70        site2              70         bead2              32.93142    39.21722    19.68560
    71        site2              71         bead2              29.33344    42.68918    19.69506
    72        site2              72         bead2              25.56111    45.95563    20.01100
    73        site2              73         bead2              21.98519    48.22240    17.35119
    74        site2              74         bead2              19.60129    48.84960    13.00106
    75        site2              75         bead2              14.75166    48.56290    11.81830
    76        site2              76         bead2              10.24075    46.43390    12.16334
    77        site2              77         bead2               6.58113    43.07402    11.59913
    78        site2              78         bead2               4.63302    39.30259     8.95693
    79        site2              79         bead2               2.73579    35.77787     5.96079
    80        site2              80         bead2              -1.62357    34.75611     3.73548
%%%%%%%%%%%%%%%%%%%%%%%%%%%%%%%%%%%%%%%%%%%%%%%%%%%%%%%%%%%%%%%%%%%%%%%%%%%%%%%%%%%%%%%%%%%%%%%%%%%%%%%%%%%%%%
%                                                                                                            %
%                                     w a r n i n g   f r o m   I O M C                                      %
%                                                                                                            %
%                   chain contour length > box length, potential trouble with pbc & pivot                    %
%                                                                                                            %
%%%%%%%%%%%%%%%%%%%%%%%%%%%%%%%%%%%%%%%%%%%%%%%%%%%%%%%%%%%%%%%%%%%%%%%%%%%%%%%%%%%%%%%%%%%%%%%%%%%%%%%%%%%%%%
%%%%%%%%%%%%%%%%%%%%%%%%%%%%%%%%%%%%%%%%%%%%%%%%%%%%%%%%%%%%%%%%%%%%%%%%%%%%%%%%%%%%%%%%%%%%%%%%%%%%%%%%%%%%%%
%                                                                                                            %
%                                     w a r n i n g   f r o m   I O M C                                      %
%                                                                                                            %
%                   chain contour length > box length, potential trouble with pbc & pivot                    %
%                                                                                                            %
%%%%%%%%%%%%%%%%%%%%%%%%%%%%%%%%%%%%%%%%%%%%%%%%%%%%%%%%%%%%%%%%%%%%%%%%%%%%%%%%%%%%%%%%%%%%%%%%%%%%%%%%%%%%%%

**************************************************************************************************************
*                                                  mc data                                                   *
**************************************************************************************************************

uniform sampling, random
cubic displacement volume

single-particle move                   bead1          bead2     
-------------------                    ----------     ----------
probability                    =       0.667          0.667
tran. displacement parameter   =            5.000          5.000
rot. displacement parameter    =           20.000         20.000

pivot move                             bead1          bead2     
-------------------                    ----------     ----------
probability                    =       0.333          0.333
subchain to be rotated         =            short          short
rot. displacement parameter    =          360.000        360.000
auxillary displacement param.  =            0.000          0.000
pivot rotation mode            =       1


**************************************************************************************************************
*                                               neighbour list                                               *
**************************************************************************************************************

verlet list
automatic control of update frequency
layer thickness                =       180.000
factor used to calculate nneigh=         2.000
maximal number of neighbours   =          2000

**************************************************************************************************************
*                                          thermodynamic quantities                                          *
**************************************************************************************************************

quantity                            initial value
&-------                            -------------
total potential energy         =          0.51847
 total two-body energy         =          0.00000
  bead1-bead1                  =          0.00000
  bead1-bead2                  =          0.00000
  bead2-bead2                  =          0.00000
 bond energy                   =          0.00000
 angle energy                  =          0.51847
enthalpy                       =          2.99618
temperature                    =        298.00000
pressure (excl. cont. contr.)  =          0.32915
number of particles            =         80.00000
volume                         =      1.00000E+06

total potential energy (NkT)   =          0.20925
pressure (NkT/V)(excl. contact)=          1.00000
pressure (kT) (excl. contact)  =      8.00000E-05
 
total cpu time since start (s)        0.01

**************************************************************************************************************
*                                                                                                            *
*                              r e s u l t   o f   m a c r o s t e p         1                               *
*                                                                                                            *
**************************************************************************************************************

 
  step/pass   pot. energy    temperature    pressure       volume
   100          2.031        298.000          0.329    1000000.000

**************************************************************************************************************
*                                               mc statistics                                                *
**************************************************************************************************************

single-particle move                             total          bead1               bead2     
-------------------                              -----          ----------          ----------
total number of conf.          =             5280 1.00           2651 1.00           2629 1.00
accepted number of conf.       =             1315 0.25            717 0.27            598 0.23
energy rejected conf.          =             2561 0.49           1243 0.47           1318 0.50
hard-core rejected conf.       =             1404 0.27            691 0.26            713 0.27

average no of displaced part.  =                                      1.00                1.00
average no of net joining part.=                                      0.00                0.00

pivot move                                       total          bead1               bead2     
-------------------                              -----          ----------          ----------
total number of conf.          =             2461 1.00           1219 1.00           1242 1.00
accepted number of conf.       =             2277 0.93           1104 0.91           1173 0.94
hard-core rejected conf.       =              184 0.07            115 0.09             69 0.06

average no of displaced part.  =                                      5.80                5.86
average no of net joining part.=                                      0.00                0.00

**************************************************************************************************************
*                                             control statistics                                             *
**************************************************************************************************************

quantity                                    bead1               bead2     
--------                                    ----------          ----------

<dr**2>/step (macrostep)       =            0.3211E+01          0.6886E+01
precision                      =            0.6221E+00          0.1020E+01
<dr**2>/step (from start)      =            0.3211E+01          0.6886E+01
precision                      =            0.6221E+00          0.1020E+01

orientation order, x'-axis     =                1.0000              1.0000
orientation order, y'-axis     =                1.0000              1.0000
orientation order, z'-axis     =                1.0000              1.0000

<ro> (x,y,z)                   =     15.73 10.62 10.55   23.55  7.19 -3.12
<x'> (x,y,z)                   =      0.10  0.15 -0.11   -0.04 -0.13  0.14
<y'> (x,y,z)                   =      0.01  0.10  0.05    0.12 -0.03  0.01
<z'> (x,y,z)                   =      0.05 -0.03 -0.01    0.12 -0.07  0.01

**************************************************************************************************************
*                                          thermodynamic quantities                                          *
**************************************************************************************************************

quantity                                  average    fluctuation          check
&&------                                  -------    -----------          -----
total potential energy         =          2.03076        0.31162      0.436E-15
 total two-body energy         =          0.00000        0.00000      0.000E+00
  bead1-bead1                  =          0.00000        0.00000      0.000E+00
  bead1-bead2                  =          0.00000        0.00000      0.000E+00
  bead2-bead2                  =          0.00000        0.00000      0.000E+00
 bond energy                   =          0.78984        0.17563      0.140E-14
 angle energy                  =          1.24093        0.16694     -0.174E-14
enthalpy                       =          4.50848        0.31162
cv                             =         10.52160
temperature                    =        298.00000        0.00000
