
..............................................................................................................
.                                         TestSetObjectParam1 chain                                          .
..............................................................................................................

ictcn(1:nc)    1    1
ictct(1:nct,nct)    1

        ic, ictcn(ic),      iseg,   ipnsegcn(iseg,ic) = i
          1          1          1          1
          1          1          2          5
          1          1          3          6
          1          1          4          7
          1          1          5          8
          1          1          6         21
          1          1          7         22
          1          1          8          2
          1          1          9          9
          1          1         10         10
          1          1         11         11
          1          1         12         12
          1          1         13         23
          1          1         14         24
          2          1          1          3
          2          1          2         13
          2          1          3         14
          2          1          4         15
          2          1          5         16
          2          1          6         25
          2          1          7         26
          2          1          8          4
          2          1          9         17
          2          1         10         18
          2          1         11         19
          2          1         12         20
          2          1         13         27
          2          1         14         28

        ip, iptpn(ip), ictpn(ip), icnpn(ip), bondnn(1,ip), bondnn(2,ip), isegpn(ip)
          1          1          1          1          0          5          1
          2          1          1          1         22          9          8
          3          1          1          2          0         13          1
          4          1          1          2         26         17          8
          5          2          1          1          1          6          2
          6          2          1          1          5          7          3
          7          2          1          1          6          8          4
          8          2          1          1          7         21          5
          9          2          1          1          2         10          9
         10          2          1          1          9         11         10
         11          2          1          1         10         12         11
         12          2          1          1         11         23         12
         13          2          1          2          3         14          2
         14          2          1          2         13         15          3
         15          2          1          2         14         16          4
         16          2          1          2         15         25          5
         17          2          1          2          4         18          9
         18          2          1          2         17         19         10
         19          2          1          2         18         20         11
         20          2          1          2         19         27         12
         21          3          1          1          8         22          6
         22          3          1          1         21          2          7
         23          3          1          1         12         24         13
         24          3          1          1         23          0         14
         25          3          1          2         16         26          6
         26          3          1          2         25          4          7
         27          3          1          2         20         28         13
         28          3          1          2         27          0         14
**************************************************************************************************************
**************************************************************************************************************
**                                                                                                          **
**                                                                                                          **
**                                                  Molsim                                                  **
**                                                                                                          **
**                  integrated md/mc/bd simulation program belonging to the molsim package                  **
**                                                                                                          **
**                                      version 6.4.7, Sep 18, 2015 v                                       **
**                                                                                                          **
**                                                                                                          **
**                                                Per Linse                                                 **
**                                            Physical Chemistry                                            **
**                                         Department of Chemistry                                          **
**                                             Lund University                                              **
**                                               P.O. Box 124                                               **
**                                          S-221 00 Lund, SWEDEN                                           **
**                                                                                                          **
**                                                                                                          **
**                                         with contributions from                                          **
**                                                                                                          **
**                  Anna Akinchina, Fredrik Carlsson, Samuel Edgecombe, Yoshikatsu Hayashi                  **
**          Pascal Hebbeker, Cornelius Hofzumahaus, Niklas Källrot, Björn Linse, Vladimir Lobaskin          **
**               Thomas M. Nymand, Alberto Pais, Jurij Rescic, Stefanie Schneider, Marie Skepö              **
**          Joakim Stenhammar, Anders Wallqvist, Jos van Rijssel, Erik Wernersson, Per-Olof Åstrand         **
**                                                                                                          **
**                                                                                                          **
**************************************************************************************************************
**************************************************************************************************************
 
2016-09-14     08:30:30

**************************************************************************************************************
*                                                                                                            *
*                                            i n p u t   d a t a                                             *
*                                                                                                            *
**************************************************************************************************************


**************************************************************************************************************
*                                            general information                                             *
**************************************************************************************************************


title   : testchain: tricopolymer (abbbbccabbbbcc)                                                  

key data: mode           : simulation
          method         : mc   
          ensemble       : nvt
          boundary cond. : xyz
          start          : setconf 


number of time steps/passes           1  *         1  =          1

temperature                    =     298.000
pressure                       =       0.101
box lengths (x,y,z)            =     100.000     100.000     100.000
volume                         =   0.100E+07

seed of random generator       =           1

optional subroutine used
------------------------
   ControlAver
   MainAver

parameters controlling the output interval (0 = no)
-------------------------------------------------
   itest              0
   ipart              1
   iatom              1
   iaver              1
   ishow              1
   iplot              0
   ilist              0

external units
--------------
number        generic name        file name
------        ------------        ---------
   1               fin            FIN       
   2               fout           FOUT      
   3               fcnf           FCNF      

**************************************************************************************************************
*                                                   units                                                    *
**************************************************************************************************************

quantity                unit
--------                ----
length              1.000E-10 m
mass                1.000E-03 kg/mol
temperature         1.000E+00 k
time                1.000E-12 s
energy              1.000E+03 j/mol
heat capacity       1.000E+00 j/mol*k
diff. coeff.        1.000E-09 m**2/s
pressure            1.000E+06 pa
volume              1.000E-30 m**3
linear vel.         1.000E+02 m/s
linear acc.         1.000E+14 m/s**2
force               1.000E+11 n/mol
moment of inertia   1.000E-23 kg*m**2/mol
angle               1.745E-02 rad

**************************************************************************************************************
*                                               particle data                                                *
**************************************************************************************************************

charged atoms enabled

number of chains               =       2
number of particles            =      28
number of atoms                =      28
number of chains types         =       1     (     10 )
number of particle types       =       3     (     10 )
number of atom types           =       3     (     10 )

chain type         no of chains             topology  no of particles of the different types
----------         ------------             --------  --------------------------------------
triblock               2                    regular       2    8    4     

particle       no        atom     no     mass    hard core    no of unit   weak      pK        sigma    epsilon  zatalpha
                                                 radius       charges      charge                              
--------       --        ----     --     ----    ---------    ----------   ------    --        -----    -------  --------
a               4
                         a        1      0.000    2.000        0.0000        F      0.0000     0.0000    0.0000    0.0000
b              16
                         b        1      0.000    2.000        0.0000        F      0.0000     0.0000    0.0000    0.0000
c               8
                         c        1      0.000    2.000        0.0000        F      0.0000     0.0000    0.0000    0.0000

molecular input frame: a         
---------------------- -

atom               coordinate (x,y,z)
----               ------------------
a            0.00000   0.00000   0.00000

principal axis frame: a         
--------------------- -

atom               coordinate (x,y,z)
----               ------------------
a            0.00000   0.00000   0.00000

molecular input frame: b         
---------------------- -

atom               coordinate (x,y,z)
----               ------------------
b            0.00000   0.00000   0.00000

principal axis frame: b         
--------------------- -

atom               coordinate (x,y,z)
----               ------------------
b            0.00000   0.00000   0.00000

molecular input frame: c         
---------------------- -

atom               coordinate (x,y,z)
----               ------------------
c            0.00000   0.00000   0.00000

principal axis frame: c         
--------------------- -

atom               coordinate (x,y,z)
----               ------------------
c            0.00000   0.00000   0.00000

particle             mass           moment of inertia (x,y,z)        maximal atom-com distance
--------             ----           -------------------------        -------------------------
a                   0.000          0.000     0.000     0.000             0.000
b                   0.000          0.000     0.000     0.000             0.000
c                   0.000          0.000     0.000     0.000             0.000

**************************************************************************************************************
*                                          two-body potential data                                           *
**************************************************************************************************************

rcut                           =      86.603
utoltab                        =   0.100E-04
ftoltab                        =   0.100E-04
umaxtab                        =   0.200E+05
fmaxtab                        =   0.200E+05

monoatomic energy and force routines

particle pair              potential
-------------              ---------
a-a                          default             
a-b                          default             
a-c                          default             
b-b                          default             
b-c                          default             
c-c                          default             

atom pair         energy coefficients (ipot and ucoff)
---------         ------------------------------------
a-a                 
a-b                 
a-c                 
b-b                 
b-c                 
c-c                 

specification of two-body potential tables
------------------------------------------
atom pair          no of grids         iubuflow       rumin     rumax
---------          -----------         --------       -----     -----
a-a                    2                   1          0.316    95.263
a-b                    2                  25          0.316    95.263
a-c                    2                  49          0.316    95.263
b-b                    2                  73          0.316    95.263
b-c                    2                  97          0.316    95.263
c-c                    2                 121          0.316    95.263

nbuf (needed, allocated)        =        145      1000

**************************************************************************************************************
*                                               ipotchain data                                               *
**************************************************************************************************************

bond: force constant           =         1.00000
bond: power                    =               2
bond: eqilibrium separation    =         5.00000
angle: force constant          =         4.00000
angle: power                   =               2
angle: eqilibrium separation   =       180.00000
itestpotchain                  =               0

**************************************************************************************************************
*                                         initial configuration data                                         *
**************************************************************************************************************

start configuration from SetConfiguration
-----------------------------------------
part. type    routine          no of unit cells (x,y,z)     lower (x,y,z)      upper (x,y,z)      shift (x,y,z)
----------    -------          ------------------------     -------------      -------------      -------------
 1  a         chainrandom             0    0    0        -50.00-50.00-50.00  50.00 50.00 50.00   0.00  0.00  0.00
 2  b         chainrandom             0    0    0        -50.00-50.00-50.00  50.00 50.00 50.00   0.00  0.00  0.00
 3  c         chainrandom             0    0    0        -50.00-50.00-50.00  50.00 50.00 50.00   0.00  0.00  0.00

bond length scaling factor              =      1.000
minimum angle between consecutive beads =      0.000

first macrostep                =      1

**************************************************************************************************************
*                                                coordinates                                                 *
**************************************************************************************************************


particle coordinates
--------------------
particle no   particle type       com (x,y,z)              x'-axis (x,y,z)        y'-axis (x,y,z)        z'-axis (x,y,z)
-----------   -------------       -----------              ---------------        ---------------        ---------------
     1        a             -49.499  -37.570   13.043   0.588  0.271  0.762    0.248  0.836 -0.489   -0.770  0.476  0.425
     2        a             -42.479  -35.342   -6.695  -0.624 -0.539  0.566   -0.383 -0.420 -0.823    0.681 -0.730  0.056
     3        a              21.676   23.642  -28.113  -0.499 -0.483 -0.720   -0.288  0.876 -0.387    0.817  0.014 -0.576
     4        a              27.740   24.065  -37.742   0.798  0.563  0.214   -0.158 -0.148  0.976    0.582 -0.813 -0.029
     5        b             -48.296  -40.836    9.453  -0.118  0.862  0.493    0.098  0.504 -0.858   -0.988 -0.053 -0.144
     6        b              48.139  -37.786    7.723  -0.937 -0.249  0.245    0.210  0.160  0.965   -0.279  0.955 -0.098
     7        b             -48.670  -40.856    5.400   0.360  0.150  0.921   -0.701 -0.608  0.373    0.616 -0.779 -0.114
     8        b             -46.598  -38.420    1.556  -0.831  0.321 -0.454    0.323 -0.384 -0.865   -0.452 -0.865  0.216
     9        b             -46.842  -35.273   -4.253  -0.111 -0.980  0.164   -0.056 -0.158 -0.986    0.992 -0.118 -0.038
    10        b             -48.637  -32.419   -0.561   0.722 -0.519  0.458    0.658  0.309 -0.687    0.215  0.797  0.564
    11        b             -44.057  -31.947   -2.511  -0.637  0.658 -0.402    0.252 -0.315 -0.915   -0.728 -0.684  0.035
    12        b             -47.266  -28.129   -2.866   0.036 -0.606 -0.795    0.738 -0.520  0.430   -0.674 -0.602  0.429
    13        b              17.766   24.060  -25.025   0.058  0.826 -0.561    0.793  0.304  0.529    0.607 -0.475 -0.637
    14        b              22.485   25.457  -24.141   0.443  0.746 -0.498   -0.301 -0.399 -0.866   -0.844  0.534  0.048
    15        b              25.561   26.409  -27.966  -0.419 -0.760 -0.497    0.575  0.201 -0.793    0.702 -0.618  0.353
    16        b              28.009   29.222  -31.297   0.617  0.737  0.276    0.198  0.194 -0.961   -0.762  0.647 -0.026
    17        b              24.170   26.798  -35.554   0.496 -0.836  0.233   -0.081  0.223  0.971   -0.864 -0.501  0.043
    18        b              21.918   30.112  -38.546   0.117  0.616 -0.779   -0.181 -0.758 -0.627   -0.976  0.214  0.023
    19        b              19.591   31.380  -34.307   0.643  0.752 -0.148   -0.145 -0.070 -0.987   -0.752  0.656  0.064
    20        b              16.988   34.009  -37.670   0.545 -0.832  0.105    0.078 -0.074 -0.994    0.835  0.550  0.025
    21        c             -49.002  -39.983   -2.540   0.588 -0.606 -0.535    0.483 -0.268  0.834   -0.649 -0.749  0.135
    22        c             -45.576  -39.223   -6.101  -0.324 -0.642  0.695   -0.858 -0.109 -0.501    0.398 -0.759 -0.515
    23        c              49.027  -25.128   -4.368   0.464 -0.119  0.878   -0.374  0.872  0.316   -0.803 -0.475  0.360
    24        c              49.169  -21.855   -8.145  -0.516  0.694  0.502    0.312  0.698 -0.645   -0.798 -0.176 -0.577
    25        c              29.493   25.701  -34.521   0.102  0.973 -0.207    0.193 -0.224 -0.955   -0.976  0.058 -0.210
    26        c              27.125   21.405  -33.553  -0.674 -0.110  0.730   -0.676 -0.307 -0.670    0.298 -0.945  0.133
    27        c              21.651   35.748  -37.181  -0.682  0.298  0.668    0.061  0.933 -0.354   -0.729 -0.200 -0.655
    28        c              20.391   40.558  -37.701  -0.666 -0.607  0.434   -0.211 -0.405 -0.890    0.715 -0.684  0.142

atom coordinates
----------------
atom no       atom type      particle no    particle type            coordinate (x,y,z)
-------       ---------      -----------    -------------            ------------------
     1        a                   1         a                 -49.49926   -37.56959    13.04269
     2        a                   2         a                 -42.47949   -35.34202    -6.69528
     3        a                   3         a                  21.67599    23.64206   -28.11333
     4        a                   4         a                  27.74016    24.06513   -37.74163
     5        b                   5         b                 -48.29613   -40.83589     9.45330
     6        b                   6         b                  48.13926   -37.78621     7.72325
     7        b                   7         b                 -48.66958   -40.85558     5.40044
     8        b                   8         b                 -46.59825   -38.41968     1.55649
     9        b                   9         b                 -46.84188   -35.27347    -4.25297
    10        b                  10         b                 -48.63694   -32.41922    -0.56095
    11        b                  11         b                 -44.05713   -31.94692    -2.51090
    12        b                  12         b                 -47.26591   -28.12886    -2.86608
    13        b                  13         b                  17.76579    24.06035   -25.02539
    14        b                  14         b                  22.48451    25.45720   -24.14078
    15        b                  15         b                  25.56069    26.40938   -27.96575
    16        b                  16         b                  28.00855    29.22200   -31.29699
    17        b                  17         b                  24.17017    26.79845   -35.55436
    18        b                  18         b                  21.91809    30.11151   -38.54631
    19        b                  19         b                  19.59067    31.37952   -34.30658
    20        b                  20         b                  16.98828    34.00872   -37.67034
    21        c                  21         c                 -49.00196   -39.98270    -2.53975
    22        c                  22         c                 -45.57575   -39.22276    -6.10114
    23        c                  23         c                  49.02741   -25.12826    -4.36838
    24        c                  24         c                  49.16907   -21.85510    -8.14546
    25        c                  25         c                  29.49322    25.70067   -34.52126
    26        c                  26         c                  27.12465    21.40507   -33.55293
    27        c                  27         c                  21.65054    35.74774   -37.18131
    28        c                  28         c                  20.39067    40.55839   -37.70122

**************************************************************************************************************
*                                                  mc data                                                   *
**************************************************************************************************************

uniform sampling, random
cubic displacement volume

single-particle move                   a              b              c         
-------------------                    ----------     ----------     ----------
probability                    =       1.000          1.000          1.000
tran. displacement parameter   =            2.000          2.000          0.000
rot. displacement parameter    =            0.000          0.000          0.000


**************************************************************************************************************
*                                               neighbour list                                               *
**************************************************************************************************************

verlet list
automatic control of update frequency
layer thickness                =         5.000
factor used to calculate nneigh=         2.000
maximal number of neighbours   =          2000

**************************************************************************************************************
*                                          thermodynamic quantities                                          *
**************************************************************************************************************

quantity                            initial value
&-------                            -------------
total potential energy         =      14434.30740
 total two-body energy         =          0.00000
  a-a                          =          0.00000
  a-b                          =          0.00000
  a-c                          =          0.00000
  b-b                          =          0.00000
  b-c                          =          0.00000
  c-c                          =          0.00000
 bond energy                   =          0.00000
 angle energy                  =      14434.30740
enthalpy                       =      14436.78512
temperature                    =        298.00000
pressure (excl. cont. contr.)  =          0.11520
number of particles            =         28.00000
volume                         =      1.00000E+06

total potential energy (NkT)   =       5825.65834
pressure (NkT/V)(excl. contact)=          1.00000
pressure (kT) (excl. contact)  =      2.80000E-05
 
total cpu time since start (s)        0.01

**************************************************************************************************************
*                                                                                                            *
*                              r e s u l t   o f   m a c r o s t e p         1                               *
*                                                                                                            *
**************************************************************************************************************

 
  step/pass   pot. energy    temperature    pressure       volume
     1      13896.997        298.000          0.115    1000000.000

**************************************************************************************************************
*                                               mc statistics                                                *
**************************************************************************************************************

single-particle move                             total          a                   b                   c         
-------------------                              -----          ----------          ----------          ----------
total number of conf.          =               28 1.00              2 1.00             14 1.00             12 1.00
accepted number of conf.       =               18 0.64              0 0.00              6 0.43             12 1.00
energy rejected conf.          =                8 0.29              1 0.50              7 0.50              0 0.00
hard-core rejected conf.       =                2 0.07              1 0.50              1 0.07              0 0.00

average no of displaced part.  =                                      0.00                1.00                1.00
average no of net joining part.=                                      0.00                0.00                0.00

**************************************************************************************************************
*                                             control statistics                                             *
**************************************************************************************************************

quantity                                    a                   b                   c         
--------                                    ----------          ----------          ----------

<dr**2>/step (macrostep)       =            0.0000E+00          0.2816E+00          0.0000E+00
precision                      =            0.0000E+00          0.1174E+00          0.0000E+00
<dr**2>/step (from start)      =            0.0000E+00          0.2816E+00          0.0000E+00
precision                      =            0.0000E+00          0.1174E+00          0.0000E+00

orientation order, x'-axis     =                1.0000              1.0000              1.0000
orientation order, y'-axis     =                1.0000              1.0000              1.0000
orientation order, z'-axis     =                1.0000              1.0000              1.0000

<ro> (x,y,z)                   =    -10.64 -6.30-14.88   -6.71 -3.57-15.00   12.78 -0.35-20.51
<x'> (x,y,z)                   =      0.07 -0.05  0.21    0.06  0.06 -0.08   -0.21 -0.01  0.40
<y'> (x,y,z)                   =     -0.15  0.29 -0.18    0.15 -0.09 -0.39   -0.13  0.15 -0.36
<z'> (x,y,z)                   =      0.33 -0.26 -0.03   -0.21 -0.02  0.05   -0.32 -0.49 -0.15

**************************************************************************************************************
*                                          thermodynamic quantities                                          *
**************************************************************************************************************

quantity                                  average    fluctuation          check
&&------                                  -------    -----------          -----
total potential energy         =      13896.99735        0.00000     -0.150E-15
 total two-body energy         =          0.00000        0.00000      0.000E+00
  a-a                          =          0.00000        0.00000      0.000E+00
  a-b                          =          0.00000        0.00000      0.000E+00
  a-c                          =          0.00000        0.00000      0.000E+00
  b-b                          =          0.00000        0.00000      0.000E+00
  b-c                          =          0.00000        0.00000      0.000E+00
  c-c                          =          0.00000        0.00000      0.000E+00
 bond energy                   =          0.02261        0.00000      0.175E-15
 angle energy                  =      13896.97474        0.00000     -0.150E-15
enthalpy                       =      13899.47506        0.00000
cv                             =          0.00000
temperature                    =        298.00000        0.00000
pressure (excl. cont. contr.)  =          0.11520        0.00000
number of particles            =         28.00000        0.00000
volume                         =      1.00000E+06    0.00000E+00

total potential energy (NkT)   =       5608.80105
pressure (NkT/V)(excl. contact)=          1.00000
pressure (kT) (excl. contact)  =      2.80000E-05
number density                 =      2.80000E-05

**************************************************************************************************************
*                                              chain quantities                                              *
**************************************************************************************************************

quantity                                  average     fluctuation
--------                                  -------     -----------
<r(bb)**2>**0.5                =          4.95239        0.00000
<r(ee)**2>**0.5                =         23.20989        0.00000
<r(g)**2>**0.5                 =          8.54427        0.00000
smallest rms mom. p.a.         =          2.14765        0.00000
intermediate rms mom. p.a.     =          4.34560        0.00000
largest rms mom. p.a.          =          7.03619        0.00000
<persist. l.>  (r(ee))         =          6.65841        0.00000
<persist. l.>  (r(g))          =          4.10102        0.00000
<angle>                        =         96.76690        0.00000
<cos(180-angle)>               =          0.08602        0.00000
<r(ee)**2/r(g)**2>             =          7.22270        0.00000
<asphericity>                  =          0.29277        0.00000
<toroid param>                 =          0.14613        0.00000

persist. l. (<r(ee)**2>)       =          6.65987
persist. l. (<r(g)**2>)        =          4.08732
persist. l. (<cos(180-angle)>) =          5.41850
<r(ee)**2>/<r(g)**2>           =          7.37897
asphericity (<2:nd moments>)   =          0.29618


**************************************************************************************************************
*                                                                                                            *
*                                          f i n a l   r e s u l t                                           *
*                                                                                                            *
**************************************************************************************************************

2016-09-14     08:30:30

title   : testchain: tricopolymer (abbbbccabbbbcc)                                                  

key data: mode           : simulation
          method         : mc   
          ensemble       : nvt
          boundary cond. : xyz
          start          : setconf 


number of time steps/passes           1  *         1  =          1

temperature                    =     298.000
pressure                       =       0.118
box lengths (x,y,z)            =     100.000     100.000     100.000
volume                         =   0.100E+07

seed of random generator       =   348757601


**************************************************************************************************************
*                                                coordinates                                                 *
**************************************************************************************************************


particle coordinates
--------------------
particle no   particle type       com (x,y,z)              x'-axis (x,y,z)        y'-axis (x,y,z)        z'-axis (x,y,z)
-----------   -------------       -----------              ---------------        ---------------        ---------------
     1        a             -49.499  -37.570   13.043   0.588  0.271  0.762    0.248  0.836 -0.489   -0.770  0.476  0.425
     2        a             -42.479  -35.342   -6.695  -0.624 -0.539  0.566   -0.383 -0.420 -0.823    0.681 -0.730  0.056
     3        a              21.676   23.642  -28.113  -0.499 -0.483 -0.720   -0.288  0.876 -0.387    0.817  0.014 -0.576
     4        a              27.740   24.065  -37.742   0.798  0.563  0.214   -0.158 -0.148  0.976    0.582 -0.813 -0.029
     5        b             -49.033  -41.000   10.121  -0.118  0.862  0.493    0.098  0.504 -0.858   -0.988 -0.053 -0.144
     6        b              48.139  -37.786    7.723  -0.937 -0.249  0.245    0.210  0.160  0.965   -0.279  0.955 -0.098
     7        b             -48.670  -40.856    5.400   0.360  0.150  0.921   -0.701 -0.608  0.373    0.616 -0.779 -0.114
     8        b             -46.598  -38.420    1.556  -0.831  0.321 -0.454    0.323 -0.384 -0.865   -0.452 -0.865  0.216
     9        b             -46.668  -34.523   -5.157  -0.111 -0.980  0.164   -0.056 -0.158 -0.986    0.992 -0.118 -0.038
    10        b             -48.637  -32.419   -0.561   0.722 -0.519  0.458    0.658  0.309 -0.687    0.215  0.797  0.564
    11        b             -44.057  -31.947   -2.511  -0.637  0.658 -0.402    0.252 -0.315 -0.915   -0.728 -0.684  0.035
    12        b             -47.266  -28.129   -2.866   0.036 -0.606 -0.795    0.738 -0.520  0.430   -0.674 -0.602  0.429
    13        b              18.037   23.818  -24.502   0.058  0.826 -0.561    0.793  0.304  0.529    0.607 -0.475 -0.637
    14        b              22.279   25.622  -24.273   0.443  0.746 -0.498   -0.301 -0.399 -0.866   -0.844  0.534  0.048
    15        b              25.387   27.111  -27.811  -0.419 -0.760 -0.497    0.575  0.201 -0.793    0.702 -0.618  0.353
    16        b              28.009   29.222  -31.297   0.617  0.737  0.276    0.198  0.194 -0.961   -0.762  0.647 -0.026
    17        b              24.170   26.798  -35.554   0.496 -0.836  0.233   -0.081  0.223  0.971   -0.864 -0.501  0.043
    18        b              20.941   30.017  -38.272   0.117  0.616 -0.779   -0.181 -0.758 -0.627   -0.976  0.214  0.023
    19        b              19.591   31.380  -34.307   0.643  0.752 -0.148   -0.145 -0.070 -0.987   -0.752  0.656  0.064
    20        b              16.988   34.009  -37.670   0.545 -0.832  0.105    0.078 -0.074 -0.994    0.835  0.550  0.025
    21        c             -49.002  -39.983   -2.540   0.588 -0.606 -0.535    0.483 -0.268  0.834   -0.649 -0.749  0.135
    22        c             -45.576  -39.223   -6.101  -0.324 -0.642  0.695   -0.858 -0.109 -0.501    0.398 -0.759 -0.515
    23        c              49.027  -25.128   -4.368   0.464 -0.119  0.878   -0.374  0.872  0.316   -0.803 -0.475  0.360
    24        c              49.169  -21.855   -8.145  -0.516  0.694  0.502    0.312  0.698 -0.645   -0.798 -0.176 -0.577
    25        c              29.493   25.701  -34.521   0.102  0.973 -0.207    0.193 -0.224 -0.955   -0.976  0.058 -0.210
    26        c              27.125   21.405  -33.553  -0.674 -0.110  0.730   -0.676 -0.307 -0.670    0.298 -0.945  0.133
    27        c              21.651   35.748  -37.181  -0.682  0.298  0.668    0.061  0.933 -0.354   -0.729 -0.200 -0.655
    28        c              20.391   40.558  -37.701  -0.666 -0.607  0.434   -0.211 -0.405 -0.890    0.715 -0.684  0.142

atom coordinates
----------------
atom no       atom type      particle no    particle type            coordinate (x,y,z)
-------       ---------      -----------    -------------            ------------------
     1        a                   1         a                 -49.49926   -37.56959    13.04269
     2        a                   2         a                 -42.47949   -35.34202    -6.69528
     3        a                   3         a                  21.67599    23.64206   -28.11333
     4        a                   4         a                  27.74016    24.06513   -37.74163
     5        b                   5         b                 -49.03301   -41.00021    10.12126
     6        b                   6         b                  48.13926   -37.78621     7.72325
     7        b                   7         b                 -48.66958   -40.85558     5.40044
     8        b                   8         b                 -46.59825   -38.41968     1.55649
     9        b                   9         b                 -46.66753   -34.52261    -5.15693
