**************************************************************************************************************
**************************************************************************************************************
**                                                                                                          **
**                                                                                                          **
**                                                  Molsim                                                  **
**                                                                                                          **
**                  integrated md/mc/bd simulation program belonging to the molsim package                  **
**                                                                                                          **
**                                          version 6.4.7, v2.2.0                                           **
**                                                                                                          **
**                                                                                                          **
**                                                Per Linse                                                 **
**                                            Physical Chemistry                                            **
**                                         Department of Chemistry                                          **
**                                             Lund University                                              **
**                                               P.O. Box 124                                               **
**                                          S-221 00 Lund, SWEDEN                                           **
**                                                                                                          **
**                                                                                                          **
**                                         with contributions from                                          **
**                                                                                                          **
**                  Anna Akinchina, Fredrik Carlsson, Samuel Edgecombe, Yoshikatsu Hayashi                  **
**          Pascal Hebbeker, Cornelius Hofzumahaus, Niklas Källrot, Björn Linse, Vladimir Lobaskin          **
**               Thomas M. Nymand, Alberto Pais, Jurij Rescic, Stefanie Schneider, Marie Skepö              **
**          Joakim Stenhammar, Anders Wallqvist, Jos van Rijssel, Erik Wernersson, Per-Olof Åstrand         **
**                                                                                                          **
**                                                                                                          **
**************************************************************************************************************
**************************************************************************************************************
 
2017-01-05     15:53:14

**************************************************************************************************************
*                                                                                                            *
*                                            i n p u t   d a t a                                             *
*                                                                                                            *
**************************************************************************************************************


**************************************************************************************************************
*                                            general information                                             *
**************************************************************************************************************


title   : test complexation                                                                         

key data: mode           : simulation
          method         : mc   
          ensemble       : nvt
          boundary cond. : xyz
          start          : setconf 
          txuser         : comp                                                                            


number of time steps/passes           1  *         1  =          1

temperature                    =     298.000
pressure                       =       0.101
box lengths (x,y,z)            =     200.000     200.000     200.000
volume                         =   0.800E+07

seed of random generator       =           1

optional subroutine used
------------------------
   ControlAver
   MainAver
   Static

parameters controlling the output interval (0 = no)
-------------------------------------------------
   itest              0
   ipart              1
   iatom              0
   iaver            100
   ishow              1
   iplot              0
   ilist              0

external units
--------------
number        generic name        file name
------        ------------        ---------
   1               fin            FIN       
   2               fout           FOUT      
   3               fcnf           FCNF      

**************************************************************************************************************
*                                                   units                                                    *
**************************************************************************************************************

quantity                unit
--------                ----
length              1.000E-10 m
mass                1.000E-03 kg/mol
temperature         1.000E+00 k
time                1.000E-12 s
energy              1.000E+03 j/mol
heat capacity       1.000E+00 j/mol*k
diff. coeff.        1.000E-09 m**2/s
pressure            1.000E+06 pa
volume              1.000E-30 m**3
linear vel.         1.000E+02 m/s
linear acc.         1.000E+14 m/s**2
force               1.000E+11 n/mol
moment of inertia   1.000E-23 kg*m**2/mol
angle               1.745E-02 rad

**************************************************************************************************************
*                                               particle data                                                *
**************************************************************************************************************

charged atoms enabled

number of hierarchical struc.  =       1
number of chains               =       5
number of particles            =     251
number of atoms                =     251
number of chains types         =       3     (     10 )
number of particle types       =       3     (     10 )
number of atom types           =       3     (     10 )

hierarchical data
-----------------
maximum number of crosslinks of a particle          =        8
number of generations                               =        2
chain type of the generations                       =        3       1       2
number of branches                                  =        1       3
particle number of chain for first branch point     =        1       1
particle increment of chain between branch points   =        0       0
number of crosslinks                                =        4

chain type         no of chains             topology  npptct(1,ict)  npptct(2,ict)  npptct(3,ict)
----------         ------------             --------  -------------  -------------  -------------
center                 1                    block         1             0             0
PDM                    3                    block         0            50             0
PPO                    1                    block         0             0           100

particle       no        atom     no     mass    hard core    no of unit   weak      pK        sigma    epsilon  zatalpha
                                                 radius       charges      charge                              
--------       --        ----     --     ----    ---------    ----------   ------    --        -----    -------  --------
center          1
                         center   1      0.000    2.000        0.0000        F      0.0000     0.0000    0.0000    0.0000
DM            150
                         DM       1      0.000    2.000        0.0000        F      0.0000     4.0000    1.4866    0.0000
PO            100
                         PO       1      0.000    2.000        0.0000        F      0.0000     4.0000    1.4866    0.0000

molecular input frame: center    
---------------------- ------

atom               coordinate (x,y,z)
----               ------------------
bead         0.00000   0.00000   0.00000

principal axis frame: center    
--------------------- ------

atom               coordinate (x,y,z)
----               ------------------
bead         0.00000   0.00000   0.00000

molecular input frame: DM        
---------------------- --

atom               coordinate (x,y,z)
----               ------------------
bead         0.00000   0.00000   0.00000

principal axis frame: DM        
--------------------- --

atom               coordinate (x,y,z)
----               ------------------
bead         0.00000   0.00000   0.00000

molecular input frame: PO        
---------------------- --

atom               coordinate (x,y,z)
----               ------------------
bead         0.00000   0.00000   0.00000

principal axis frame: PO        
--------------------- --

atom               coordinate (x,y,z)
----               ------------------
bead         0.00000   0.00000   0.00000

particle             mass           moment of inertia (x,y,z)        maximal atom-com distance
--------             ----           -------------------------        -------------------------
center              0.000          0.000     0.000     0.000             0.000
DM                  0.000          0.000     0.000     0.000             0.000
PO                  0.000          0.000     0.000     0.000             0.000

**************************************************************************************************************
*                                          two-body potential data                                           *
**************************************************************************************************************

rcut                           =     173.205
utoltab                        =   0.100E-04
ftoltab                        =   0.100E-04
umaxtab                        =   0.200E+05
fmaxtab                        =   0.200E+05

monoatomic energy and force routines

relative permittivity          =   78.500000

particle pair              potential
-------------              ---------
center-center                default             
center-DM                    default             
center-PO                    default             
DM-DM                        default             
DM-PO                        (1,6,12)            
PO-PO                        default             

atom pair         energy coefficients (ipot and ucoff)
---------         ------------------------------------
center-center       
center-DM           
center-PO           
DM-DM               
DM-PO               
PO-PO               

specification of two-body potential tables
------------------------------------------
atom pair          no of grids         iubuflow       rumin     rumax
---------          -----------         --------       -----     -----
center-center          3                   1          0.316   190.526
center-DM              3                  37          0.316   190.526
center-PO              3                  73          0.316   190.526
DM-DM                  3                 109          0.316   190.526
DM-PO                 84                 145          2.323   190.526
PO-PO                  3                1153          0.316   190.526

nbuf (needed, allocated)        =       1189      3000

**************************************************************************************************************
*                                               ipotchain data                                               *
**************************************************************************************************************

bond: force constant           =         2.47770        2.47770        2.47770
bond: power                    =               2              2              2
bond: eqilibrium separation    =         6.00000        6.00000        6.00000
angle: force constant          =         0.00000        0.00000        0.00000
angle: power                   =               2              2              2
angle: eqilibrium separation   =       180.00000      180.00000      180.00000
crosslink: force constant      =         2.47770
crosslink: power               =               2
crosslink: eqilibrium separ    =         6.00000
itestpotchain                  =               0

**************************************************************************************************************
*                                         initial configuration data                                         *
**************************************************************************************************************

start configuration from SetConfiguration
-----------------------------------------
part. type    routine          no of unit cells (x,y,z)     lower (x,y,z)      upper (x,y,z)      shift (x,y,z)
----------    -------          ------------------------     -------------      -------------      -------------
 1  center    hierarchicalrandom      0    0    0        -100.0-100.0-100.0  100.0 100.0 100.0    0.0   0.0   0.0
 2  DM        hierarchicalrandom      0    0    0        -100.0-100.0-100.0  100.0 100.0 100.0    0.0   0.0   0.0
 3  PO        hierarchicalrandom      0    0    0        -100.0-100.0-100.0  100.0 100.0 100.0    0.0   0.0   0.0

bond length scaling factor              =      1.000   1.000   1.000
minimum angle between consecutive beads =      0.000   0.000   0.000

first macrostep                =      1

**************************************************************************************************************
*                                                coordinates                                                 *
**************************************************************************************************************


particle coordinates
--------------------
particle no   particle type       com (x,y,z)              x'-axis (x,y,z)        y'-axis (x,y,z)        z'-axis (x,y,z)
-----------   -------------       -----------              ---------------        ---------------        ---------------
     1        center        -56.875  -38.766    5.885  -0.603 -0.248 -0.758    0.698  0.296 -0.652    0.386 -0.922 -0.005
     2        DM            -55.242  -33.033    5.203   0.655 -0.005 -0.755   -0.522 -0.725 -0.448   -0.546  0.688 -0.478
     3        DM            -58.268  -32.225   10.321  -0.325 -0.655  0.683    0.828 -0.545 -0.129    0.456  0.524  0.719
     4        DM            -63.350  -30.520   13.016   0.635 -0.258  0.728    0.621  0.732 -0.282   -0.460  0.631  0.625
     5        DM            -65.388  -26.851   17.304  -0.807  0.545 -0.225   -0.262 -0.673 -0.692   -0.529 -0.500  0.686
     6        DM            -67.649  -24.459   22.320  -0.591 -0.559  0.581    0.538  0.264  0.801   -0.601  0.786  0.144
     7        DM            -66.291  -30.303   22.241   0.448  0.256 -0.856    0.657  0.555  0.510    0.606 -0.792  0.081
     8        DM            -61.095  -28.590   19.778   0.375 -0.299 -0.878   -0.884 -0.401 -0.241   -0.280  0.866 -0.415
     9        DM            -57.945  -26.965   14.936   0.576  0.714 -0.398   -0.672  0.137 -0.728   -0.465  0.687  0.559
    10        DM            -53.843  -22.613   14.461  -0.290  0.780  0.555   -0.437  0.408 -0.801   -0.851 -0.475  0.222
    11        DM            -51.711  -17.941   17.564   0.838  0.205 -0.506    0.287 -0.954  0.088   -0.464 -0.219 -0.858
    12        DM            -50.352  -12.931   14.557   0.338 -0.781  0.526    0.697  0.583  0.418   -0.633  0.225  0.741
    13        DM            -55.529  -15.237   12.587  -0.593  0.629  0.502   -0.801 -0.400 -0.445   -0.079 -0.666  0.741
    14        DM            -53.599   -9.592   11.948  -0.568  0.746 -0.347    0.243 -0.251 -0.937   -0.786 -0.616 -0.039
    15        DM            -52.144   -3.924   10.619  -0.226 -0.913  0.339    0.447 -0.406 -0.797    0.865 -0.028  0.500
    16        DM            -48.873   -7.490    7.071   0.843 -0.317 -0.435    0.495  0.137  0.858   -0.212 -0.939  0.272
    17        DM            -54.169   -5.911    4.734  -0.504 -0.348 -0.791    0.651  0.448 -0.612    0.567 -0.823  0.000
    18        DM            -49.674   -9.144    2.420   0.467  0.801 -0.374   -0.214 -0.308 -0.927   -0.858  0.513  0.027
    19        DM            -54.914   -8.052   -0.292  -0.895  0.419  0.154    0.091  0.509 -0.856   -0.437 -0.752 -0.493
    20        DM            -59.085   -5.379   -3.676   0.259 -0.495  0.830    0.464 -0.689 -0.556    0.847  0.529  0.052
    21        DM            -62.011   -1.541   -7.241  -0.687 -0.332  0.646    0.551  0.342  0.761   -0.474  0.879 -0.052
    22        DM            -65.709   -4.992   -4.013  -0.162  0.737 -0.656    0.486 -0.519 -0.703   -0.859 -0.433 -0.274
    23        DM            -69.403   -9.151   -1.764  -0.051 -0.126  0.991    0.288 -0.952 -0.106    0.956  0.280  0.085
    24        DM            -71.112   -3.936    0.661   0.346 -0.808  0.476   -0.310  0.381  0.871   -0.886 -0.449 -0.118
    25        DM            -72.946   -7.994    4.681   0.036  0.575 -0.817   -0.605  0.663  0.440    0.795  0.479  0.372
    26        DM            -78.150   -9.215    1.955  -0.129 -0.145  0.981   -0.565  0.823  0.047   -0.815 -0.549 -0.188
    27        DM            -77.639   -8.545   -3.986  -0.675 -0.433  0.597    0.658  0.011  0.753   -0.333  0.901  0.277
    28        DM            -75.886   -3.963   -0.532  -0.527 -0.783  0.330    0.165  0.287  0.944   -0.834  0.551 -0.023
    29        DM            -80.306   -2.596    3.289   0.947  0.248  0.206   -0.170 -0.158  0.973    0.274 -0.956 -0.108
    30        DM            -82.537   -5.793   -1.272   0.457  0.676  0.578   -0.863  0.180  0.473    0.216 -0.714  0.666
    31        DM            -86.954   -2.214    0.648  -0.881 -0.104 -0.461   -0.083 -0.927  0.367   -0.465  0.361  0.808
    32        DM            -82.838    1.938    1.997  -0.710 -0.174  0.683   -0.671  0.460 -0.581   -0.213 -0.871 -0.443
    33        DM            -86.266    3.752   -2.581  -0.734  0.627 -0.262   -0.674 -0.720  0.167   -0.084  0.299  0.950
    34        DM            -83.180    7.242   -6.361   0.903  0.321  0.284   -0.240 -0.171  0.956    0.356 -0.931 -0.077
    35        DM            -87.177    2.990   -7.752  -0.303 -0.953 -0.008    0.000  0.009 -1.000    0.953 -0.303 -0.002
    36        DM            -91.356    5.654  -11.134  -0.603  0.322 -0.730    0.124  0.942  0.313    0.788  0.098 -0.608
    37        DM            -91.750    0.191  -13.582   0.625 -0.779  0.040   -0.124 -0.048  0.991   -0.770 -0.625 -0.127
    38        DM            -86.636   -2.940  -13.365  -0.665 -0.376  0.646   -0.415 -0.534 -0.737    0.622 -0.758  0.199
    39        DM            -90.027   -2.166   -8.476  -0.610 -0.234  0.757    0.456  0.678  0.577   -0.648  0.697 -0.307
    40        DM            -88.253   -5.261   -3.651  -0.273 -0.525 -0.806    0.865  0.233 -0.445    0.422 -0.819  0.390
    41        DM            -92.557   -7.805   -6.969  -0.609 -0.576  0.545    0.426 -0.817 -0.388    0.669 -0.004  0.743
    42        DM            -94.787  -13.370   -7.211   0.583  0.690 -0.429   -0.297 -0.310 -0.903   -0.756  0.654  0.024
    43        DM            -99.317  -13.918  -11.106   0.572  0.545  0.613    0.641  0.168 -0.749   -0.511  0.821 -0.254
    44        DM            -94.148  -11.080  -12.214  -0.716 -0.551 -0.428   -0.363  0.818 -0.446    0.596 -0.165 -0.786
    45        DM            -88.211  -11.797  -11.726   0.507  0.861 -0.047    0.212 -0.072  0.975    0.836 -0.504 -0.218
    46        DM            -91.839   -8.328  -15.013   0.835 -0.538 -0.117   -0.021  0.181 -0.983    0.550  0.824  0.140
    47        DM            -93.340  -12.777  -18.748   0.740 -0.273 -0.614   -0.450  0.478 -0.755    0.500  0.835  0.231
    48        DM            -90.933  -14.814  -23.853   0.041 -0.723 -0.690   -0.644  0.508 -0.571    0.764  0.468 -0.445
    49        DM            -86.761  -10.505  -23.720   0.588 -0.067  0.806   -0.573  0.670  0.473   -0.572 -0.740  0.355
    50        DM            -89.640   -7.981  -19.101   0.643  0.563  0.518   -0.136 -0.582  0.802    0.753 -0.586 -0.298
    51        DM            -94.845   -5.504  -20.766  -0.523  0.481 -0.703   -0.823 -0.071  0.564    0.222  0.874  0.433
    52        DM            -60.359  -43.127    3.682   0.590  0.506  0.629    0.460  0.430 -0.777   -0.664  0.748  0.021
    53        DM            -61.796  -48.739    5.247  -0.864  0.479  0.155   -0.385 -0.430 -0.817   -0.325 -0.765  0.556
    54        DM            -64.128  -52.317    1.033  -0.580 -0.636 -0.509   -0.462  0.771 -0.438    0.671 -0.019 -0.741
    55        DM            -60.207  -47.806    0.506  -0.523 -0.810 -0.268   -0.567  0.564 -0.600    0.637 -0.162 -0.754
    56        DM            -58.137  -46.619    6.011   0.704  0.614  0.356    0.582 -0.787  0.206    0.407  0.062 -0.911
    57        DM            -62.167  -49.697    9.218   0.764  0.630  0.139    0.050  0.157 -0.986   -0.643  0.761  0.089
    58        DM            -66.117  -52.892   12.410  -0.972 -0.131  0.194    0.203 -0.060  0.977   -0.117  0.990  0.085
    59        DM            -67.234  -58.163   15.050  -0.537  0.734  0.416   -0.535  0.085 -0.841   -0.653 -0.674  0.347
    60        DM            -61.580  -57.656   16.993   0.438 -0.420  0.795    0.796 -0.230 -0.560    0.418  0.878  0.234
    61        DM            -58.621  -53.622   13.681  -0.684 -0.457  0.568   -0.382 -0.439 -0.813    0.621 -0.774  0.126
    62        DM            -60.998  -48.149   14.313   0.931 -0.353 -0.089    0.109  0.037  0.993   -0.347 -0.935  0.073
    63        DM            -60.886  -45.172    9.104   0.564  0.721 -0.403   -0.191  0.588  0.786    0.804 -0.366  0.469
    64        DM            -59.338  -40.527   12.572  -0.786 -0.284 -0.549    0.593 -0.094 -0.800    0.176 -0.954  0.242
    65        DM            -62.911  -37.495   16.319  -0.372  0.524 -0.766   -0.583  0.510  0.633    0.722  0.682  0.116
    66        DM            -66.888  -39.524   12.311   0.320  0.820  0.474    0.145  0.452 -0.880   -0.936  0.350  0.026
    67        DM            -67.909  -43.950    8.390   0.689  0.289 -0.665   -0.494 -0.485 -0.722   -0.531  0.826 -0.191
    68        DM            -71.288  -40.094    5.274  -0.009  0.988  0.156   -0.151  0.153 -0.977   -0.988 -0.032  0.148
    69        DM            -73.557  -45.354    3.491  -0.852  0.499  0.158   -0.271 -0.162 -0.949   -0.448 -0.851  0.274
    70        DM            -76.679  -48.927    7.164   0.547  0.648  0.530   -0.050 -0.607  0.793    0.836 -0.460 -0.300
    71        DM            -77.196  -53.989    3.985  -0.727 -0.128  0.675   -0.496 -0.581 -0.645    0.474 -0.804  0.359
    72        DM            -77.613  -58.883    7.431   0.119 -0.473  0.873   -0.837 -0.521 -0.168    0.534 -0.711 -0.458
    73        DM            -73.935  -57.843    2.805  -0.678 -0.383 -0.627   -0.471 -0.428  0.771   -0.564  0.819  0.110
    74        DM            -75.298  -54.482    7.585   0.661  0.740  0.126    0.410 -0.216 -0.886   -0.629  0.637 -0.446
    75        DM            -74.932  -58.803   11.731  -0.777 -0.630  0.002    0.001 -0.004 -1.000    0.630 -0.777  0.003
    76        DM            -76.965  -62.354   16.120   0.700  0.131 -0.702   -0.706 -0.018 -0.708   -0.106  0.991  0.080
    77        DM            -76.315  -66.605   20.304   0.385  0.495 -0.779    0.876  0.069  0.477    0.290 -0.866 -0.407
    78        DM            -77.253  -62.943   24.964   0.201  0.741  0.640   -0.229  0.671 -0.705   -0.952 -0.005  0.305
    79        DM            -79.612  -57.427   24.922  -0.376 -0.235  0.896   -0.662 -0.608 -0.438    0.648 -0.758  0.073
    80        DM            -75.433  -56.881   29.192   0.583 -0.634  0.508    0.274  0.742  0.612   -0.765 -0.218  0.606
    81        DM            -73.511  -51.199   29.321  -0.266  0.962 -0.064    0.170 -0.019 -0.985   -0.949 -0.273 -0.158
    82        DM            -69.368  -46.990   28.263  -0.275 -0.703 -0.656   -0.162 -0.638  0.752   -0.948  0.313  0.061
    83        DM            -64.993  -50.666   30.090  -0.232  0.670 -0.705   -0.369 -0.731 -0.574   -0.900  0.127  0.417
    84        DM            -60.992  -54.151   27.289  -0.447 -0.806 -0.389    0.677 -0.021 -0.736    0.585 -0.592  0.555
    85        DM            -63.731  -58.275   23.899   0.391 -0.190  0.901    0.742 -0.513 -0.430    0.544  0.837 -0.060
    86        DM            -67.694  -55.104   27.099   0.753 -0.643 -0.141    0.356  0.218  0.909   -0.554 -0.734  0.393
    87        DM            -71.614  -57.163   23.051  -0.758 -0.521 -0.392    0.643 -0.493 -0.587    0.113 -0.697  0.708
    88        DM            -69.001  -52.145   21.053   0.201  0.475  0.857   -0.489 -0.709  0.508    0.849 -0.521  0.090
    89        DM            -67.681  -47.332   17.723   0.252  0.877  0.409    0.939 -0.120 -0.322   -0.233  0.465 -0.854
    90        DM            -66.245  -49.311   23.202  -0.637 -0.506  0.581   -0.768  0.360 -0.529    0.059 -0.784 -0.618
    91        DM            -61.669  -46.467   20.562  -0.869 -0.478 -0.130   -0.202  0.102  0.974   -0.452  0.873 -0.185
    92        DM            -64.524  -46.226   25.834   0.655  0.512  0.555    0.609 -0.793  0.013    0.447  0.330 -0.831
    93        DM            -64.434  -41.515   29.548  -0.667  0.379  0.641    0.529 -0.366  0.766    0.525  0.850  0.044
    94        DM            -61.450  -42.675   24.474   0.469  0.329 -0.819   -0.529 -0.638 -0.559   -0.707  0.696 -0.125
    95        DM            -58.622  -40.859   19.503   0.727 -0.600  0.333   -0.198  0.282  0.939   -0.658 -0.748  0.086
    96        DM            -53.393  -38.067   20.432  -0.871 -0.273  0.408    0.416  0.029  0.909   -0.260  0.961  0.089
    97        DM            -48.772  -41.810   19.636  -0.441  0.511 -0.738    0.188 -0.751 -0.633   -0.878 -0.418  0.235
    98        DM            -51.666  -43.649   14.713  -0.733 -0.021 -0.680    0.308  0.881 -0.358    0.607 -0.472 -0.639
    99        DM            -49.363  -46.298   19.578   0.688  0.020 -0.726   -0.712 -0.179 -0.680   -0.143  0.984 -0.108
   100        DM            -47.429  -48.146   14.207   0.218 -0.954  0.205   -0.065  0.195  0.979   -0.974 -0.227 -0.020
   101        DM            -45.216  -43.708   10.829   0.233 -0.567  0.790    0.817 -0.326 -0.475    0.527  0.757  0.387
   102        DM            -59.850  -35.091    2.191  -0.454  0.503  0.736   -0.882 -0.137 -0.451   -0.126 -0.854  0.505
   103        DM            -63.134  -30.892    4.944   0.078  0.724 -0.686   -0.394 -0.610 -0.688   -0.916  0.324  0.237
   104        DM            -67.767  -27.650    2.938   0.590 -0.279  0.758    0.534 -0.569 -0.625    0.606  0.773 -0.186
   105        DM            -65.673  -32.159   -0.422   0.747  0.526 -0.407   -0.303  0.814  0.496    0.592 -0.247  0.767
   106        DM            -61.586  -34.660   -4.032  -0.657 -0.620  0.430   -0.684  0.730  0.007   -0.318 -0.289 -0.903
   107        DM            -63.342  -39.329   -0.699  -0.552 -0.769  0.323    0.248 -0.522 -0.816    0.796 -0.370  0.478
   108        DM            -65.946  -43.345   -4.318   0.136  0.779 -0.613    0.349  0.541  0.765    0.927 -0.318 -0.198
   109        DM            -69.346  -47.446   -1.558  -0.180 -0.698 -0.693   -0.448 -0.569  0.690   -0.876  0.435 -0.211
   110        DM            -64.217  -47.772   -4.653  -0.429  0.886  0.175   -0.206 -0.285  0.936    0.879  0.366  0.305
   111        DM            -69.194  -48.488   -7.926   0.294  0.915  0.277    0.591  0.054 -0.805   -0.751  0.400 -0.525
   112        DM            -73.564  -49.781  -11.829   0.538 -0.823  0.185    0.066 -0.177 -0.982    0.841  0.540 -0.041
   113        DM            -68.810  -53.341  -12.683  -0.206 -0.831  0.518   -0.567  0.532  0.629   -0.798 -0.164 -0.580
   114        DM            -67.032  -56.688  -17.334   0.803 -0.460 -0.379   -0.221  0.360 -0.906    0.553  0.811  0.188
   115        DM            -70.352  -52.368  -19.848   0.455  0.610 -0.649   -0.309 -0.575 -0.757   -0.835  0.545 -0.073
   116        DM            -64.773  -50.736  -21.337   0.607 -0.741 -0.287   -0.181  0.223 -0.958    0.774  0.634  0.002
   117        DM            -62.874  -45.671  -18.740   0.518 -0.698 -0.495   -0.828 -0.264 -0.494    0.214  0.666 -0.715
   118        DM            -68.797  -46.185  -17.930  -0.914 -0.089 -0.395   -0.400  0.051  0.915   -0.061  0.995 -0.083
   119        DM            -65.750  -41.042  -17.420   0.973 -0.188  0.135   -0.127  0.054  0.990   -0.193 -0.981  0.028
   120        DM            -68.755  -38.897  -12.690   0.116 -0.411 -0.904    0.755 -0.555  0.349   -0.645 -0.723  0.246
   121        DM            -72.140  -33.967  -12.201  -0.951  0.298 -0.080   -0.307 -0.941  0.146   -0.032  0.163  0.986
   122        DM            -75.348  -29.915  -15.249   0.544 -0.554  0.630    0.744  0.666 -0.056   -0.389  0.499  0.775
   123        DM            -77.961  -33.829  -18.972  -0.070 -0.466 -0.882    0.385 -0.828  0.407   -0.920 -0.311  0.238
   124        DM            -74.596  -38.628  -20.254  -0.335 -0.385  0.860    0.922  0.057  0.384   -0.196  0.921  0.336
   125        DM            -74.988  -37.001  -26.016   0.637 -0.426 -0.642    0.410  0.893 -0.185    0.652 -0.146  0.744
   126        DM            -72.052  -42.058  -27.361  -0.108 -0.987 -0.116    0.002  0.117 -0.993    0.994 -0.108 -0.011
   127        DM            -76.606  -41.975  -23.455   0.213 -0.952  0.222    0.963  0.167 -0.211    0.163  0.258  0.952
   128        DM            -80.045  -37.639  -25.772   0.011 -0.763  0.646   -0.224  0.628  0.745   -0.975 -0.153 -0.164
   129        DM            -84.683  -33.973  -24.750  -0.888 -0.054 -0.457    0.435  0.224 -0.872    0.150 -0.973 -0.176
   130        DM            -82.032  -28.613  -24.257   0.227  0.553  0.801    0.516  0.629 -0.581   -0.826  0.546 -0.142
   131        DM            -86.508  -25.028  -22.492  -0.034 -0.979  0.199   -0.018  0.200  0.980   -0.999  0.030 -0.024
   132        DM            -85.936  -21.015  -26.916   0.471 -0.697 -0.541   -0.300  0.450 -0.841    0.829  0.559  0.003
   133        DM            -81.156  -20.637  -30.523  -0.686  0.095 -0.721   -0.726 -0.155  0.670   -0.048  0.983  0.175
   134        DM            -86.469  -20.281  -33.287  -0.700 -0.051  0.713    0.271 -0.942  0.199    0.661  0.332  0.673
   135        DM            -85.514  -15.029  -30.549   0.280 -0.960  0.011   -0.006  0.010  1.000   -0.960 -0.280 -0.003
   136        DM            -85.850  -11.231  -35.182   0.245 -0.670 -0.700   -0.967 -0.119 -0.225    0.067  0.732 -0.678
   137        DM            -86.497   -6.483  -31.571   0.579 -0.712  0.397   -0.609 -0.054  0.792   -0.542 -0.700 -0.465
   138        DM            -91.313   -8.766  -34.327   0.322  0.618  0.717    0.128  0.722 -0.680   -0.938  0.310  0.154
   139        DM            -90.108   -2.927  -35.003  -0.235  0.878 -0.418   -0.501  0.259  0.826    0.833  0.403  0.379
   140        DM            -93.268   -0.718  -39.601  -0.039 -0.743 -0.669   -0.271  0.652 -0.708    0.962  0.153 -0.227
   141        DM            -97.573   -4.295  -41.762   0.779 -0.479  0.405   -0.261  0.339  0.904   -0.570 -0.809  0.139
   142        DM             99.574    0.301  -39.166  -0.407 -0.266 -0.874   -0.872  0.397  0.285    0.272  0.878 -0.394
   143        DM            -97.117    3.712  -35.504  -0.527 -0.111  0.843    0.305  0.901  0.309   -0.794  0.419 -0.441
   144        DM             99.340    0.465  -31.911   0.625  0.445  0.642   -0.346 -0.579  0.738    0.700 -0.683 -0.208
   145        DM             97.086    5.212  -34.807  -0.095  0.793 -0.602   -0.961  0.086  0.264    0.261  0.604  0.753
   146        DM             93.153    5.181  -30.277   0.231  0.947  0.225   -0.153  0.264 -0.952   -0.961  0.186  0.205
   147        DM             88.258    8.615  -30.781  -0.492 -0.413  0.766   -0.453 -0.630 -0.631    0.743 -0.658  0.123
   148        DM             86.558   13.604  -33.647   0.250 -0.583  0.773   -0.578 -0.730 -0.364    0.777 -0.356 -0.519
   149        DM             81.892   16.393  -36.187  -0.631 -0.552 -0.545   -0.771  0.372  0.517   -0.083  0.746 -0.661
   150        DM             79.966   15.013  -30.675  -0.332  0.631  0.701    0.941  0.169  0.294    0.067  0.757 -0.650
   151        DM             79.034   11.370  -25.999   0.775 -0.470 -0.422   -0.571 -0.807 -0.151   -0.270  0.358 -0.894
   152        PO            -54.413  -34.524    9.339   0.422 -0.552  0.719   -0.595 -0.767 -0.240    0.684 -0.327 -0.652
   153        PO            -50.604  -30.599   11.807   0.203 -0.963 -0.175    0.070 -0.164  0.984   -0.977 -0.212  0.034
   154        PO            -46.540  -31.504   16.126  -0.236  0.675  0.699    0.213  0.738 -0.640   -0.948 -0.002 -0.318
   155        PO            -43.017  -36.230   15.003   0.603  0.044  0.796   -0.451  0.842  0.295   -0.658 -0.537  0.528
   156        PO            -47.944  -37.075   18.320   0.407 -0.291 -0.866    0.257 -0.873  0.414   -0.877 -0.391 -0.280
   157        PO            -43.145  -36.074   21.779   0.687 -0.099 -0.720    0.703 -0.161  0.693   -0.185 -0.982 -0.041
   158        PO            -39.031  -36.213   26.144  -0.568  0.697 -0.437   -0.321  0.302  0.898    0.758  0.650  0.052
   159        PO            -34.829  -40.184   24.538   0.672 -0.667  0.323   -0.282  0.174  0.944   -0.685 -0.725 -0.071
   160        PO            -31.993  -35.603   27.178   0.679  0.716  0.162    0.251 -0.019 -0.968   -0.690  0.698 -0.192
   161        PO            -35.171  -30.544   26.626  -0.081 -0.967 -0.241    0.040  0.239 -0.970    0.996 -0.088  0.019
   162        PO            -31.477  -31.544   22.005   0.524  0.405 -0.749   -0.838  0.086 -0.539   -0.154  0.910  0.384
   163        PO            -32.879  -37.263   20.852  -0.344  0.886  0.310   -0.137  0.279 -0.950   -0.929 -0.370  0.026
   164        PO            -31.520  -36.362   15.078  -0.133  0.859  0.495    0.686  0.440 -0.579   -0.715  0.263 -0.648
   165        PO            -29.133  -34.699   20.326  -0.852  0.346 -0.393    0.224  0.920  0.322    0.473  0.186 -0.861
   166        PO            -23.351  -35.360   21.783   0.578 -0.433  0.692    0.264  0.901  0.343   -0.772 -0.016  0.636
   167        PO            -24.015  -33.110   16.261  -0.660 -0.380  0.648    0.466  0.470  0.750   -0.589  0.797 -0.133
   168        PO            -23.790  -39.074   15.648   0.287 -0.469  0.835    0.398 -0.735 -0.550    0.871  0.490 -0.024
   169        PO            -21.049  -44.123   13.918   0.134 -0.709 -0.692   -0.678  0.444 -0.586    0.723  0.548 -0.421
   170        PO            -25.197  -45.255   18.103   0.745  0.663  0.070   -0.093 -0.001  0.996    0.660 -0.749  0.061
   171        PO            -23.163  -40.396   20.977  -0.021 -0.857 -0.515   -0.152  0.512 -0.845    0.988  0.060 -0.141
   172        PO            -28.420  -41.353   18.247   0.273  0.961  0.047    0.960 -0.275  0.050    0.061  0.031 -0.998
   173        PO            -28.811  -39.493   12.556   0.283  0.943 -0.172   -0.876  0.328  0.354    0.390  0.051  0.919
   174        PO            -33.987  -40.797    9.816  -0.304  0.718  0.626    0.372 -0.515  0.772    0.877  0.468 -0.111
   175        PO            -30.250  -37.555    6.421   0.041  0.848  0.528   -0.045 -0.526  0.849    0.998 -0.058  0.016
   176        PO            -26.473  -33.580    8.855  -0.565  0.460  0.685    0.138  0.871 -0.472   -0.813 -0.172 -0.556
   177        PO            -24.265  -36.975    4.429   0.490 -0.208  0.846   -0.102 -0.978 -0.182    0.865  0.003 -0.501
   178        PO            -27.630  -41.890    3.701  -0.157 -0.426 -0.891    0.694 -0.689  0.207   -0.702 -0.586  0.404
   179        PO            -26.676  -44.641   -1.545  -0.447  0.322  0.834    0.759 -0.358  0.545    0.474  0.877 -0.084
   180        PO            -31.841  -47.679   -1.237  -0.905 -0.425 -0.037    0.397 -0.871  0.289   -0.155  0.246  0.957
   181        PO            -35.644  -51.756   -3.455  -0.342 -0.939 -0.047    0.304 -0.063 -0.951    0.889 -0.339  0.307
   182        PO            -37.282  -46.093   -2.338  -0.614 -0.637 -0.466    0.255  0.399 -0.881    0.747 -0.660 -0.083
   183        PO            -37.767  -49.483   -7.265   0.715  0.695  0.072   -0.055 -0.046  0.997    0.697 -0.717  0.005
   184        PO            -33.368  -53.555   -7.015   0.828  0.174  0.534    0.382  0.521 -0.763   -0.411  0.836  0.365
   185        PO            -36.321  -55.201  -11.972  -0.729  0.425 -0.537   -0.177 -0.875 -0.451   -0.661 -0.233  0.713
   186        PO            -40.169  -52.821   -8.031  -0.257  0.632  0.731    0.933  0.361  0.016   -0.254  0.686 -0.682
   187        PO            -45.504  -53.540   -5.382   0.590 -0.646  0.484   -0.219 -0.705 -0.674    0.777  0.292 -0.558
   188        PO            -49.646  -51.757   -1.424   0.932 -0.261  0.252    0.283  0.085 -0.955    0.228  0.962  0.153
   189        PO            -46.630  -50.834    3.680  -0.231 -0.446 -0.865    0.561  0.665 -0.493    0.795 -0.599  0.096
   190        PO            -51.196  -51.652    7.485  -0.245  0.753 -0.611   -0.967 -0.142  0.212    0.073  0.643  0.762
   191        PO            -54.646  -56.336    6.017   0.079 -0.784 -0.616   -0.344  0.559 -0.755    0.936  0.271 -0.225
   192        PO            -55.589  -57.924   11.726  -0.851  0.050 -0.522    0.322  0.835 -0.446    0.414 -0.548 -0.727
   193        PO            -52.135  -61.404    8.267  -0.312  0.744  0.590    0.406 -0.457  0.791    0.859  0.487 -0.159
   194        PO            -51.192  -67.321    7.956   0.398  0.871 -0.289    0.327  0.159  0.931    0.857 -0.465 -0.222
   195        PO            -51.633  -70.994    3.233   0.132  0.774  0.619    0.576  0.449 -0.683   -0.807  0.447 -0.387
   196        PO            -48.266  -75.609    5.068   0.802  0.570  0.178   -0.380  0.258  0.888    0.461 -0.780  0.424
   197        PO            -51.186  -77.742    9.856   0.499 -0.586 -0.638    0.264  0.804 -0.533    0.826  0.097  0.556
   198        PO            -55.397  -79.768   13.619  -0.077  0.983 -0.164    0.181 -0.148 -0.972   -0.981 -0.104 -0.166
   199        PO            -52.964  -81.589   18.793   0.131  0.727  0.674    0.991 -0.121 -0.062    0.036  0.676 -0.736
   200        PO            -51.665  -85.045   23.522   0.885  0.425 -0.190   -0.440  0.629 -0.641   -0.153  0.651  0.743
   201        PO            -54.750  -88.455   27.376  -0.208  0.660 -0.722    0.385 -0.623 -0.681   -0.899 -0.420 -0.125
   202        PO            -60.048  -90.346   25.291   0.488 -0.621  0.614   -0.322 -0.782 -0.534    0.811  0.062 -0.581
   203        PO            -60.496  -94.879   21.385  -0.821 -0.395  0.412   -0.212 -0.459 -0.863    0.530 -0.796  0.294
   204        PO            -58.383  -98.567   25.620   0.191  0.770 -0.608    0.414  0.499  0.762    0.890 -0.398 -0.223
