**************************************************************************************************************
**************************************************************************************************************
**                                                                                                          **
**                                                                                                          **
**                                                  Molsim                                                  **
**                                                                                                          **
**                  integrated md/mc/bd simulation program belonging to the molsim package                  **
**                                                                                                          **
**                                          version 6.4.7, v2.2.0                                           **
**                                                                                                          **
**                                                                                                          **
**                                                Per Linse                                                 **
**                                            Physical Chemistry                                            **
**                                         Department of Chemistry                                          **
**                                             Lund University                                              **
**                                               P.O. Box 124                                               **
**                                          S-221 00 Lund, SWEDEN                                           **
**                                                                                                          **
**                                                                                                          **
**                                         with contributions from                                          **
**                                                                                                          **
**                  Anna Akinchina, Fredrik Carlsson, Samuel Edgecombe, Yoshikatsu Hayashi                  **
**          Pascal Hebbeker, Cornelius Hofzumahaus, Niklas Källrot, Björn Linse, Vladimir Lobaskin          **
**               Thomas M. Nymand, Alberto Pais, Jurij Rescic, Stefanie Schneider, Marie Skepö              **
**          Joakim Stenhammar, Anders Wallqvist, Jos van Rijssel, Erik Wernersson, Per-Olof Åstrand         **
**                                                                                                          **
**                                                                                                          **
**************************************************************************************************************
**************************************************************************************************************
 
2017-02-02     14:47:32

**************************************************************************************************************
*                                                                                                            *
*                                            i n p u t   d a t a                                             *
*                                                                                                            *
**************************************************************************************************************


**************************************************************************************************************
*                                            general information                                             *
**************************************************************************************************************


title   : test complexation                                                                         

key data: mode           : simulation
          method         : mc   
          ensemble       : nvt
          boundary cond. : xyz
          start          : setconf 
          txuser         : comp                                                                            


number of time steps/passes           1  *         1  =          1

temperature                    =     298.000
pressure                       =       0.101
box lengths (x,y,z)            =     200.000     200.000     200.000
volume                         =   0.800E+07

seed of random generator       =           1

optional subroutine used
------------------------
   ControlAver
   MainAver
   Static

parameters controlling the output interval (0 = no)
-------------------------------------------------
   itest              0
   ipart              1
   iatom              0
   iaver            100
   ishow              1
   iplot              0
   ilist              0

external units
--------------
number        generic name        file name
------        ------------        ---------
   1               fin            FIN       
   2               fout           FOUT      
   3               fcnf           FCNF      

**************************************************************************************************************
*                                                   units                                                    *
**************************************************************************************************************

quantity                unit
--------                ----
length              1.000E-10 m
mass                1.000E-03 kg/mol
temperature         1.000E+00 k
time                1.000E-12 s
energy              1.000E+03 j/mol
heat capacity       1.000E+00 j/mol*k
diff. coeff.        1.000E-09 m**2/s
pressure            1.000E+06 pa
volume              1.000E-30 m**3
linear vel.         1.000E+02 m/s
linear acc.         1.000E+14 m/s**2
force               1.000E+11 n/mol
moment of inertia   1.000E-23 kg*m**2/mol
angle               1.745E-02 rad

**************************************************************************************************************
*                                               particle data                                                *
**************************************************************************************************************

charged atoms enabled

number of hierarchical struc.  =       1
number of chains               =       5
number of particles            =     251
number of atoms                =     251
number of chains types         =       3     (     10 )
number of particle types       =       3     (     10 )
number of atom types           =       3     (     10 )

hierarchical data
-----------------
maximum number of crosslinks of a particle          =        8
number of generations                               =        2
chain type of the generations                       =        3       1       2
number of branches                                  =        1       3
particle number of chain for first branch point     =        1       1
particle increment of chain between branch points   =        0       0
number of crosslinks                                =        4

chain type         no of chains             topology  npptct(1,ict)  npptct(2,ict)  npptct(3,ict)
----------         ------------             --------  -------------  -------------  -------------
center                 1                    block         1             0             0
PDM                    3                    block         0            50             0
PPO                    1                    block         0             0           100

- - - - - - - - - - - - - sequence of chain type 1 'center' - - - - - - - - - - - - -

1

- - - - - - - - - - - - - sequence of chain type 2 'PDM' - - - - - - - - - - - - -

2-2-2-2-2-2-2-2-2-2-2-2-2-2-2-2-2-2-2-2-2-2-2-2-2-2-2-2-2-2-2-2-2-2-2-2-2-2-2-2-2-2-2-2-2-2-2-2-2-2

- - - - - - - - - - - - - sequence of chain type 3 'PPO' - - - - - - - - - - - - -

3-3-3-3-3-3-3-3-3-3-3-3-3-3-3-3-3-3-3-3-3-3-3-3-3-3-3-3-3-3-3-3-3-3-3-3-3-3-3-3-3-3-3-3-3-3-3-3-3-3-
3-3-3-3-3-3-3-3-3-3-3-3-3-3-3-3-3-3-3-3-3-3-3-3-3-3-3-3-3-3-3-3-3-3-3-3-3-3-3-3-3-3-3-3-3-3-3-3-3-3

- - - - - - - - - - - - - - - - - - - - - - - - - - - - - - - - - - - - - - - - - - - - - 

particle       no        atom     no     mass    hard core    no of unit   weak      pK        sigma    epsilon  zatalpha
                                                 radius       charges      charge                              
--------       --        ----     --     ----    ---------    ----------   ------    --        -----    -------  --------
center          1
                         center   1      0.000    2.000        0.0000        F      0.0000     0.0000    0.0000    0.0000
DM            150
                         DM       1      0.000    2.000        0.0000        F      0.0000     4.0000    1.4866    0.0000
PO            100
                         PO       1      0.000    2.000        0.0000        F      0.0000     4.0000    1.4866    0.0000

molecular input frame: center    
---------------------- ------

atom               coordinate (x,y,z)
----               ------------------
bead         0.00000   0.00000   0.00000

principal axis frame: center    
--------------------- ------

atom               coordinate (x,y,z)
----               ------------------
bead         0.00000   0.00000   0.00000

molecular input frame: DM        
---------------------- --

atom               coordinate (x,y,z)
----               ------------------
bead         0.00000   0.00000   0.00000

principal axis frame: DM        
--------------------- --

atom               coordinate (x,y,z)
----               ------------------
bead         0.00000   0.00000   0.00000

molecular input frame: PO        
---------------------- --

atom               coordinate (x,y,z)
----               ------------------
bead         0.00000   0.00000   0.00000

principal axis frame: PO        
--------------------- --

atom               coordinate (x,y,z)
----               ------------------
bead         0.00000   0.00000   0.00000

particle             mass           moment of inertia (x,y,z)        maximal atom-com distance
--------             ----           -------------------------        -------------------------
center              0.000          0.000     0.000     0.000             0.000
DM                  0.000          0.000     0.000     0.000             0.000
PO                  0.000          0.000     0.000     0.000             0.000

**************************************************************************************************************
*                                          two-body potential data                                           *
**************************************************************************************************************

rcut                           =     173.205
utoltab                        =   0.100E-04
ftoltab                        =   0.100E-04
umaxtab                        =   0.200E+05
fmaxtab                        =   0.200E+05

monoatomic energy and force routines

relative permittivity          =   78.500000

particle pair              potential
-------------              ---------
center-center                default             
center-DM                    default             
center-PO                    default             
DM-DM                        default             
DM-PO                        (1,6,12)            
PO-PO                        default             

atom pair         energy coefficients (ipot and ucoff)
---------         ------------------------------------
center-center       
center-DM           
center-PO           
DM-DM               
DM-PO               
PO-PO               

specification of two-body potential tables
------------------------------------------
atom pair          no of grids         iubuflow       rumin     rumax
---------          -----------         --------       -----     -----
center-center          3                   1          0.316   190.526
center-DM              3                  37          0.316   190.526
center-PO              3                  73          0.316   190.526
DM-DM                  3                 109          0.316   190.526
DM-PO                 84                 145          2.323   190.526
PO-PO                  3                1153          0.316   190.526

nbuf (needed, allocated)        =       1189      3000

**************************************************************************************************************
*                                               ipotchain data                                               *
**************************************************************************************************************

bond: force constant           =         2.47770        2.47770        2.47770
bond: power                    =               2              2              2
bond: eqilibrium separation    =         6.00000        6.00000        6.00000
angle: force constant          =         0.00000        0.00000        0.00000
angle: power                   =               2              2              2
angle: eqilibrium separation   =       180.00000      180.00000      180.00000
crosslink: force constant      =         2.47770
crosslink: power               =               2
crosslink: eqilibrium separ    =         6.00000
itestpotchain                  =               0

**************************************************************************************************************
*                                         initial configuration data                                         *
**************************************************************************************************************

start configuration from SetConfiguration
-----------------------------------------
part. type    routine          no of unit cells (x,y,z)     lower (x,y,z)      upper (x,y,z)      shift (x,y,z)
----------    -------          ------------------------     -------------      -------------      -------------
 1  center    hierarchicalrandom      0    0    0        -100.0-100.0-100.0  100.0 100.0 100.0    0.0   0.0   0.0
 2  DM        hierarchicalrandom      0    0    0        -100.0-100.0-100.0  100.0 100.0 100.0    0.0   0.0   0.0
 3  PO        hierarchicalrandom      0    0    0        -100.0-100.0-100.0  100.0 100.0 100.0    0.0   0.0   0.0

bond length scaling factor              =      1.000   1.000   1.000
minimum angle between consecutive beads =      0.000   0.000   0.000

first macrostep                =      1

**************************************************************************************************************
*                                                coordinates                                                 *
**************************************************************************************************************


particle coordinates
--------------------
particle no   particle type       com (x,y,z)              x'-axis (x,y,z)        y'-axis (x,y,z)        z'-axis (x,y,z)
-----------   -------------       -----------              ---------------        ---------------        ---------------
     1        center        -95.558  -71.195   23.151   0.651  0.758 -0.031   -0.551  0.501  0.668    0.522 -0.418  0.744
     2        DM             99.915  -67.275   23.530  -0.374 -0.905  0.201    0.087  0.182  0.979   -0.923  0.384  0.011
     3        DM            -97.328  -71.518   26.755  -0.215 -0.971  0.103   -0.002  0.106  0.994   -0.977  0.214 -0.024
     4        DM            -92.103  -68.914   25.370  -0.757  0.440 -0.483   -0.032 -0.764 -0.645   -0.653 -0.472  0.592
     5        DM            -87.804  -73.048   24.715  -0.351  0.515  0.782    0.199  0.857 -0.475   -0.915 -0.011 -0.403
     6        DM            -86.188  -72.163   19.005   0.431 -0.495  0.754   -0.561  0.507  0.654   -0.706 -0.705 -0.059
     7        DM            -86.272  -67.940   14.744   0.141  0.088 -0.986    0.516 -0.857 -0.003   -0.845 -0.508 -0.166
     8        DM            -90.016  -68.568   19.390   0.063  0.274 -0.960   -0.501  0.840  0.207    0.863  0.468  0.190
     9        DM            -93.744  -65.325   15.987  -0.872 -0.204 -0.445   -0.058 -0.860  0.508   -0.486  0.468  0.738
    10        DM            -95.130  -59.703   14.412  -0.301 -0.545 -0.782    0.559  0.564 -0.608    0.772 -0.621  0.135
    11        DM            -91.014  -59.294   10.066   0.189  0.228  0.955    0.798  0.531 -0.285   -0.572  0.816 -0.082
    12        DM            -87.383  -62.404    6.440   0.686 -0.680 -0.259   -0.537 -0.233 -0.811    0.490  0.695 -0.525
    13        DM            -86.567  -59.606    1.195  -0.478  0.863 -0.167   -0.256  0.044  0.966    0.840  0.504  0.200
    14        DM            -92.302  -59.851    2.943  -0.746  0.353  0.565    0.280 -0.603  0.747    0.604  0.716  0.351
    15        DM            -96.277  -63.373    0.151  -0.201 -0.686 -0.700    0.449 -0.699  0.556   -0.871 -0.202  0.448
    16        DM            -94.068  -68.136    3.054   0.184  0.437  0.881   -0.420 -0.775  0.472    0.889 -0.456  0.041
    17        DM            -89.376  -67.831   -0.674  -0.980  0.059  0.188    0.177 -0.162  0.971    0.088  0.985  0.148
    18        DM            -83.977  -68.700   -3.141  -0.599  0.674 -0.431   -0.046 -0.567 -0.823   -0.799 -0.473  0.371
    19        DM            -85.141  -64.726   -7.483   0.545 -0.580 -0.606    0.787  0.603  0.130    0.290 -0.547  0.785
    20        DM            -89.198  -67.559  -10.876   0.620 -0.584 -0.525   -0.669 -0.742  0.035   -0.410  0.329 -0.850
    21        DM            -93.460  -70.623   -7.969  -0.400  0.624 -0.671    0.175  0.771  0.612    0.900  0.128 -0.418
    22        DM            -97.729  -67.377  -10.660   0.689  0.718  0.092    0.724 -0.681 -0.107   -0.014  0.141 -0.990
    23        DM             98.278  -71.784   -9.866  -0.650 -0.617 -0.443    0.724 -0.326 -0.608    0.230 -0.716  0.659
    24        DM             92.414  -73.056   -9.886  -0.237 -0.307  0.922   -0.832 -0.425 -0.356    0.501 -0.851 -0.155
    25        DM             88.743  -76.429   -6.548  -0.398 -0.736 -0.548    0.117  0.552 -0.826    0.910 -0.393 -0.134
    26        DM             84.733  -80.720   -5.320  -0.666 -0.705 -0.244    0.130  0.212 -0.969    0.734 -0.677 -0.049
    27        DM             88.057  -85.276   -7.366   0.057 -0.812 -0.581    0.603  0.492 -0.628    0.795 -0.315  0.518
    28        DM             85.234  -88.457  -11.598  -0.094  0.952 -0.291   -0.216 -0.305 -0.928   -0.972 -0.024  0.234
    29        DM             83.118  -89.922   -6.179   0.945 -0.326 -0.030   -0.300 -0.829 -0.472    0.129  0.455 -0.881
    30        DM             81.513  -95.666   -5.519   0.709 -0.584 -0.395    0.453 -0.052  0.890   -0.540 -0.810  0.228
    31        DM             84.959  -99.453   -2.392   0.451 -0.564 -0.692    0.605 -0.377  0.702   -0.657 -0.735  0.172
    32        DM             89.665   96.829   -2.584  -0.959 -0.269 -0.087    0.078  0.043 -0.996    0.272 -0.962 -0.020
    33        DM             88.666  -98.764   -6.532  -0.550  0.609  0.572   -0.690  0.054 -0.721   -0.470 -0.791  0.391
    34        DM             89.566   95.453   -7.856  -0.607  0.479 -0.633    0.777  0.523 -0.349    0.164 -0.705 -0.691
    35        DM             91.927   90.079   -9.101   0.152  0.630 -0.761   -0.984  0.022 -0.178   -0.095  0.776  0.624
    36        DM             96.690   91.562   -5.767   0.081 -0.347 -0.934   -0.793  0.546 -0.271    0.604  0.763 -0.231
    37        DM            -98.805   95.525   -5.774  -0.405  0.756 -0.515   -0.292  0.427  0.856    0.866  0.497  0.048
    38        DM            -94.537   99.654   -6.632  -0.674 -0.241  0.698    0.066  0.922  0.382   -0.735  0.304 -0.606
    39        DM            -98.758   98.565   -2.509  -0.640  0.127 -0.757    0.119 -0.958 -0.261   -0.759 -0.257  0.599
    40        DM             97.494   99.466   -7.107  -0.198  0.627  0.753   -0.607  0.525 -0.597   -0.769 -0.576  0.277
    41        DM             96.392   95.066  -11.033  -0.702  0.516 -0.491    0.221 -0.498 -0.839   -0.677 -0.697  0.236
    42        DM             97.513   97.922  -16.189  -0.576 -0.812 -0.093    0.077  0.060 -0.995    0.814 -0.580  0.028
    43        DM             92.295  -99.620  -14.536   0.943  0.332  0.016    0.012  0.014 -1.000   -0.332  0.943  0.010
    44        DM             88.799  -97.786  -19.054  -0.447  0.106 -0.888    0.026 -0.991 -0.132   -0.894 -0.082  0.441
    45        DM             91.931  -95.149  -23.440   0.300 -0.949  0.094   -0.025  0.091  0.996   -0.954 -0.301  0.004
    46        DM             93.210  -89.977  -20.681   0.757  0.482  0.441    0.025 -0.696  0.717    0.653 -0.532 -0.539
    47        DM             88.803  -87.310  -17.605  -0.381 -0.630 -0.676   -0.401  0.772 -0.494    0.833  0.083 -0.547
    48        DM             89.748  -85.823  -23.341   0.574  0.584  0.575    0.578  0.209 -0.789   -0.581  0.785 -0.217
    49        DM             93.241  -84.263  -27.963  -0.732 -0.385  0.562    0.462  0.326  0.825   -0.501  0.863 -0.061
    50        DM             88.664  -85.748  -31.547   0.586 -0.759  0.285   -0.017  0.340  0.940   -0.810 -0.555  0.186
    51        DM             83.625  -86.032  -28.303  -0.366 -0.418 -0.831   -0.141 -0.858  0.494   -0.920  0.298  0.255
    52        DM            -91.773  -73.750   27.043  -0.397  0.370  0.840    0.130  0.928 -0.348   -0.909 -0.030 -0.417
    53        DM            -96.005  -77.842   28.199   0.640 -0.624 -0.449   -0.612 -0.060 -0.789    0.465  0.779 -0.420
    54        DM            -98.419  -74.131   32.249   0.788  0.430  0.441    0.327  0.315 -0.891   -0.522  0.846  0.108
    55        DM             97.472  -78.298   30.924  -0.192 -0.742 -0.643    0.763 -0.525  0.377   -0.617 -0.418  0.667
    56        DM             93.843  -75.268   34.619  -0.101  0.995  0.014    0.009 -0.013  1.000    0.995  0.101 -0.008
    57        DM             94.524  -76.272   28.743  -0.336 -0.649 -0.683   -0.285 -0.621  0.730   -0.898  0.440  0.023
    58        DM             96.836  -81.741   27.879  -0.215 -0.205  0.955   -0.921  0.367 -0.129   -0.324 -0.907 -0.268
    59        DM             97.146  -83.654   33.557   0.870 -0.436  0.230    0.454  0.523 -0.721    0.194  0.732  0.653
    60        DM             99.815  -87.641   37.160  -0.710 -0.298 -0.638    0.704 -0.326 -0.631   -0.020 -0.897  0.441
    61        DM             96.722  -91.956   39.955  -0.802  0.597  0.014   -0.066 -0.065 -0.996   -0.594 -0.799  0.091
    62        DM             92.380  -95.004   42.758   0.595 -0.616 -0.516    0.426 -0.302  0.853   -0.682 -0.727  0.082
    63        DM             86.977  -93.871   45.108  -0.315 -0.703 -0.638   -0.571 -0.396  0.719   -0.758  0.591 -0.276
    64        DM             89.748  -89.540   42.016   0.376  0.566 -0.734    0.531 -0.780 -0.330   -0.759 -0.266 -0.594
    65        DM             84.939  -86.218   43.375   0.121 -0.986  0.111    0.022 -0.109 -0.994    0.992  0.122  0.008
    66        DM             88.876  -89.310   46.683   0.342  0.399  0.851    0.891  0.149 -0.428   -0.298  0.905 -0.305
    67        DM             85.679  -92.686   50.475  -0.018 -0.953 -0.301    0.298  0.282 -0.912    0.955 -0.106  0.279
    68        DM             82.712  -96.525   54.004   0.401  0.833  0.381   -0.558 -0.107  0.823    0.726 -0.543  0.422
    69        DM             77.757  -98.450   56.787  -0.402  0.398  0.825    0.891 -0.036  0.452    0.209  0.917 -0.340
    70        DM             79.254   98.896   51.618  -0.808 -0.465  0.362   -0.315 -0.177 -0.932    0.497 -0.868 -0.003
    71        DM             83.214   94.395   51.374  -0.489 -0.803  0.341    0.507 -0.580 -0.638    0.710 -0.139  0.691
    72        DM             85.781   96.566   46.404  -0.502  0.622  0.601   -0.203  0.591 -0.781   -0.841 -0.514 -0.170
    73        DM             88.862   92.155   43.751  -0.179 -0.140  0.974    0.900 -0.423  0.104    0.397  0.895  0.202
    74        DM             92.782   88.019   45.630  -0.201 -0.652 -0.731   -0.274 -0.679  0.681   -0.940  0.337 -0.043
    75        DM             92.029   89.094   39.776  -0.265  0.951 -0.161   -0.194 -0.216 -0.957   -0.944 -0.223  0.242
    76        DM             89.111   93.149   36.453  -0.992  0.104 -0.065   -0.058  0.065  0.996    0.108  0.992 -0.059
    77        DM             90.944   94.623   30.933   0.842 -0.501  0.199   -0.146  0.144  0.979   -0.519 -0.853  0.048
    78        DM             87.398   91.381   27.339   0.740  0.217 -0.636    0.657 -0.037  0.753    0.140 -0.975 -0.170
    79        DM             85.666   97.105   27.824  -0.508 -0.234  0.829    0.404 -0.915 -0.011    0.761  0.329  0.559
    80        DM             91.227   97.778   25.674   0.340  0.472  0.814    0.622  0.536 -0.571   -0.706  0.700 -0.111
    81        DM             90.667   95.764   20.050  -0.933 -0.062  0.354   -0.127 -0.864 -0.487    0.336 -0.500  0.798
    82        DM             93.723  -99.997   22.998  -0.794  0.504  0.340   -0.172  0.349 -0.921   -0.583 -0.790 -0.190
    83        DM             90.177   99.782   18.163  -0.641  0.547 -0.538    0.477 -0.264 -0.838   -0.601 -0.794 -0.092
    84        DM             87.056  -96.032   15.207  -0.585  0.565  0.583    0.811  0.431  0.396   -0.028  0.704 -0.710
    85        DM             85.339   98.350   16.429  -0.597 -0.566  0.569   -0.454  0.823  0.342   -0.661 -0.054 -0.748
    86        DM             84.538   92.408   16.651  -0.602 -0.551  0.578   -0.772  0.217 -0.597    0.204 -0.805 -0.556
    87        DM             88.586   88.361   18.449   0.394 -0.840 -0.373   -0.791 -0.103 -0.604    0.469  0.533 -0.705
    88        DM             89.872   88.081   24.303  -0.014 -0.759 -0.651    0.107 -0.649  0.754   -0.994 -0.059  0.090
    89        DM             91.921   83.557   20.936  -0.739  0.479 -0.474   -0.652 -0.332  0.681    0.169  0.812  0.558
    90        DM             90.978   77.698   20.050   0.721 -0.397  0.568    0.456 -0.346 -0.820    0.522  0.850 -0.068
    91        DM             88.910   74.573   24.736   0.587 -0.154  0.795   -0.745 -0.487  0.455    0.318 -0.859 -0.401
    92        DM             89.285   70.025   28.632  -0.527 -0.778 -0.341    0.810 -0.582  0.075   -0.257 -0.236  0.937
    93        DM             85.934   74.466   30.879   0.355 -0.436  0.827    0.537  0.819  0.201   -0.765  0.373  0.525
    94        DM             84.883   78.138   35.507   0.621 -0.442  0.647    0.744  0.071 -0.665    0.248  0.894  0.373
    95        DM             81.310   74.066   38.085  -0.987  0.064 -0.150   -0.154 -0.054  0.987    0.055  0.996  0.064
    96        DM             78.961   69.124   35.622   0.651 -0.043 -0.757   -0.739 -0.262 -0.621   -0.172  0.964 -0.203
    97        DM             81.881   64.683   32.838   0.711 -0.651 -0.266    0.254 -0.116  0.960   -0.656 -0.750  0.083
    98        DM             82.186   60.993   28.117  -0.448 -0.794  0.411   -0.564 -0.106 -0.819    0.694 -0.599 -0.400
    99        DM             77.221   62.403   31.176   0.051  0.697 -0.716    0.495 -0.640 -0.588   -0.867 -0.324 -0.378
   100        DM             72.770   60.162   27.834  -0.964 -0.264 -0.037    0.041 -0.284  0.958   -0.263  0.922  0.285
   101        DM             68.140   63.296   25.656  -0.544  0.069  0.836   -0.006  0.996 -0.086   -0.839 -0.052 -0.542
   102        DM            -91.741  -75.823   23.257   0.088  0.962 -0.259    0.024 -0.262 -0.965   -0.996  0.079 -0.046
   103        DM            -87.093  -76.960   19.637  -0.754  0.584  0.301    0.160 -0.280  0.946    0.637  0.762  0.118
   104        DM            -83.116  -77.904   24.029   0.566 -0.475  0.673    0.669 -0.213 -0.713    0.482  0.854  0.197
   105        DM            -80.547  -80.776   28.629   0.858  0.466  0.214    0.177  0.122 -0.977   -0.482  0.876  0.022
   106        DM            -78.439  -75.216   27.823   0.312 -0.449 -0.837   -0.950 -0.162 -0.267   -0.016  0.879 -0.477
   107        DM            -72.917  -73.221   26.589  -0.437  0.897 -0.064   -0.046  0.049  0.998    0.898  0.439  0.020
   108        DM            -69.544  -77.957   28.071  -0.169  0.868  0.468    0.557  0.476 -0.681   -0.813  0.145 -0.564
   109        DM            -67.517  -81.876   32.138  -0.083  0.547 -0.833   -0.708  0.556  0.435    0.701  0.626  0.341
   110        DM            -64.242  -85.498   28.653  -0.807  0.573  0.144   -0.125 -0.403  0.907    0.578  0.713  0.397
   111        DM            -61.709  -90.926   29.010  -0.283  0.485  0.828   -0.909  0.140 -0.392   -0.306 -0.863  0.401
   112        DM            -64.689  -93.286   33.652   0.947 -0.189 -0.261   -0.312 -0.328 -0.892    0.082  0.926 -0.370
   113        DM            -60.207  -90.461   36.468   0.089 -0.622 -0.778    0.267  0.767 -0.583    0.960 -0.156  0.234
   114        DM            -56.624  -94.683   38.779  -0.663  0.735 -0.139   -0.049  0.142  0.989    0.747  0.663 -0.058
   115        DM            -53.765  -97.362   34.235   0.298 -0.497  0.815    0.722  0.676  0.148   -0.625  0.544  0.560
   116        DM            -48.517  -95.628   36.571   0.170  0.721  0.672   -0.596 -0.468  0.653    0.785 -0.511  0.350
   117        DM            -52.897  -91.969   38.424  -0.827  0.498 -0.259   -0.185  0.195  0.963    0.530  0.845 -0.069
   118        DM            -50.041  -96.660   40.841  -0.715 -0.698 -0.026   -0.036  0.000  0.999   -0.698  0.716 -0.025
   119        DM            -44.144  -97.473   40.093  -0.397  0.167 -0.903    0.751 -0.506 -0.424   -0.527 -0.846  0.075
   120        DM            -42.140  -97.577   34.438   0.255  0.940  0.226    0.243  0.164 -0.956   -0.936  0.299 -0.186
   121        DM            -46.207  -93.598   32.534   0.279 -0.885 -0.373   -0.211  0.323 -0.923    0.937  0.336 -0.096
   122        DM            -48.218  -90.443   37.225   0.052  0.998 -0.020   -0.023  0.021  1.000    0.998 -0.052  0.024
   123        DM            -53.120  -90.562   33.766   0.693 -0.631 -0.349    0.322 -0.163  0.933   -0.645 -0.759  0.091
   124        DM            -55.119  -86.281   37.464  -0.608 -0.255 -0.752   -0.736  0.538  0.412    0.299  0.804 -0.514
   125        DM            -52.526  -81.200   35.604   0.296  0.610 -0.735    0.894 -0.449 -0.013   -0.338 -0.653 -0.678
   126        DM            -57.359  -82.081   32.158   0.525 -0.335 -0.782   -0.836 -0.373 -0.402   -0.157  0.865 -0.476
   127        DM            -59.245  -76.904   34.532   0.782  0.597  0.179   -0.619  0.776  0.118   -0.068 -0.203  0.977
   128        DM            -55.172  -72.744   35.984   0.273  0.508  0.817    0.091 -0.859  0.504    0.958 -0.063 -0.281
   129        DM            -59.562  -68.662   35.731  -0.411 -0.543  0.732    0.313  0.670  0.673   -0.856  0.506 -0.105
   130        DM            -63.469  -72.114   32.761  -0.819  0.426  0.385   -0.344  0.172 -0.923   -0.460 -0.888  0.006
   131        DM            -66.077  -77.028   35.008  -0.786  0.039  0.617    0.505 -0.535  0.678    0.356  0.844  0.401
   132        DM            -66.500  -71.834   37.982  -0.215 -0.017 -0.976   -0.964 -0.158  0.215   -0.158  0.987  0.017
   133        DM            -69.210  -67.963   34.285   0.878  0.355 -0.322   -0.278 -0.170 -0.945   -0.391  0.919 -0.051
   134        DM            -74.246  -66.311   37.097   0.180  0.880  0.439   -0.052 -0.437  0.898    0.982 -0.184 -0.033
   135        DM            -77.979  -70.085   34.301  -0.068 -0.998  0.010   -0.003  0.011  1.000   -0.998  0.067 -0.004
   136        DM            -74.813  -74.670   32.074   0.569  0.416 -0.710    0.789 -0.033  0.613    0.231 -0.909 -0.347
   137        DM            -70.375  -78.511   33.319  -0.923 -0.161 -0.349    0.336  0.103 -0.936    0.187 -0.981 -0.041
   138        DM            -70.018  -74.688   37.930  -0.384 -0.883 -0.270   -0.335 -0.139  0.932   -0.860  0.448 -0.243
   139        DM            -74.064  -78.903   39.295   0.847  0.365 -0.385   -0.117 -0.580 -0.806   -0.518  0.728 -0.449
   140        DM            -78.251  -82.499   41.647   0.546 -0.825  0.145   -0.102  0.106  0.989   -0.831 -0.555 -0.027
   141        DM            -77.004  -78.043   45.466   0.038 -0.527  0.849   -0.946 -0.293 -0.139    0.322 -0.798 -0.509
   142        DM            -78.524  -74.770   50.260  -0.567 -0.218 -0.794    0.535 -0.831 -0.154   -0.626 -0.512  0.587
   143        DM            -72.591  -75.657   50.326  -0.663  0.486  0.570   -0.308  0.517 -0.799   -0.682 -0.705 -0.193
   144        DM            -72.856  -81.249   48.167  -0.637 -0.275  0.720    0.771 -0.241  0.589    0.012  0.931  0.366
   145        DM            -70.606  -81.264   53.730   0.822 -0.561 -0.095    0.053 -0.090  0.994   -0.567 -0.823 -0.044
   146        DM            -69.277  -84.773   58.412  -0.209 -0.620  0.756   -0.207  0.783  0.586   -0.956 -0.034 -0.292
   147        DM            -67.830  -79.452   56.046  -0.644 -0.722  0.255   -0.016  0.346  0.938   -0.765  0.600 -0.234
   148        DM            -62.366  -77.608   54.390  -0.153  0.640  0.753    0.571 -0.564  0.596    0.807  0.521 -0.279
   149        DM            -65.574  -73.365   51.615   0.591 -0.573 -0.567   -0.774 -0.600 -0.200   -0.226  0.558 -0.799
   150        DM            -61.958  -69.670   54.660  -0.773  0.413 -0.481    0.582  0.163 -0.796   -0.251 -0.896 -0.367
   151        DM            -65.646  -66.355   58.037  -0.512  0.744  0.430    0.721  0.100  0.686    0.468  0.661 -0.587
   152        PO            -98.999  -75.139   26.085   0.588  0.271  0.762    0.248  0.836 -0.489   -0.770  0.476  0.425
   153        PO            -97.555  -79.059   21.778  -0.118  0.862  0.493    0.098  0.504 -0.858   -0.988 -0.053 -0.144
   154        PO             98.168  -75.399   19.702  -0.937 -0.249  0.245    0.210  0.160  0.965   -0.279  0.955 -0.098
   155        PO            -98.003  -79.082   16.915   0.360  0.150  0.921   -0.701 -0.608  0.373    0.616 -0.779 -0.114
   156        PO            -95.517  -76.159   12.302  -0.831  0.321 -0.454    0.323 -0.384 -0.865   -0.452 -0.865  0.216
   157        PO            -98.402  -78.035    7.386   0.588 -0.606 -0.535    0.483 -0.268  0.834   -0.649 -0.749  0.135
   158        PO            -94.290  -77.123    3.113  -0.324 -0.642  0.695   -0.858 -0.109 -0.501    0.398 -0.759 -0.515
   159        PO            -90.575  -72.466    2.400  -0.624 -0.539  0.566   -0.383 -0.420 -0.823    0.681 -0.730  0.056
   160        PO            -95.810  -72.384    5.331  -0.111 -0.980  0.164   -0.056 -0.158 -0.986    0.992 -0.118 -0.038
   161        PO            -97.964  -68.959    9.761   0.722 -0.519  0.458    0.658  0.309 -0.687    0.215  0.797  0.564
   162        PO            -92.468  -68.392    7.421  -0.637  0.658 -0.402    0.252 -0.315 -0.915   -0.728 -0.684  0.035
   163        PO            -96.318  -63.810    6.995   0.036 -0.606 -0.795    0.738 -0.520  0.430   -0.674 -0.602  0.429
   164        PO             99.233  -60.210    5.192   0.464 -0.119  0.878   -0.374  0.872  0.316   -0.803 -0.475  0.360
   165        PO             99.403  -56.282    0.660  -0.516  0.694  0.502    0.312  0.698 -0.645   -0.798 -0.176 -0.577
   166        PO            -97.547  -52.956   -3.295  -0.499 -0.483 -0.720   -0.288  0.876 -0.387    0.817  0.014 -0.576
   167        PO             97.760  -52.454    0.410   0.058  0.826 -0.561    0.793  0.304  0.529    0.607 -0.475 -0.637
   168        PO            -96.577  -50.778    1.472   0.443  0.746 -0.498   -0.301 -0.399 -0.866   -0.844  0.534  0.048
   169        PO            -92.886  -49.635   -3.118  -0.419 -0.760 -0.497    0.575  0.201 -0.793    0.702 -0.618  0.353
   170        PO            -92.753  -49.117    2.858   0.680 -0.607  0.411    0.447  0.788  0.424   -0.581 -0.104  0.807
   171        PO            -89.816  -45.742   -1.140   0.617  0.737  0.276    0.198  0.194 -0.961   -0.762  0.647 -0.026
   172        PO            -88.034  -49.967   -5.009   0.102  0.973 -0.207    0.193 -0.224 -0.955   -0.976  0.058 -0.210
   173        PO            -90.877  -55.122   -3.847  -0.674 -0.110  0.730   -0.676 -0.307 -0.670    0.298 -0.945  0.133
   174        PO            -90.138  -51.930   -8.873   0.798  0.563  0.214   -0.158 -0.148  0.976    0.582 -0.813 -0.029
   175        PO            -92.840  -47.954  -12.463   0.117  0.616 -0.779   -0.181 -0.758 -0.627   -0.976  0.214  0.023
   176        PO            -95.633  -46.433   -7.376   0.643  0.752 -0.148   -0.145 -0.070 -0.987   -0.752  0.656  0.064
   177        PO            -98.756  -43.278  -11.412   0.545 -0.832  0.105    0.078 -0.074 -0.994    0.835  0.550  0.025
   178        PO            -93.161  -41.191  -10.825  -0.682  0.298  0.668    0.061  0.933 -0.354   -0.729 -0.200 -0.655
   179        PO            -94.673  -35.418  -11.449  -0.666 -0.607  0.434   -0.211 -0.405 -0.890    0.715 -0.684  0.142
   180        PO            -96.655  -39.618   -7.650  -0.738  0.674 -0.037    0.057  0.008 -0.998   -0.673 -0.739 -0.045
   181        PO             98.466  -36.271   -6.652  -0.602 -0.505  0.619    0.341 -0.863 -0.372    0.722 -0.013  0.692
   182        PO            -99.713  -33.469   -1.669   0.675 -0.186  0.715    0.477 -0.629 -0.614    0.563  0.755 -0.336
   183        PO             95.901  -34.447    2.306  -0.569  0.687 -0.451    0.814  0.395 -0.426   -0.115 -0.610 -0.784
   184        PO             99.777  -38.998    1.792  -0.634 -0.441 -0.636    0.767 -0.463 -0.443   -0.099 -0.769  0.632
   185        PO            -99.472  -43.434   -2.178  -0.444 -0.476  0.759   -0.518 -0.554 -0.652    0.731 -0.683 -0.001
   186        PO             97.642  -43.903    3.062  -0.420  0.382  0.823    0.887 -0.017  0.461    0.190  0.924 -0.332
   187        PO             93.460  -40.550    0.366   0.689  0.725 -0.007   -0.000  0.011  1.000    0.725 -0.689  0.007
   188        PO             91.137  -35.220    1.845   0.485 -0.102 -0.868    0.705 -0.541  0.458   -0.517 -0.835 -0.191
   189        PO             88.400  -34.012    7.047  -0.982  0.032 -0.188    0.190  0.042 -0.981   -0.024 -0.999 -0.047
   190        PO             89.711  -39.840    6.485   0.270 -0.765 -0.585    0.465 -0.429  0.775   -0.843 -0.482  0.240
   191        PO             85.681  -44.104    5.227  -0.759  0.170  0.628    0.444 -0.570  0.691    0.475  0.804  0.357
   192        PO             86.231  -38.709    2.660   0.016  0.382  0.924    0.659 -0.699  0.277    0.752  0.604 -0.263
   193        PO             89.865  -38.353   -2.101   0.582 -0.401  0.707   -0.415  0.601  0.683   -0.699 -0.691  0.183
   194        PO             94.503  -36.387   -5.359   0.422  0.480  0.769   -0.810  0.581  0.082   -0.407 -0.657  0.634
   195        PO             93.968  -40.888   -9.291  -0.053  0.276  0.960   -0.060  0.958 -0.279   -0.997 -0.072 -0.034
   196        PO             97.521  -44.324   -5.890   0.483  0.509 -0.713   -0.502 -0.506 -0.701   -0.718  0.696  0.011
   197        PO             98.685  -49.841   -7.940   0.758 -0.606  0.242   -0.271  0.045  0.961   -0.593 -0.794 -0.130
   198        PO             94.601  -47.982   -3.956  -0.391 -0.873 -0.293   -0.150 -0.254  0.955   -0.908  0.417 -0.031
   199        PO             90.313  -50.543   -0.631  -0.032  0.704  0.710   -0.484  0.611 -0.627   -0.875 -0.363  0.321
