**************************************************************************************************************
**************************************************************************************************************
**                                                                                                          **
**                                                                                                          **
**                                                  Molsim                                                  **
**                                                                                                          **
**                  integrated md/mc/bd simulation program belonging to the molsim package                  **
**                                                                                                          **
**                                          version 6.4.7, v2.2.0                                           **
**                                                                                                          **
**                                                                                                          **
**                                                Per Linse                                                 **
**                                            Physical Chemistry                                            **
**                                         Department of Chemistry                                          **
**                                             Lund University                                              **
**                                               P.O. Box 124                                               **
**                                          S-221 00 Lund, SWEDEN                                           **
**                                                                                                          **
**                                                                                                          **
**                                         with contributions from                                          **
**                                                                                                          **
**                  Anna Akinchina, Fredrik Carlsson, Samuel Edgecombe, Yoshikatsu Hayashi                  **
**          Pascal Hebbeker, Cornelius Hofzumahaus, Niklas Källrot, Björn Linse, Vladimir Lobaskin          **
**               Thomas M. Nymand, Alberto Pais, Jurij Rescic, Stefanie Schneider, Marie Skepö              **
**          Joakim Stenhammar, Anders Wallqvist, Jos van Rijssel, Erik Wernersson, Per-Olof Åstrand         **
**                                                                                                          **
**                                                                                                          **
**************************************************************************************************************
**************************************************************************************************************
 
2017-01-05     15:52:18

**************************************************************************************************************
*                                                                                                            *
*                                            i n p u t   d a t a                                             *
*                                                                                                            *
**************************************************************************************************************


**************************************************************************************************************
*                                            general information                                             *
**************************************************************************************************************


title   : comb polymer: single-graft chain PLUS linear chain PLUS counterions                       

key data: mode           : simulation
          method         : mc   
          ensemble       : nvt
          boundary cond. : xyz
          start          : zero    
          txuser         : daniel                                                                          


number of time steps/passes           2  *        10  =         20

temperature                    =     298.000
pressure                       =       0.101
box lengths (x,y,z)            =     550.000     550.000     550.000
volume                         =   0.166E+09

seed of random generator       =     1298643

optional subroutine used
------------------------
   ControlAver
   MainAver
   Group
   Static
   Image

parameters controlling the output interval (0 = no)
-------------------------------------------------
   itest              0
   ipart              1
   iatom              0
   iaver              0
   ishow              1
   iplot              0
   ilist              1

external units
--------------
number        generic name        file name
------        ------------        ---------
   1               fin            FIN       
   2               fout           FOUT      
   3               fcnf           FCNF      
   8               flist          FLIST     
  10               fimg           FIMG      
  11               fvtf           FVTF      
  12               ftcl           FTCL      

**************************************************************************************************************
*                                                   units                                                    *
**************************************************************************************************************

quantity                unit
--------                ----
length              1.000E-10 m
mass                1.000E-03 kg/mol
temperature         1.000E+00 k
time                1.000E-12 s
energy              1.000E+03 j/mol
heat capacity       1.000E+00 j/mol*k
diff. coeff.        1.000E-09 m**2/s
pressure            1.000E+06 pa
volume              1.000E-30 m**3
linear vel.         1.000E+02 m/s
linear acc.         1.000E+14 m/s**2
force               1.000E+11 n/mol
moment of inertia   1.000E-23 kg*m**2/mol
angle               1.745E-02 rad

**************************************************************************************************************
*                                               particle data                                                *
**************************************************************************************************************

charged atoms enabled

number of hierarchical struc.  =       1
number of chains               =       9
number of particles            =     438
number of atoms                =     438
number of chains types         =       3     (     10 )
number of particle types       =       5     (     10 )
number of atom types           =       5     (     10 )

multigrafted chain                                  =        T

hierarchical data
-----------------
maximum number of crosslinks of a particle          =        6
number of generations                               =        1
chain type of the generations                       =        1       2
number of branches                                  =        7
particle number of chain for first branch point     =        2
particle increment of chain between branch points   =       16
number of crosslinks                                =        7

chain type         no of chains             topology  npptct(1,ict)  npptct(2,ict)  npptct(3,ict)  npptct(4,ict)  npptct(5,ict)
----------         ------------             --------  -------------  -------------  -------------  -------------  -------------
99-mer1                1                    block        99             0             0             0             0
6-mer2                 7                    block         0             6             0             0             0
99-mer6                1                    block         0             0            99             0             0

particle       no        atom     no     mass    hard core    no of unit   weak      pK        sigma    epsilon  zatalpha
                                                 radius       charges      charge                              
--------       --        ----     --     ----    ---------    ----------   ------    --        -----    -------  --------
bead1          99
                         site1    1     10.000    1.000        1.0000        F      0.0000     3.4050    0.9961    0.0000
bead2          42
                         site2    1     10.000    1.000        0.0000        F      0.0000     3.4050    0.9961    0.0000
bead3          99
                         site3    1     10.000    1.000       -1.0000        F      0.0000     3.4050    0.9961    0.0000
cion1          99
                         cion1    1     10.000    1.000       -1.0000        F      0.0000     3.4050    0.9961    0.0000
cion2          99
                         cion2    1     10.000    1.000        1.0000        F      0.0000     3.4050    0.9961    0.0000

molecular input frame: bead1     
---------------------- -----

atom               coordinate (x,y,z)
----               ------------------
site1        0.00000   0.00000   0.00000

principal axis frame: bead1     
--------------------- -----

atom               coordinate (x,y,z)
----               ------------------
site1        0.00000   0.00000   0.00000

molecular input frame: bead2     
---------------------- -----

atom               coordinate (x,y,z)
----               ------------------
site2        0.00000   0.00000   0.00000

principal axis frame: bead2     
--------------------- -----

atom               coordinate (x,y,z)
----               ------------------
site2        0.00000   0.00000   0.00000

molecular input frame: bead3     
---------------------- -----

atom               coordinate (x,y,z)
----               ------------------
site3        0.00000   0.00000   0.00000

principal axis frame: bead3     
--------------------- -----

atom               coordinate (x,y,z)
----               ------------------
site3        0.00000   0.00000   0.00000

molecular input frame: cion1     
---------------------- -----

atom               coordinate (x,y,z)
----               ------------------
site4        0.00000   0.00000   0.00000

principal axis frame: cion1     
--------------------- -----

atom               coordinate (x,y,z)
----               ------------------
site4        0.00000   0.00000   0.00000

molecular input frame: cion2     
---------------------- -----

atom               coordinate (x,y,z)
----               ------------------
site5        0.00000   0.00000   0.00000

principal axis frame: cion2     
--------------------- -----

atom               coordinate (x,y,z)
----               ------------------
site5        0.00000   0.00000   0.00000

particle             mass           moment of inertia (x,y,z)        maximal atom-com distance
--------             ----           -------------------------        -------------------------
bead1              10.000          0.000     0.000     0.000             0.000
bead2              10.000          0.000     0.000     0.000             0.000
bead3              10.000          0.000     0.000     0.000             0.000
cion1              10.000          0.000     0.000     0.000             0.000
cion2              10.000          0.000     0.000     0.000             0.000

**************************************************************************************************************
*                                          two-body potential data                                           *
**************************************************************************************************************

rcut                           =     476.314
utoltab                        =   0.100E-04
ftoltab                        =   0.100E-04
umaxtab                        =   0.200E+05
fmaxtab                        =   0.200E+05

monoatomic energy and force routines

relative permittivity          =   78.400000

system net charge based on zat =    0.00    

parameters controlling the truncation of lj-potential
--------------------------------_--------------------
ljrcut   (in sigma unit)       =    1.12    
ljushift (in epsilon unit)     =    1.00    

particle pair              potential
-------------              ---------
bead1-bead1                  (1,6,12)            
bead1-bead2                  (1,6,12)            
bead1-bead3                  (1,6,12)            
bead1-cion1                  (1,6,12)            
bead1-cion2                  (1,6,12)            
bead2-bead2                  (1,6,12)            
bead2-bead3                  (1,6,12)            
bead2-cion1                  (1,6,12)            
bead2-cion2                  (1,6,12)            
bead3-bead3                  (1,6,12)            
bead3-cion1                  (1,6,12)            
bead3-cion2                  (1,6,12)            
cion1-cion1                  (1,6,12)            
cion1-cion2                  (1,6,12)            
cion2-cion2                  (1,6,12)            

atom pair         energy coefficients (ipot and ucoff)
---------         ------------------------------------
site1-site1            1  0.177214E+02
site1-site2            1  0.000000E+00
site1-site3            1 -0.177214E+02
site1-cion1            1 -0.177214E+02
site1-cion2            1  0.177214E+02
site2-site2            1  0.000000E+00
site2-site3            1  0.000000E+00
site2-cion1            1  0.000000E+00
site2-cion2            1  0.000000E+00
site3-site3            1  0.177214E+02
site3-cion1            1  0.177214E+02
site3-cion2            1 -0.177214E+02
cion1-cion1            1  0.177214E+02
cion1-cion2            1 -0.177214E+02
cion2-cion2            1  0.177214E+02

number of 1/r coefficients than has been changed/added based on zat = 15

specification of two-body potential tables
------------------------------------------
atom pair          no of grids         iubuflow       rumin     rumax
---------          -----------         --------       -----     -----
site1-site1          103                   1          1.940   523.945
site1-site2           80                1237          1.939   523.945
site1-site3          103                2197          1.940   523.945
site1-cion1          103                3433          1.940   523.945
site1-cion2          103                4669          1.940   523.945
site2-site2           80                5905          1.939   523.945
site2-site3           80                6865          1.939   523.945
site2-cion1           80                7825          1.939   523.945
site2-cion2           80                8785          1.939   523.945
site3-site3          103                9745          1.940   523.945
site3-cion1          103               10981          1.940   523.945
site3-cion2          103               12217          1.940   523.945
cion1-cion1          103               13453          1.940   523.945
cion1-cion2          103               14689          1.940   523.945
cion2-cion2          103               15925          1.940   523.945

nbuf (needed, allocated)        =      17161     27000

**************************************************************************************************************
*                                               ipotchain data                                               *
**************************************************************************************************************

bond: force constant           =         2.40880        2.40880        2.40880
bond: power                    =               2              2              2
bond: eqilibrium separation    =         5.00000        5.00000        5.00000
angle: force constant          =         0.00031        0.00031        0.00031
angle: power                   =               2              2              2
angle: eqilibrium separation   =       180.00000      180.00000      180.00000
crosslink: force constant      =         2.40880
crosslink: power               =               2
crosslink: eqilibrium separ    =         5.00000
itestpotchain                  =               0

**************************************************************************************************************
*                                         initial configuration data                                         *
**************************************************************************************************************

box lengths and coordinates: read from fcnf
current seed                   =         -1298643
current box lengths (x,y,z)    =     550.000     550.000     550.000

first macrostep                =      1

**************************************************************************************************************
*                                                coordinates                                                 *
**************************************************************************************************************


particle coordinates
--------------------
particle no   particle type       com (x,y,z)              x'-axis (x,y,z)        y'-axis (x,y,z)        z'-axis (x,y,z)
-----------   -------------       -----------              ---------------        ---------------        ---------------
     1        bead1         200.483   39.867   13.655  -0.543  0.272  0.794   -0.409  0.741 -0.533   -0.733 -0.614 -0.291
     2        bead1         199.594   39.903   17.286   0.319  0.922  0.220    0.185 -0.288  0.940    0.930 -0.259 -0.262
     3        bead1         201.192   40.205   20.943  -0.538 -0.694  0.479   -0.091 -0.517 -0.851    0.838 -0.502  0.215
     4        bead1         196.866   37.946   22.412   0.104  0.990 -0.094    0.099  0.084  0.992    0.990 -0.113 -0.090
     5        bead1         195.799   34.155   18.455   0.308 -0.802  0.512   -0.693 -0.557 -0.457    0.651 -0.214 -0.728
     6        bead1         193.334   35.389   15.458  -0.187 -0.425  0.885    0.096  0.889  0.448   -0.978  0.169 -0.126
     7        bead1         191.172   31.945   18.044  -0.713  0.601 -0.361   -0.698 -0.555  0.453    0.072  0.575  0.815
     8        bead1         193.544   28.740   13.843   0.484  0.116  0.867    0.731 -0.598 -0.328    0.480  0.793 -0.374
     9        bead1         191.807   32.153   10.060  -0.794  0.048 -0.605   -0.575  0.260  0.776    0.195  0.964 -0.179
    10        bead1         187.005   30.373    9.386   0.129 -0.959 -0.254    0.166  0.273 -0.948    0.978  0.080  0.195
    11        bead1         182.164   31.756    9.112   0.780  0.260  0.569    0.343  0.582 -0.737   -0.522  0.771  0.365
    12        bead1         181.029   35.045   14.444  -0.634 -0.548  0.546   -0.270 -0.505 -0.820    0.725 -0.667  0.172
    13        bead1         179.207   37.859   18.399  -0.808  0.055  0.586   -0.549 -0.430 -0.717    0.212 -0.901  0.378
    14        bead1         180.773   39.188   23.208   0.673  0.583 -0.456   -0.293 -0.355 -0.888   -0.679  0.731 -0.068
    15        bead1         187.553   42.909   22.812  -0.319 -0.783 -0.534   -0.870  0.465 -0.163    0.376  0.413 -0.830
    16        bead1         191.609   47.170   20.272  -0.316  0.949  0.010   -0.008  0.009 -1.000   -0.949 -0.316  0.005
    17        bead1         190.299   52.443   20.350   0.840  0.508 -0.189   -0.464  0.854  0.235    0.280 -0.110  0.954
    18        bead1         185.622   48.153   21.428   0.769  0.639 -0.019    0.049 -0.089 -0.995   -0.638  0.764 -0.100
    19        bead1         187.566   49.070   15.686   0.168  0.683 -0.711    0.700 -0.591 -0.402   -0.694 -0.430 -0.577
    20        bead1         187.190   47.321   10.624   0.242  0.626 -0.741    0.110  0.741  0.662    0.964 -0.241  0.110
    21        bead1         183.217   47.779    7.556  -0.570  0.735  0.367   -0.348 -0.621  0.702    0.744  0.273  0.610
    22        bead1         185.485   48.713    4.314  -0.272 -0.100  0.957    0.962  0.006  0.274   -0.033  0.995  0.095
    23        bead1         189.246   47.246    2.898  -0.994  0.083  0.071   -0.070  0.008 -0.997   -0.083 -0.997 -0.002
    24        bead1         192.351   43.242    4.945   0.318 -0.376  0.871    0.274 -0.843 -0.463    0.908  0.386 -0.165
    25        bead1         192.886   38.499    9.828  -0.935  0.345  0.085   -0.074  0.043 -0.996   -0.347 -0.938 -0.014
    26        bead1         193.808   43.240    9.934  -0.487  0.212 -0.847    0.540  0.835 -0.102    0.686 -0.507 -0.521
    27        bead1         196.320   47.584    6.496  -0.313  0.618 -0.721   -0.675  0.388  0.627    0.668  0.683  0.296
    28        bead1         197.463   45.758    1.295  -0.397 -0.523 -0.754   -0.287  0.851 -0.439    0.872  0.042 -0.488
    29        bead1         200.376   47.329   -2.650  -0.896  0.259  0.360   -0.443 -0.489 -0.751   -0.018 -0.833  0.553
    30        bead1         201.799   50.475   -0.458   0.728 -0.490  0.479    0.651  0.713 -0.261   -0.214  0.502  0.838
    31        bead1         200.773   54.813    3.544   0.375  0.766 -0.522   -0.299  0.633  0.714    0.878 -0.112  0.466
    32        bead1         202.608   60.664    4.536   0.791 -0.606  0.087    0.059 -0.067 -0.996    0.609  0.793 -0.017
    33        bead1         200.557   63.336    6.177   0.596 -0.134  0.792    0.787 -0.099 -0.609    0.159  0.986  0.046
    34        bead1         200.682   68.007    7.722  -0.274 -0.187 -0.943   -0.876 -0.355  0.325   -0.396  0.916 -0.067
    35        bead1         203.090   69.354    4.999  -0.704 -0.705  0.085    0.177 -0.058  0.982   -0.688  0.707  0.166
    36        bead1         201.754   74.493    7.134   0.283 -0.757  0.589   -0.475 -0.644 -0.599    0.833 -0.110 -0.542
    37        bead1         202.249   78.539   11.294  -0.539  0.666  0.516   -0.354  0.376 -0.856   -0.764 -0.644  0.033
    38        bead1         203.186   84.795   11.120   0.725 -0.276  0.631    0.223  0.961  0.164   -0.652  0.022  0.758
    39        bead1         200.625   89.290   15.111   0.661  0.168 -0.732   -0.482 -0.651 -0.586   -0.575  0.740 -0.349
    40        bead1         202.916   88.547   19.638   0.696 -0.686 -0.213    0.149 -0.152  0.977   -0.703 -0.711 -0.004
    41        bead1         207.218   86.155   23.092  -0.964 -0.004 -0.264    0.257 -0.244 -0.935   -0.061 -0.970  0.236
    42        bead1         206.962   90.948   25.092  -0.291 -0.246 -0.925    0.236  0.918 -0.318    0.927 -0.311 -0.209
    43        bead1         206.751   94.116   22.824   0.425 -0.531  0.733    0.132 -0.765 -0.631    0.896  0.365 -0.255
    44        bead1         204.986   96.716   29.800  -0.249 -0.796  0.553   -0.041  0.579  0.815   -0.968  0.180 -0.176
    45        bead1         199.782   93.680   27.715   0.034 -0.937 -0.348    0.136 -0.340  0.931   -0.990 -0.079  0.116
    46        bead1         193.911   94.954   25.157   0.806  0.046 -0.590   -0.520 -0.421 -0.743   -0.283  0.906 -0.316
    47        bead1         188.906   93.088   24.019  -0.570  0.692  0.444   -0.792 -0.607 -0.071    0.220 -0.392  0.893
    48        bead1         184.934   95.985   19.269  -0.513 -0.778  0.363    0.331  0.212  0.920   -0.792  0.592  0.149
    49        bead1         182.778   94.900   13.586  -0.667 -0.734 -0.130   -0.085 -0.098  0.992   -0.740  0.673  0.003
    50        bead1         184.055   92.274    7.645  -0.201  0.819 -0.537    0.908 -0.050 -0.416   -0.368 -0.571 -0.734
    51        bead1         184.718   97.656    7.016   0.538 -0.770 -0.344   -0.177  0.295 -0.939    0.824  0.566  0.022
    52        bead1         188.304  102.872    8.316  -0.660 -0.166  0.733   -0.626  0.660 -0.414   -0.415 -0.732 -0.540
    53        bead1         190.030  105.287   11.873  -0.904 -0.394 -0.169    0.328 -0.383 -0.863    0.275 -0.835  0.476
    54        bead1         184.402  102.385   17.950  -0.275  0.532 -0.801    0.807 -0.326 -0.493   -0.523 -0.781 -0.340
    55        bead1         189.003  100.183   14.950   0.970  0.197 -0.140   -0.133 -0.049 -0.990   -0.202  0.979 -0.021
    56        bead1         195.237  101.038   14.939   0.921 -0.017  0.389   -0.344 -0.505  0.791    0.183 -0.863 -0.471
    57        bead1         197.106  101.347   19.362  -0.498  0.206 -0.842    0.629  0.755 -0.187    0.597 -0.623 -0.506
    58        bead1         195.398  102.756   25.311   0.224 -0.974 -0.027    0.047 -0.017  0.999   -0.973 -0.225  0.042
    59        bead1         202.156  105.253   25.079   0.375 -0.657  0.654   -0.020 -0.711 -0.703    0.927  0.250 -0.280
    60        bead1         198.977  111.371   25.517   0.404  0.076 -0.911   -0.524 -0.797 -0.299   -0.749  0.599 -0.283
    61        bead1         202.297  113.519   31.063   0.548 -0.697 -0.462   -0.828 -0.530 -0.184   -0.117  0.484 -0.867
    62        bead1         205.554  109.013   32.819   0.854 -0.424 -0.301   -0.479 -0.417 -0.773    0.202  0.804 -0.559
    63        bead1         208.430  104.663   32.049   0.782 -0.621  0.042   -0.028  0.033  0.999   -0.622 -0.783  0.008
    64        bead1         211.507  102.657   32.426  -0.845  0.534  0.032   -0.109 -0.112 -0.988   -0.524 -0.838  0.153
    65        bead1         211.263   99.686   28.063   0.458 -0.588  0.667   -0.516  0.435  0.738   -0.724 -0.682 -0.104
    66        bead1         215.404   99.251   29.810  -0.686 -0.089 -0.722   -0.471  0.811  0.348    0.555  0.579 -0.598
    67        bead1         216.193  103.238   33.884   0.369  0.183  0.911   -0.191 -0.945  0.267    0.909 -0.273 -0.314
    68        bead1         218.106   97.375   35.314  -0.103 -0.777 -0.622   -0.514  0.576 -0.635    0.852  0.254 -0.458
    69        bead1         220.224   95.643   40.975   0.566 -0.720 -0.401    0.482 -0.106  0.870   -0.669 -0.686  0.287
    70        bead1         216.592   97.735   42.618  -0.353  0.349 -0.868    0.815 -0.341 -0.469   -0.460 -0.873 -0.163
    71        bead1         215.668  100.157   45.892   0.085  0.761 -0.643    0.382 -0.621 -0.684   -0.920 -0.187 -0.343
    72        bead1         215.208  104.947   43.353  -0.448  0.862 -0.238   -0.466 -0.453 -0.760   -0.763 -0.229  0.605
    73        bead1         219.745  109.618   41.279   0.123 -0.976 -0.180   -0.342  0.128 -0.931    0.932  0.176 -0.318
    74        bead1         216.194  110.084   34.855  -0.578 -0.720 -0.384    0.239  0.300 -0.923    0.780 -0.626 -0.001
    75        bead1         214.411  113.753   32.338   0.599  0.761  0.250   -0.159 -0.193  0.968    0.785 -0.620  0.005
    76        bead1         213.077  108.449   27.905   0.431 -0.586 -0.686   -0.360  0.585 -0.726    0.828  0.560  0.041
    77        bead1         213.769  110.054   23.283  -0.661  0.666 -0.345    0.176 -0.309 -0.934   -0.729 -0.678  0.087
    78        bead1         211.939  113.529   24.098   0.706 -0.655 -0.270    0.694  0.562  0.451   -0.144 -0.506  0.851
    79        bead1         214.500  116.026   19.165  -0.855 -0.481 -0.192    0.139  0.144 -0.980    0.499 -0.865 -0.056
    80        bead1         212.117  118.149   15.545  -0.894  0.426 -0.139   -0.396 -0.605  0.691    0.210  0.673  0.709
    81        bead1         206.611  115.600   13.975   0.920 -0.333 -0.206   -0.232 -0.040 -0.972    0.316  0.942 -0.114
    82        bead1         203.178  119.467   18.564  -0.846  0.362 -0.392    0.458  0.870 -0.185    0.274 -0.336 -0.901
    83        bead1         200.621  122.489   19.277  -0.211 -0.135 -0.968    0.594  0.769 -0.236    0.776 -0.625 -0.082
    84        bead1         200.798  126.767   16.195  -0.470  0.465  0.750    0.815 -0.098  0.572    0.339  0.880 -0.333
    85        bead1         205.087  124.762   18.716  -0.107 -0.820  0.563    0.992 -0.123  0.010    0.061  0.560  0.827
    86        bead1         209.425  123.536   21.682   0.588  0.805  0.070    0.060  0.043 -0.997   -0.806  0.591 -0.023
    87        bead1         214.662  123.484   23.985  -0.163 -0.951  0.264   -0.372 -0.188 -0.909    0.914 -0.247 -0.323
    88        bead1         214.394  129.662   24.651  -0.132  0.711  0.690   -0.685  0.438 -0.583   -0.717 -0.550  0.429
    89        bead1         213.387  133.556   19.624  -0.811 -0.157  0.564   -0.560 -0.073 -0.826    0.171 -0.985 -0.029
    90        bead1         214.839  132.405   14.763   0.715 -0.577 -0.396   -0.385 -0.797  0.466   -0.584 -0.181 -0.791
    91        bead1         214.452  133.129    8.555   0.404 -0.867  0.291    0.465  0.469  0.751   -0.788 -0.168  0.593
    92        bead1         211.278  136.074    7.835   0.342 -0.087  0.936    0.882 -0.314 -0.352    0.324  0.945 -0.031
    93        bead1         216.708  136.915    5.238  -0.938 -0.307  0.162   -0.171  0.004 -0.985    0.302 -0.952 -0.056
    94        bead1         220.698  140.128    6.720  -0.590 -0.118  0.798    0.660 -0.640  0.393    0.465  0.759  0.456
    95        bead1         218.431  142.073   12.157  -0.793 -0.132  0.595   -0.010 -0.973 -0.230    0.610 -0.188  0.770
    96        bead1         216.429  141.162   16.370   0.635 -0.230 -0.737    0.413 -0.705  0.576   -0.652 -0.671 -0.353
    97        bead1         212.273  138.009   14.565  -0.388  0.803  0.453   -0.103  0.451 -0.887   -0.916 -0.390 -0.092
    98        bead1         208.255  133.714   14.445   0.555 -0.799 -0.234    0.261 -0.100  0.960   -0.790 -0.594  0.153
    99        bead1         208.604  139.900   17.349  -0.061 -0.758 -0.650   -0.944  0.256 -0.210    0.326  0.600 -0.730
   100        bead2         204.144   38.376   16.203   0.790  0.569  0.230   -0.228  0.621 -0.750   -0.570  0.540  0.620
   101        bead2         207.246   37.855   18.728   0.285  0.360 -0.888   -0.954  0.017 -0.299   -0.092  0.933  0.349
   102        bead2         207.499   33.135   19.483  -0.054  0.891 -0.452   -0.007  0.452  0.892    0.999  0.051 -0.018
   103        bead2         210.866   37.297   17.145  -0.618 -0.737 -0.273    0.200  0.188 -0.962    0.760 -0.649  0.031
   104        bead2         213.277   34.189   19.889   0.510 -0.594  0.622    0.579  0.772  0.262   -0.636  0.227  0.738
   105        bead2         215.492   35.036   14.081   0.367 -0.923  0.113    0.027  0.132  0.991   -0.930 -0.360  0.074
   106        bead2         186.205   51.415   19.081  -0.838  0.020  0.546    0.193 -0.924  0.329    0.511  0.381  0.770
   107        bead2         185.670   58.296   19.110  -0.290  0.638 -0.714   -0.037 -0.752 -0.658   -0.956 -0.164  0.242
   108        bead2         185.334   57.564   22.845  -0.212 -0.710 -0.672    0.332 -0.699  0.634   -0.919 -0.088  0.383
   109        bead2         180.083   59.261   25.235   0.601 -0.652  0.462    0.736  0.226 -0.638    0.312  0.724  0.616
   110        bead2         176.261   57.533   21.483   0.126  0.659 -0.741    0.672 -0.607 -0.425   -0.730 -0.444 -0.520
   111        bead2         177.115   52.919   17.743   0.399 -0.600 -0.693    0.665 -0.331  0.669   -0.631 -0.728  0.267
   112        bead2         198.229   66.022   10.345   0.149 -0.202  0.968    0.708  0.705  0.039   -0.691  0.680  0.248
   113        bead2         198.373   62.577   15.358  -0.743  0.025 -0.669    0.632 -0.304 -0.713   -0.221 -0.952  0.210
   114        bead2         192.545   63.924   14.804   0.503  0.790  0.351    0.444  0.113 -0.889   -0.742  0.603 -0.293
   115        bead2         194.545   67.159   18.362  -0.276 -0.940  0.203    0.038  0.200  0.979   -0.960  0.278 -0.020
   116        bead2         192.815   73.335   16.145  -0.534  0.595  0.601   -0.662 -0.736  0.140    0.526 -0.323  0.787
   117        bead2         189.033   75.278   16.111   0.746  0.259 -0.613   -0.489 -0.411 -0.769   -0.451  0.874 -0.180
   118        bead2         186.649   93.204    3.867   0.594 -0.643  0.483    0.557  0.762  0.330   -0.581  0.073  0.811
   119        bead2         189.356   98.046    2.298   0.725  0.255  0.640    0.516 -0.817 -0.259    0.457  0.518 -0.723
   120        bead2         187.280  101.186   -1.945  -0.688  0.456  0.564   -0.664 -0.084 -0.743   -0.292 -0.886  0.361
   121        bead2         182.411  103.390   -5.206   0.069 -0.833 -0.549   -0.264  0.516 -0.815    0.962  0.201 -0.185
   122        bead2         182.576  108.911   -4.106  -0.698  0.625 -0.349   -0.220  0.277  0.936    0.681  0.730 -0.056
   123        bead2         185.060  109.421    0.362   0.387  0.679  0.624    0.093 -0.702  0.706    0.917 -0.215 -0.335
   124        bead2         220.914  104.136   29.442  -0.299 -0.682  0.668   -0.853 -0.123 -0.507    0.428 -0.721 -0.545
   125        bead2         224.307  101.521   27.800   0.627  0.623 -0.468    0.249 -0.729 -0.637   -0.738  0.283 -0.613
   126        bead2         222.344   96.613   32.274  -0.521  0.236 -0.820    0.563 -0.627 -0.538   -0.641 -0.742  0.194
   127        bead2         225.746   93.558   30.916  -0.812 -0.346 -0.469   -0.074 -0.737  0.672   -0.578  0.580  0.573
   128        bead2         224.680   87.683   30.716   0.594 -0.363 -0.718   -0.065  0.868 -0.493    0.802  0.340  0.492
   129        bead2         221.999   88.932   25.734  -0.191  0.364  0.911   -0.169  0.902 -0.396   -0.967 -0.230 -0.111
   130        bead2         199.437  117.893   22.818   0.033 -0.701  0.712    0.354 -0.658 -0.665    0.935  0.274  0.227
   131        bead2         195.241  120.780   20.472   0.154  0.427  0.891    0.952  0.178 -0.250   -0.265  0.887 -0.378
   132        bead2         191.726  118.339   23.576  -0.597 -0.258 -0.759    0.686 -0.656 -0.317   -0.416 -0.710  0.569
   133        bead2         187.514  118.556   23.036  -0.241  0.970  0.042   -0.046  0.032 -0.998   -0.969 -0.242  0.037
   134        bead2         184.636  120.757   23.126  -0.812 -0.449 -0.374   -0.435  0.892 -0.126    0.390  0.060 -0.919
   135        bead2         182.978  116.417   26.718  -0.118  0.681  0.723    0.347  0.710 -0.612   -0.930  0.179 -0.320
   136        bead2         204.463  136.889   12.882   0.393  0.000 -0.920    0.059  0.998  0.026    0.918 -0.064  0.392
   137        bead2         202.457  138.337    9.175  -0.379  0.921  0.086    0.162  0.158 -0.974   -0.911 -0.355 -0.209
   138        bead2         197.478  139.565    9.058   0.936 -0.343  0.079    0.097  0.035 -0.995    0.339  0.939  0.066
   139        bead2         192.458  136.559   10.193  -0.558  0.714 -0.424    0.141 -0.421 -0.896   -0.818 -0.559  0.134
   140        bead2         188.444  133.411   12.650   0.711  0.493 -0.501    0.664 -0.706  0.247   -0.232 -0.508 -0.829
   141        bead2         187.660  132.522   17.888  -0.057 -0.998  0.016    0.018 -0.017 -1.000    0.998 -0.057  0.019
   142        bead3         195.295   30.580   17.554   0.528 -0.009  0.849    0.106 -0.991 -0.076    0.843  0.130 -0.522
   143        bead3         194.610   34.256   21.765  -0.646 -0.725 -0.240    0.093  0.237 -0.967    0.758 -0.647 -0.086
   144        bead3         193.849   39.937   20.775  -0.910  0.115  0.397    0.344 -0.321  0.882    0.229  0.940  0.253
   145        bead3         195.977   45.958   18.663  -0.549  0.212 -0.808   -0.656 -0.708  0.260   -0.518  0.673  0.528
   146        bead3         200.571   47.018   18.016  -0.078  0.975 -0.206    0.198 -0.188 -0.962   -0.977 -0.116 -0.179
   147        bead3         203.133   44.765   16.067   0.360  0.594  0.719   -0.547  0.759 -0.353   -0.756 -0.266  0.599
   148        bead3         201.311   43.053   12.805   0.427  0.525  0.736   -0.667  0.733 -0.136   -0.611 -0.433  0.663
   149        bead3         197.309   40.398   14.669  -0.807 -0.456 -0.375    0.257 -0.843  0.473   -0.532  0.286  0.797
   150        bead3         196.258   38.754   17.540  -0.907  0.199  0.370    0.415  0.569  0.710   -0.069  0.798 -0.599
   151        bead3         197.242   33.620   13.558  -0.776  0.513 -0.367    0.219 -0.327 -0.919   -0.592 -0.794  0.141
   152        bead3         199.398   34.311    9.838  -0.732  0.521 -0.438    0.660  0.701 -0.270    0.167 -0.487 -0.858
   153        bead3         197.728   30.611    7.065   0.071  0.807  0.586   -0.506 -0.477  0.718    0.859 -0.348  0.374
   154        bead3         193.443   34.541    7.017   0.019  0.798  0.603    0.160  0.592 -0.790   -0.987  0.112 -0.116
   155        bead3         191.083   34.976   11.960  -0.650  0.045  0.758   -0.732 -0.306 -0.609    0.204 -0.951  0.232
   156        bead3         185.845   32.558   14.930   0.656  0.430  0.620   -0.661 -0.071  0.747    0.365 -0.900  0.238
   157        bead3         183.489   30.234   15.718   0.465  0.727 -0.506   -0.082 -0.533 -0.842   -0.882  0.433 -0.188
   158        bead3         177.566   31.705   16.438   0.108  0.633 -0.767   -0.893 -0.278 -0.355   -0.438  0.722  0.535
   159        bead3         177.734   35.747   15.843  -0.604  0.537  0.588    0.516 -0.299  0.803    0.607  0.789 -0.097
   160        bead3         181.762   39.046   14.865   0.712  0.189  0.676   -0.074  0.978 -0.195   -0.698  0.088  0.710
   161        bead3         186.888   43.248   15.811  -0.514 -0.856 -0.059   -0.041 -0.044  0.998   -0.857  0.515 -0.012
   162        bead3         188.367   47.425   18.989  -0.675  0.478  0.562   -0.656 -0.737 -0.162    0.337 -0.478  0.811
   163        bead3         191.472   46.413   13.676  -0.991  0.116  0.071    0.018 -0.405  0.914    0.135  0.907  0.399
   164        bead3         189.587   43.611   10.002  -0.614  0.497  0.613   -0.486 -0.850  0.202    0.622 -0.174  0.764
   165        bead3         186.318   46.488    7.434  -0.186 -0.888 -0.421   -0.521 -0.274  0.808   -0.833  0.370 -0.412
   166        bead3         183.730   51.777    8.882  -0.631  0.337 -0.699   -0.776 -0.301  0.555   -0.024  0.892  0.451
   167        bead3         189.145   52.102    7.917   0.388 -0.846 -0.366   -0.312  0.253 -0.916    0.867  0.470 -0.166
   168        bead3         189.971   50.682    3.200   0.491 -0.626  0.606   -0.306 -0.775 -0.553    0.816  0.086 -0.572
   169        bead3         188.349   54.036   -1.051   0.927  0.359 -0.111    0.197 -0.211  0.958    0.320 -0.909 -0.266
   170        bead3         187.267   50.455   -5.969   0.449  0.828  0.336   -0.148 -0.302  0.942    0.881 -0.472 -0.013
   171        bead3         191.815   48.251   -8.401  -0.271 -0.616 -0.740    0.369 -0.776  0.511   -0.889 -0.135  0.437
   172        bead3         196.611   46.743   -5.031  -0.462 -0.531 -0.711    0.449 -0.831  0.329   -0.765 -0.167  0.622
   173        bead3         199.502   51.058   -4.746  -0.371 -0.706  0.603    0.603 -0.677 -0.422    0.707  0.207  0.677
   174        bead3         204.130   55.648   -1.925  -0.495 -0.645 -0.583   -0.503  0.759 -0.413    0.709  0.089 -0.700
   175        bead3         205.448   61.322   -1.258  -0.550 -0.261  0.793    0.811  0.061  0.583   -0.200  0.963  0.178
   176        bead3         200.267   64.355    1.242   0.428  0.737 -0.524    0.417  0.353  0.837    0.802 -0.577 -0.157
   177        bead3         197.829   65.239    5.375   0.596  0.119  0.794   -0.293  0.953  0.076   -0.748 -0.278  0.603
   178        bead3         197.705   69.391    6.013  -0.842 -0.530 -0.098    0.182 -0.108 -0.977    0.507 -0.841  0.188
   179        bead3         203.211   71.294    8.828  -0.654  0.469  0.593   -0.625  0.106 -0.773   -0.425 -0.877  0.224
   180        bead3         209.410   77.409    9.976  -0.687  0.105 -0.719    0.701 -0.164 -0.694   -0.191 -0.981  0.039
   181        bead3         207.501   82.911    7.329   0.429 -0.113  0.896    0.185 -0.960 -0.210    0.884  0.256 -0.391
