
..............................................................................................................
.                                         TestSetObjectParam1 chain                                          .
..............................................................................................................

ictcn(1:nc)    1    2    2    3    3    3    3    4    4    4    4    4    4    4    4
ictct(1:nct,nct)    1    2    3    4    2    5    6    7    3    6    8    9    4    7    9   10

        ic, ictcn(ic),      iseg,   ipnsegcn(iseg,ic) = i
          1          1          1          1
          2          2          1          2
          2          2          2          3
          2          2          3          4
          2          2          4          5
          3          2          1          6
          3          2          2          7
          3          2          3          8
          3          2          4          9
          4          3          1         10
          4          3          2         11
          4          3          3         12
          4          3          4         13
          5          3          1         14
          5          3          2         15
          5          3          3         16
          5          3          4         17
          6          3          1         18
          6          3          2         19
          6          3          3         20
          6          3          4         21
          7          3          1         22
          7          3          2         23
          7          3          3         24
          7          3          4         25
          8          4          1         26
          8          4          2         27
          8          4          3         28
          8          4          4         29
          9          4          1         30
          9          4          2         31
          9          4          3         32
          9          4          4         33
         10          4          1         34
         10          4          2         35
         10          4          3         36
         10          4          4         37
         11          4          1         38
         11          4          2         39
         11          4          3         40
         11          4          4         41
         12          4          1         42
         12          4          2         43
         12          4          3         44
         12          4          4         45
         13          4          1         46
         13          4          2         47
         13          4          3         48
         13          4          4         49
         14          4          1         50
         14          4          2         51
         14          4          3         52
         14          4          4         53
         15          4          1         54
         15          4          2         55
         15          4          3         56
         15          4          4         57

        ip, iptpn(ip), ictpn(ip), icnpn(ip), bondnn(1,ip), bondnn(2,ip), isegpn(ip)
          1          1          1          1          0          0          1
          2          2          2          2          0          3          1
          3          2          2          2          2          4          2
          4          2          2          2          3          5          3
          5          2          2          2          4          0          4
          6          2          2          3          0          7          1
          7          2          2          3          6          8          2
          8          2          2          3          7          9          3
          9          2          2          3          8          0          4
         10          3          3          4          0         11          1
         11          3          3          4         10         12          2
         12          3          3          4         11         13          3
         13          3          3          4         12          0          4
         14          3          3          5          0         15          1
         15          3          3          5         14         16          2
         16          3          3          5         15         17          3
         17          3          3          5         16          0          4
         18          3          3          6          0         19          1
         19          3          3          6         18         20          2
         20          3          3          6         19         21          3
         21          3          3          6         20          0          4
         22          3          3          7          0         23          1
         23          3          3          7         22         24          2
         24          3          3          7         23         25          3
         25          3          3          7         24          0          4
         26          4          4          8          0         27          1
         27          4          4          8         26         28          2
         28          4          4          8         27         29          3
         29          4          4          8         28          0          4
         30          4          4          9          0         31          1
         31          4          4          9         30         32          2
         32          4          4          9         31         33          3
         33          4          4          9         32          0          4
         34          4          4         10          0         35          1
         35          4          4         10         34         36          2
         36          4          4         10         35         37          3
         37          4          4         10         36          0          4
         38          4          4         11          0         39          1
         39          4          4         11         38         40          2
         40          4          4         11         39         41          3
         41          4          4         11         40          0          4
         42          4          4         12          0         43          1
         43          4          4         12         42         44          2
         44          4          4         12         43         45          3
         45          4          4         12         44          0          4
         46          4          4         13          0         47          1
         47          4          4         13         46         48          2
         48          4          4         13         47         49          3
         49          4          4         13         48          0          4
         50          4          4         14          0         51          1
         51          4          4         14         50         52          2
         52          4          4         14         51         53          3
         53          4          4         14         52          0          4
         54          4          4         15          0         55          1
         55          4          4         15         54         56          2
         56          4          4         15         55         57          3
         57          4          4         15         56          0          4

..............................................................................................................
.                                       TestSetObjectParam1 crosslink                                        .
..............................................................................................................

nch(0:ngen)    1    2    4    8

ip, ihnpn(ip)
    1    1
    2    1
    3    1
    4    1
    5    1
    6    1
    7    1
    8    1
    9    1
   10    1
   11    1
   12    1
   13    1
   14    1
   15    1
   16    1
   17    1
   18    1
   19    1
   20    1
   21    1
   22    1
   23    1
   24    1
   25    1
   26    1
   27    1
   28    1
   29    1
   30    1
   31    1
   32    1
   33    1
   34    1
   35    1
   36    1
   37    1
   38    1
   39    1
   40    1
   41    1
   42    1
   43    1
   44    1
   45    1
   46    1
   47    1
   48    1
   49    1
   50    1
   51    1
   52    1
   53    1
   54    1
   55    1
   56    1
   57    1

ip    ic           maxnbondcl(ipt)         nbondcl(ip)          bondcl(1,ip)  ...  
    1    1                 2                 2                   2         6
    2    2                 2                 1                   1
    3    2                 2                 0
    4    2                 2                 0
    5    2                 2                 2                  10        14
    6    3                 2                 1                   1
    7    3                 2                 0
    8    3                 2                 0
    9    3                 2                 2                  18        22
   10    4                 2                 1                   5
   11    4                 2                 0
   12    4                 2                 0
   13    4                 2                 2                  26        30
   14    5                 2                 1                   5
   15    5                 2                 0
   16    5                 2                 0
   17    5                 2                 2                  34        38
   18    6                 2                 1                   9
   19    6                 2                 0
   20    6                 2                 0
   21    6                 2                 2                  42        46
   22    7                 2                 1                   9
   23    7                 2                 0
   24    7                 2                 0
   25    7                 2                 2                  50        54
   26    8                 1                 1                  13
   27    8                 1                 0
   28    8                 1                 0
   29    8                 1                 0
   30    9                 1                 1                  13
   31    9                 1                 0
   32    9                 1                 0
   33    9                 1                 0
   34   10                 1                 1                  17
   35   10                 1                 0
   36   10                 1                 0
   37   10                 1                 0
   38   11                 1                 1                  17
   39   11                 1                 0
   40   11                 1                 0
   41   11                 1                 0
   42   12                 1                 1                  21
   43   12                 1                 0
   44   12                 1                 0
   45   12                 1                 0
   46   13                 1                 1                  21
   47   13                 1                 0
   48   13                 1                 0
   49   13                 1                 0
   50   14                 1                 1                  25
   51   14                 1                 0
   52   14                 1                 0
   53   14                 1                 0
   54   15                 1                 1                  25
   55   15                 1                 0
   56   15                 1                 0
   57   15                 1                 0
**************************************************************************************************************
**************************************************************************************************************
**                                                                                                          **
**                                                                                                          **
**                                                  Molsim                                                  **
**                                                                                                          **
**                  integrated md/mc/bd simulation program belonging to the molsim package                  **
**                                                                                                          **
**                                      version 6.4.7, Sep 18, 2015 v                                       **
**                                                                                                          **
**                                                                                                          **
**                                                Per Linse                                                 **
**                                            Physical Chemistry                                            **
**                                         Department of Chemistry                                          **
**                                             Lund University                                              **
**                                               P.O. Box 124                                               **
**                                          S-221 00 Lund, SWEDEN                                           **
**                                                                                                          **
**                                                                                                          **
**                                         with contributions from                                          **
**                                                                                                          **
**                  Anna Akinchina, Fredrik Carlsson, Samuel Edgecombe, Yoshikatsu Hayashi                  **
**          Pascal Hebbeker, Cornelius Hofzumahaus, Niklas Källrot, Björn Linse, Vladimir Lobaskin          **
**               Thomas M. Nymand, Alberto Pais, Jurij Rescic, Stefanie Schneider, Marie Skepö              **
**          Joakim Stenhammar, Anders Wallqvist, Jos van Rijssel, Erik Wernersson, Per-Olof Åstrand         **
**                                                                                                          **
**                                                                                                          **
**************************************************************************************************************
**************************************************************************************************************
 
2016-09-13     16:40:52

**************************************************************************************************************
*                                                                                                            *
*                                            i n p u t   d a t a                                             *
*                                                                                                            *
**************************************************************************************************************


**************************************************************************************************************
*                                            general information                                             *
**************************************************************************************************************


title   : third generation dendrimer                                                                

key data: mode           : simulation
          method         : mc   
          ensemble       : nvt
          boundary cond. : xyz
          start          : setconf 


number of time steps/passes           1  *       100  =        100

temperature                    =     298.000
pressure                       =       0.101
box lengths (x,y,z)            =     200.000     200.000     200.000
volume                         =   0.800E+07

seed of random generator       =           1

optional subroutine used
------------------------
   ControlAver
   MainAver
   Image

parameters controlling the output interval (0 = no)
-------------------------------------------------
   itest              0
   ipart              1
   iatom              1
   iaver            100
   ishow              1
   iplot              0
   ilist              0

external units
--------------
number        generic name        file name
------        ------------        ---------
   1               fin            FIN       
   2               fout           FOUT      
   3               fcnf           FCNF      
  10               fimg           FIMG      
  11               fvtf           FVTF      
  12               ftcl           FTCL      

**************************************************************************************************************
*                                                   units                                                    *
**************************************************************************************************************

quantity                unit
--------                ----
length              1.000E-10 m
mass                1.000E-03 kg/mol
temperature         1.000E+00 k
time                1.000E-12 s
energy              1.000E+03 j/mol
heat capacity       1.000E+00 j/mol*k
diff. coeff.        1.000E-09 m**2/s
pressure            1.000E+06 pa
volume              1.000E-30 m**3
linear vel.         1.000E+02 m/s
linear acc.         1.000E+14 m/s**2
force               1.000E+11 n/mol
moment of inertia   1.000E-23 kg*m**2/mol
angle               1.745E-02 rad

**************************************************************************************************************
*                                               particle data                                                *
**************************************************************************************************************

charged atoms enabled

number of hierarchical struc.  =       1
number of chains               =      15
number of particles            =      57
number of atoms                =      57
number of chains types         =       4     (     10 )
number of particle types       =       4     (     10 )
number of atom types           =       4     (     10 )

hierarchical data
-----------------
maximum number of crosslinks of a particle          =        2
number of generations                               =        3
chain type of the generations                       =        1       2       3       4
number of branches                                  =        2       2       2
particle number of chain for first branch point     =        1       4       4
particle increment of chain between branch points   =        0       0       0
number of crosslinks                                =       14

chain type         no of chains             topology  no of particles of the different types
----------         ------------             --------  --------------------------------------
1-mer1                 1                    block         1    0    0    0
4-mer2                 2                    block         0    4    0    0
4-mer3                 4                    block         0    0    4    0
4-mer4                 8                    block         0    0    0    4

particle       no        atom     no     mass    hard core    no of unit   weak      pK        sigma    epsilon  zatalpha
                                                 radius       charges      charge                              
--------       --        ----     --     ----    ---------    ----------   ------    --        -----    -------  --------
bead1           1
                         site1    1     10.000    2.000        0.0000        F      0.0000     0.0000    0.0000    0.0000
bead2           8
                         site2    1     10.000    2.000        0.0000        F      0.0000     0.0000    0.0000    0.0000
bead3          16
                         site3    1     10.000    2.000        0.0000        F      0.0000     0.0000    0.0000    0.0000
bead4          32
                         site4    1     10.000    2.000        0.0000        F      0.0000     0.0000    0.0000    0.0000

molecular input frame: bead1     
---------------------- -----

atom               coordinate (x,y,z)
----               ------------------
site1        0.00000   0.00000   0.00000

principal axis frame: bead1     
--------------------- -----

atom               coordinate (x,y,z)
----               ------------------
site1        0.00000   0.00000   0.00000

molecular input frame: bead2     
---------------------- -----

atom               coordinate (x,y,z)
----               ------------------
site2        0.00000   0.00000   0.00000

principal axis frame: bead2     
--------------------- -----

atom               coordinate (x,y,z)
----               ------------------
site2        0.00000   0.00000   0.00000

molecular input frame: bead3     
---------------------- -----

atom               coordinate (x,y,z)
----               ------------------
site3        0.00000   0.00000   0.00000

principal axis frame: bead3     
--------------------- -----

atom               coordinate (x,y,z)
----               ------------------
site3        0.00000   0.00000   0.00000

molecular input frame: bead4     
---------------------- -----

atom               coordinate (x,y,z)
----               ------------------
site4        0.00000   0.00000   0.00000

principal axis frame: bead4     
--------------------- -----

atom               coordinate (x,y,z)
----               ------------------
site4        0.00000   0.00000   0.00000

particle             mass           moment of inertia (x,y,z)        maximal atom-com distance
--------             ----           -------------------------        -------------------------
bead1              10.000          0.000     0.000     0.000             0.000
bead2              10.000          0.000     0.000     0.000             0.000
bead3              10.000          0.000     0.000     0.000             0.000
bead4              10.000          0.000     0.000     0.000             0.000

**************************************************************************************************************
*                                          two-body potential data                                           *
**************************************************************************************************************

rcut                           =     173.205
utoltab                        =   0.100E-04
ftoltab                        =   0.100E-04
umaxtab                        =   0.200E+05
fmaxtab                        =   0.200E+05

monoatomic energy and force routines

particle pair              potential
-------------              ---------
bead1-bead1                  default             
bead1-bead2                  default             
bead1-bead3                  default             
bead1-bead4                  default             
bead2-bead2                  default             
bead2-bead3                  default             
bead2-bead4                  default             
bead3-bead3                  default             
bead3-bead4                  default             
bead4-bead4                  default             

atom pair         energy coefficients (ipot and ucoff)
---------         ------------------------------------
site1-site1         
site1-site2         
site1-site3         
site1-site4         
site2-site2         
site2-site3         
site2-site4         
site3-site3         
site3-site4         
site4-site4         

specification of two-body potential tables
------------------------------------------
atom pair          no of grids         iubuflow       rumin     rumax
---------          -----------         --------       -----     -----
site1-site1            2                   1          0.010   190.526
site1-site2            2                  25          0.010   190.526
site1-site3            2                  49          0.010   190.526
site1-site4            2                  73          0.010   190.526
site2-site2            2                  97          0.010   190.526
site2-site3            2                 121          0.010   190.526
site2-site4            2                 145          0.010   190.526
site3-site3            2                 169          0.010   190.526
site3-site4            2                 193          0.010   190.526
site4-site4            2                 217          0.010   190.526

nbuf (needed, allocated)        =        241      1000

**************************************************************************************************************
*                                               ipotchain data                                               *
**************************************************************************************************************

bond: force constant           =         1.00000        1.00000        1.00000        1.00000
bond: power                    =               2              2              2              2
bond: eqilibrium separation    =         5.00000        5.00000        5.00000        5.00000
angle: force constant          =         0.00000        0.00000        0.00000        0.00000
angle: power                   =               2              2              2              2
angle: eqilibrium separation   =       180.00000      180.00000      180.00000      180.00000
crosslink: force constant      =         2.40000
crosslink: power               =               2
crosslink: eqilibrium separ    =         5.00000
itestpotchain                  =               0

**************************************************************************************************************
*                                         initial configuration data                                         *
**************************************************************************************************************

start configuration from SetConfiguration
-----------------------------------------
part. type    routine          no of unit cells (x,y,z)     lower (x,y,z)      upper (x,y,z)      shift (x,y,z)
----------    -------          ------------------------     -------------      -------------      -------------
 1  bead1     hierarchicalrandom      1    1    1        -100.0-100.0-100.0  100.0 100.0 100.0    0.0   0.0   0.0
 2  bead2     hierarchicalrandom      1    1    1        -100.0-100.0-100.0  100.0 100.0 100.0    0.0   0.0   0.0
 3  bead3     hierarchicalrandom      1    1    1        -100.0-100.0-100.0  100.0 100.0 100.0    0.0   0.0   0.0
 4  bead4     hierarchicalrandom      1    1    1        -100.0-100.0-100.0  100.0 100.0 100.0    0.0   0.0   0.0

bond length scaling factor              =      1.000   1.000   1.000   1.000
minimum angle between consecutive beads =    120.000 120.000 120.000 120.000

first macrostep                =      1

**************************************************************************************************************
*                                                coordinates                                                 *
**************************************************************************************************************


particle coordinates
--------------------
particle no   particle type       com (x,y,z)              x'-axis (x,y,z)        y'-axis (x,y,z)        z'-axis (x,y,z)
-----------   -------------       -----------              ---------------        ---------------        ---------------
     1        bead1         -98.999  -75.139   26.085   0.588  0.271  0.762    0.248  0.836 -0.489   -0.770  0.476  0.425
     2        bead2         -97.795  -78.405   22.496  -0.118  0.862  0.493    0.098  0.504 -0.858   -0.988 -0.053 -0.144
     3        bead2          98.640  -75.356   20.766  -0.937 -0.249  0.245    0.210  0.160  0.965   -0.279  0.955 -0.098
     4        bead2          95.526  -72.631   17.960  -0.756  0.572 -0.318    0.448  0.099 -0.888   -0.476 -0.814 -0.332
     5        bead2          92.572  -74.450   14.359   0.760 -0.644 -0.082    0.587  0.736 -0.336    0.277  0.207  0.938
     6        bead2         -94.456  -75.374   24.010   0.046 -0.334 -0.941   -0.506  0.805 -0.310    0.861  0.491 -0.132
     7        bead2         -91.638  -72.019   21.600   0.851  0.475  0.224    0.241  0.025 -0.970   -0.467  0.879 -0.093
     8        bead2         -89.097  -69.247   18.305  -0.499 -0.483 -0.720   -0.288  0.876 -0.387    0.817  0.014 -0.576
     9        bead2         -88.808  -65.118   15.500   0.290  0.111  0.950    0.804  0.509 -0.305   -0.518  0.853  0.058
    10        bead3          94.788  -70.722   11.871  -0.554 -0.734  0.391    0.135 -0.544 -0.828    0.821 -0.406  0.401
    11        bead3          92.694  -74.523    9.387   0.944  0.330  0.028    0.006  0.067 -0.998   -0.331  0.942  0.061
    12        bead3          89.139  -77.857    8.276   0.297 -0.704 -0.645    0.072  0.690 -0.720    0.952  0.167  0.256
    13        bead3          86.770  -82.153    9.244  -0.674 -0.110  0.730   -0.676 -0.307 -0.670    0.298 -0.945  0.133
    14        bead3          89.002  -71.717   16.546   0.496 -0.836  0.233   -0.081  0.223  0.971   -0.864 -0.501  0.043
    15        bead3          91.448  -68.576   19.572  -0.478  0.874 -0.082   -0.123  0.026  0.992    0.870  0.484  0.096
    16        bead3          92.588  -64.765   22.601   0.767 -0.151 -0.624   -0.449 -0.821 -0.353   -0.459  0.551 -0.697
    17        bead3          91.232  -60.255   24.283   0.096 -0.912  0.399    0.992  0.054 -0.115    0.084  0.406  0.910
    18        bead3         -85.728  -66.116   19.311  -0.149 -0.731 -0.666    0.502 -0.636  0.586   -0.852 -0.247  0.462
    19        bead3         -85.285  -70.223   22.128   0.169 -0.755 -0.633    0.902  0.377 -0.209    0.397 -0.536  0.745
    20        bead3         -87.308  -72.362   26.169   0.790 -0.540  0.290   -0.109  0.341  0.934   -0.603 -0.770  0.211
    21        bead3         -89.530  -74.744   29.962  -0.391 -0.418 -0.820   -0.081  0.903 -0.421    0.917 -0.098 -0.387
    22        bead3         -90.910  -63.207   19.615   0.969 -0.018 -0.246    0.238 -0.191  0.952   -0.064 -0.981 -0.181
    23        bead3         -87.464  -59.585   19.577  -0.006  0.319  0.948   -0.575  0.774 -0.265   -0.818 -0.546  0.179
    24        bead3         -83.327  -57.955   21.865   0.110 -0.250  0.962    0.856  0.515  0.036   -0.504  0.820  0.271
    25        bead3         -78.329  -58.079   21.879  -0.835  0.162 -0.525    0.547  0.152 -0.823   -0.053 -0.975 -0.215
    26        bead4          89.197  -82.661    4.902   0.727 -0.558 -0.401    0.164  0.708 -0.686    0.667  0.433  0.606
    27        bead4          84.289  -82.500    3.961   0.934  0.205  0.293   -0.293 -0.028  0.956    0.205 -0.978  0.034
    28        bead4          80.693  -83.561    0.652   0.176  0.648  0.741   -0.984  0.116  0.132   -0.001 -0.752  0.659
    29        bead4          77.000  -82.617   -2.583   0.476 -0.373 -0.796   -0.661 -0.749 -0.044   -0.580  0.547 -0.603
    30        bead4          84.194  -77.888    9.661  -0.811  0.481 -0.332    0.182 -0.331 -0.926   -0.555 -0.812  0.181
    31        bead4          86.530  -78.410    5.271  -0.953 -0.057  0.296    0.298 -0.016  0.955   -0.050  0.998  0.032
    32        bead4          89.189  -75.367    2.328   0.808  0.406  0.428   -0.307 -0.331  0.892    0.504 -0.852 -0.143
    33        bead4          91.140  -71.185    0.403  -0.910 -0.306 -0.280   -0.414  0.626  0.661   -0.027  0.717 -0.696
    34        bead4          93.059  -55.808   25.655   0.485 -0.069 -0.872   -0.712 -0.610 -0.348   -0.508  0.790 -0.345
    35        bead4          90.015  -51.854   25.338   0.600  0.605 -0.523    0.473  0.260  0.842    0.645 -0.753 -0.130
    36        bead4          88.240  -48.766   28.847  -0.037 -0.612  0.790   -0.990  0.132  0.055   -0.138 -0.780 -0.610
    37        bead4          84.802  -46.599   31.759  -0.040  0.999  0.033   -0.203  0.024 -0.979   -0.978 -0.045  0.202
    38        bead4          87.683  -61.364   20.940   0.923  0.317 -0.216   -0.363  0.534 -0.764   -0.127  0.784  0.608
    39        bead4          84.253  -64.204   23.213  -0.749 -0.663  0.019    0.071 -0.052  0.996   -0.659  0.747  0.087
    40        bead4          80.296  -67.025   24.389   0.297  0.702  0.647   -0.508  0.690 -0.515   -0.808 -0.176  0.562
    41        bead4          78.312  -71.123   22.322  -0.456 -0.567  0.686    0.131  0.720  0.682   -0.880  0.401 -0.254
    42        bead4         -92.072  -71.721   26.896  -0.582  0.488  0.650   -0.469  0.452 -0.759   -0.664 -0.747 -0.035
    43        bead4         -92.164  -68.198   30.443   0.599  0.495  0.629   -0.514 -0.365  0.776    0.614 -0.788  0.036
    44        bead4         -88.744  -67.154   33.938   0.394  0.767  0.506    0.601 -0.631  0.490    0.695  0.111 -0.710
    45        bead4         -88.356  -69.205   38.481  -0.270 -0.212 -0.939   -0.790  0.606  0.091    0.550  0.767 -0.331
    46        bead4         -86.689  -71.069   31.810  -0.094 -0.990 -0.108    0.042  0.104 -0.994    0.995 -0.098  0.032
    47        bead4         -85.047  -66.384   31.211   0.179 -0.672  0.719   -0.145  0.704  0.695   -0.973 -0.228  0.029
    48        bead4         -83.696  -62.505   34.062  -0.247  0.621 -0.744    0.833  0.528  0.165    0.495 -0.579 -0.648
    49        bead4         -85.719  -57.932   34.077   0.520 -0.164 -0.838    0.123 -0.957  0.263   -0.845 -0.240 -0.477
    50        bead4         -75.429  -57.832   17.813  -0.076 -0.894 -0.442   -0.218  0.447 -0.867    0.973  0.031 -0.229
    51        bead4         -73.098  -54.389   15.036  -0.594 -0.590 -0.547   -0.001  0.680 -0.733    0.805 -0.435 -0.405
    52        bead4         -72.569  -52.336   10.508  -0.644  0.757  0.107    0.050  0.181 -0.982   -0.763 -0.628 -0.154
    53        bead4         -69.890  -52.712    6.303   0.587 -0.798 -0.139   -0.211 -0.316  0.925   -0.782 -0.513 -0.354
    54        bead4         -81.498  -54.229   22.245  -0.766  0.478 -0.429    0.305 -0.317 -0.898   -0.566 -0.819  0.097
    55        bead4         -77.536  -51.180   22.158  -0.934  0.273 -0.229    0.252  0.050 -0.966   -0.252 -0.961 -0.116
    56        bead4         -73.034  -49.013   22.363  -0.965 -0.261 -0.033   -0.023 -0.044  0.999   -0.262  0.964  0.037
    57        bead4         -69.177  -51.449   24.409  -0.460  0.816 -0.351   -0.054 -0.420 -0.906   -0.887 -0.397  0.237

atom coordinates
----------------
atom no       atom type      particle no    particle type            coordinate (x,y,z)
-------       ---------      -----------    -------------            ------------------
     1        site1               1         bead1             -98.99852   -75.13918    26.08538
     2        site2               2         bead2             -97.79539   -78.40548    22.49599
     3        site2               3         bead2              98.64000   -75.35580    20.76595
     4        site2               4         bead2              95.52559   -72.63063    17.95991
     5        site2               5         bead2              92.57216   -74.44995    14.35889
     6        site2               6         bead2             -94.45561   -75.37387    24.01008
     7        site2               7         bead2             -91.63849   -72.01883    21.60020
     8        site2               8         bead2             -89.09743   -69.24729    18.30450
     9        site2               9         bead2             -88.80758   -65.11793    15.50016
    10        site3              10         bead3              94.78843   -70.72191    11.87095
    11        site3              11         bead3              92.69448   -74.52251     9.38683
    12        site3              12         bead3              89.13864   -77.85738     8.27569
    13        site3              13         bead3              86.77006   -82.15298     9.24403
    14        site3              14         bead3              89.00217   -71.71663    16.54616
    15        site3              15         bead3              91.44779   -68.57634    19.57230
    16        site3              16         bead3              92.58781   -64.76458    22.60065
    17        site3              17         bead3              91.23235   -60.25529    24.28261
    18        site3              18         bead3             -85.72810   -66.11589    19.31079
    19        site3              19         bead3             -85.28550   -70.22302    22.12781
    20        site3              20         bead3             -87.30813   -72.36194    26.16933
    21        site3              21         bead3             -89.53047   -74.74398    29.96237
    22        site3              22         bead3             -90.90966   -63.20745    19.61493
    23        site3              23         bead3             -87.46383   -59.58463    19.57746
    24        site3              24         bead3             -83.32710   -57.95493    21.86473
    25        site3              25         bead3             -78.32867   -58.07927    21.87942
    26        site4              26         bead4              89.19674   -82.66111     4.90202
    27        site4              27         bead4              84.28881   -82.49984     3.96063
    28        site4              28         bead4              80.69302   -83.56116     0.65247
    29        site4              29         bead4              76.99959   -82.61670    -2.58274
    30        site4              30         bead4              84.19375   -77.88813     9.66079
    31        site4              31         bead4              86.52987   -78.41038     5.27105
    32        site4              32         bead4              89.18907   -75.36664     2.32754
    33        site4              33         bead4              91.14015   -71.18463     0.40295
    34        site4              34         bead4              93.05928   -55.80779    25.65451
    35        site4              35         bead4              90.01513   -51.85393    25.33803
    36        site4              36         bead4              88.23990   -48.76560    28.84670
    37        site4              37         bead4              84.80189   -46.59858    31.75945
    38        site4              38         bead4              87.68340   -61.36410    20.93963
    39        site4              39         bead4              84.25268   -64.20381    23.21257
    40        site4              40         bead4              80.29574   -67.02499    24.38881
    41        site4              41         bead4              78.31242   -71.12324    22.32223
    42        site4              42         bead4             -92.07247   -71.72105    26.89640
    43        site4              43         bead4             -92.16394   -68.19804    30.44324
    44        site4              44         bead4             -88.74383   -67.15351    33.93777
    45        site4              45         bead4             -88.35574   -69.20463    38.48115
    46        site4              46         bead4             -86.68858   -71.06857    31.81034
