
..............................................................................................................
.                                         TestSetObjectParam1 chain                                          .
..............................................................................................................

ict, jct, ictct
    1    1    1
    1    2    2
    1    3    3
    1    4    4
    2    2    5
    2    3    6
    2    4    7
    3    3    8
    3    4    9
    4    4   10

        ic, ictcn(ic),      iseg,   ipnsegcn(iseg,ic) = i
          1          1          1          1
          2          2          1          2
          2          2          2          3
          2          2          3          4
          2          2          4          5
          3          2          1          6
          3          2          2          7
          3          2          3          8
          3          2          4          9
          4          3          1         10
          4          3          2         11
          4          3          3         12
          4          3          4         13
          5          3          1         14
          5          3          2         15
          5          3          3         16
          5          3          4         17
          6          3          1         18
          6          3          2         19
          6          3          3         20
          6          3          4         21
          7          3          1         22
          7          3          2         23
          7          3          3         24
          7          3          4         25
          8          4          1         26
          8          4          2         27
          8          4          3         28
          8          4          4         29
          9          4          1         30
          9          4          2         31
          9          4          3         32
          9          4          4         33
         10          4          1         34
         10          4          2         35
         10          4          3         36
         10          4          4         37
         11          4          1         38
         11          4          2         39
         11          4          3         40
         11          4          4         41
         12          4          1         42
         12          4          2         43
         12          4          3         44
         12          4          4         45
         13          4          1         46
         13          4          2         47
         13          4          3         48
         13          4          4         49
         14          4          1         50
         14          4          2         51
         14          4          3         52
         14          4          4         53
         15          4          1         54
         15          4          2         55
         15          4          3         56
         15          4          4         57

        ip, iptpn(ip), ictpn(ip), icnpn(ip), bondnn(1,ip), bondnn(2,ip), isegpn(ip)
          1          1          1          1          0          0          1
          2          2          2          2          0          3          1
          3          2          2          2          2          4          2
          4          2          2          2          3          5          3
          5          2          2          2          4          0          4
          6          2          2          3          0          7          1
          7          2          2          3          6          8          2
          8          2          2          3          7          9          3
          9          2          2          3          8          0          4
         10          3          3          4          0         11          1
         11          3          3          4         10         12          2
         12          3          3          4         11         13          3
         13          3          3          4         12          0          4
         14          3          3          5          0         15          1
         15          3          3          5         14         16          2
         16          3          3          5         15         17          3
         17          3          3          5         16          0          4
         18          3          3          6          0         19          1
         19          3          3          6         18         20          2
         20          3          3          6         19         21          3
         21          3          3          6         20          0          4
         22          3          3          7          0         23          1
         23          3          3          7         22         24          2
         24          3          3          7         23         25          3
         25          3          3          7         24          0          4
         26          4          4          8          0         27          1
         27          4          4          8         26         28          2
         28          4          4          8         27         29          3
         29          4          4          8         28          0          4
         30          4          4          9          0         31          1
         31          4          4          9         30         32          2
         32          4          4          9         31         33          3
         33          4          4          9         32          0          4
         34          4          4         10          0         35          1
         35          4          4         10         34         36          2
         36          4          4         10         35         37          3
         37          4          4         10         36          0          4
         38          4          4         11          0         39          1
         39          4          4         11         38         40          2
         40          4          4         11         39         41          3
         41          4          4         11         40          0          4
         42          4          4         12          0         43          1
         43          4          4         12         42         44          2
         44          4          4         12         43         45          3
         45          4          4         12         44          0          4
         46          4          4         13          0         47          1
         47          4          4         13         46         48          2
         48          4          4         13         47         49          3
         49          4          4         13         48          0          4
         50          4          4         14          0         51          1
         51          4          4         14         50         52          2
         52          4          4         14         51         53          3
         53          4          4         14         52          0          4
         54          4          4         15          0         55          1
         55          4          4         15         54         56          2
         56          4          4         15         55         57          3
         57          4          4         15         56          0          4

..............................................................................................................
.                                       TestSetObjectParam1 crosslink                                        .
..............................................................................................................

nch(0:ngen)    1    2    4    8

ip, ihnpn(ip)
    1    1
    2    1
    3    1
    4    1
    5    1
    6    1
    7    1
    8    1
    9    1
   10    1
   11    1
   12    1
   13    1
   14    1
   15    1
   16    1
   17    1
   18    1
   19    1
   20    1
   21    1
   22    1
   23    1
   24    1
   25    1
   26    1
   27    1
   28    1
   29    1
   30    1
   31    1
   32    1
   33    1
   34    1
   35    1
   36    1
   37    1
   38    1
   39    1
   40    1
   41    1
   42    1
   43    1
   44    1
   45    1
   46    1
   47    1
   48    1
   49    1
   50    1
   51    1
   52    1
   53    1
   54    1
   55    1
   56    1
   57    1

ip    ic           maxnbondcl(ipt)         nbondcl(ip)          bondcl(1,ip)  ...  
    1    1                 2                 2                   2         6
    2    2                 2                 1                   1
    3    2                 2                 0
    4    2                 2                 0
    5    2                 2                 2                  10        14
    6    3                 2                 1                   1
    7    3                 2                 0
    8    3                 2                 0
    9    3                 2                 2                  18        22
   10    4                 2                 1                   5
   11    4                 2                 0
   12    4                 2                 0
   13    4                 2                 2                  26        30
   14    5                 2                 1                   5
   15    5                 2                 0
   16    5                 2                 0
   17    5                 2                 2                  34        38
   18    6                 2                 1                   9
   19    6                 2                 0
   20    6                 2                 0
   21    6                 2                 2                  42        46
   22    7                 2                 1                   9
   23    7                 2                 0
   24    7                 2                 0
   25    7                 2                 2                  50        54
   26    8                 1                 1                  13
   27    8                 1                 0
   28    8                 1                 0
   29    8                 1                 0
   30    9                 1                 1                  13
   31    9                 1                 0
   32    9                 1                 0
   33    9                 1                 0
   34   10                 1                 1                  17
   35   10                 1                 0
   36   10                 1                 0
   37   10                 1                 0
   38   11                 1                 1                  17
   39   11                 1                 0
   40   11                 1                 0
   41   11                 1                 0
   42   12                 1                 1                  21
   43   12                 1                 0
   44   12                 1                 0
   45   12                 1                 0
   46   13                 1                 1                  21
   47   13                 1                 0
   48   13                 1                 0
   49   13                 1                 0
   50   14                 1                 1                  25
   51   14                 1                 0
   52   14                 1                 0
   53   14                 1                 0
   54   15                 1                 1                  25
   55   15                 1                 0
   56   15                 1                 0
   57   15                 1                 0
**************************************************************************************************************
**************************************************************************************************************
**                                                                                                          **
**                                                                                                          **
**                                                  Molsim                                                  **
**                                                                                                          **
**                  integrated md/mc/bd simulation program belonging to the molsim package                  **
**                                                                                                          **
**                                          version 6.4.7, v2.2.0                                           **
**                                                                                                          **
**                                                                                                          **
**                                                Per Linse                                                 **
**                                            Physical Chemistry                                            **
**                                         Department of Chemistry                                          **
**                                             Lund University                                              **
**                                               P.O. Box 124                                               **
**                                          S-221 00 Lund, SWEDEN                                           **
**                                                                                                          **
**                                                                                                          **
**                                         with contributions from                                          **
**                                                                                                          **
**                  Anna Akinchina, Fredrik Carlsson, Samuel Edgecombe, Yoshikatsu Hayashi                  **
**          Pascal Hebbeker, Cornelius Hofzumahaus, Niklas Källrot, Björn Linse, Vladimir Lobaskin          **
**               Thomas M. Nymand, Alberto Pais, Jurij Rescic, Stefanie Schneider, Marie Skepö              **
**          Joakim Stenhammar, Anders Wallqvist, Jos van Rijssel, Erik Wernersson, Per-Olof Åstrand         **
**                                                                                                          **
**                                                                                                          **
**************************************************************************************************************
**************************************************************************************************************
 
2017-01-05     15:52:57

**************************************************************************************************************
*                                                                                                            *
*                                            i n p u t   d a t a                                             *
*                                                                                                            *
**************************************************************************************************************


**************************************************************************************************************
*                                            general information                                             *
**************************************************************************************************************


title   : third generation dendrimer                                                                

key data: mode           : simulation
          method         : mc   
          ensemble       : nvt
          boundary cond. : xyz
          start          : setconf 


number of time steps/passes           1  *       100  =        100

temperature                    =     298.000
pressure                       =       0.101
box lengths (x,y,z)            =     200.000     200.000     200.000
volume                         =   0.800E+07

seed of random generator       =           1

optional subroutine used
------------------------
   ControlAver
   MainAver
   Image

parameters controlling the output interval (0 = no)
-------------------------------------------------
   itest              0
   ipart              1
   iatom              1
   iaver            100
   ishow              1
   iplot              0
   ilist              0

external units
--------------
number        generic name        file name
------        ------------        ---------
   1               fin            FIN       
   2               fout           FOUT      
   3               fcnf           FCNF      
  10               fimg           FIMG      
  11               fvtf           FVTF      
  12               ftcl           FTCL      

**************************************************************************************************************
*                                                   units                                                    *
**************************************************************************************************************

quantity                unit
--------                ----
length              1.000E-10 m
mass                1.000E-03 kg/mol
temperature         1.000E+00 k
time                1.000E-12 s
energy              1.000E+03 j/mol
heat capacity       1.000E+00 j/mol*k
diff. coeff.        1.000E-09 m**2/s
pressure            1.000E+06 pa
volume              1.000E-30 m**3
linear vel.         1.000E+02 m/s
linear acc.         1.000E+14 m/s**2
force               1.000E+11 n/mol
moment of inertia   1.000E-23 kg*m**2/mol
angle               1.745E-02 rad

**************************************************************************************************************
*                                               particle data                                                *
**************************************************************************************************************

charged atoms enabled

number of hierarchical struc.  =       1
number of chains               =      15
number of particles            =      57
number of atoms                =      57
number of chains types         =       4     (     10 )
number of particle types       =       4     (     10 )
number of atom types           =       4     (     10 )

hierarchical data
-----------------
maximum number of crosslinks of a particle          =        2
number of generations                               =        3
chain type of the generations                       =        1       2       3       4
number of branches                                  =        2       2       2
particle number of chain for first branch point     =        1       4       4
particle increment of chain between branch points   =        0       0       0
number of crosslinks                                =       14

chain type         no of chains             topology  npptct(1,ict)  npptct(2,ict)  npptct(3,ict)  npptct(4,ict)
----------         ------------             --------  -------------  -------------  -------------  -------------
1-mer1                 1                    block         1             0             0             0
4-mer2                 2                    block         0             4             0             0
4-mer3                 4                    block         0             0             4             0
4-mer4                 8                    block         0             0             0             4

particle       no        atom     no     mass    hard core    no of unit   weak      pK        sigma    epsilon  zatalpha
                                                 radius       charges      charge                              
--------       --        ----     --     ----    ---------    ----------   ------    --        -----    -------  --------
bead1           1
                         site1    1     10.000    2.000        0.0000        F      0.0000     0.0000    0.0000    0.0000
bead2           8
                         site2    1     10.000    2.000        0.0000        F      0.0000     0.0000    0.0000    0.0000
bead3          16
                         site3    1     10.000    2.000        0.0000        F      0.0000     0.0000    0.0000    0.0000
bead4          32
                         site4    1     10.000    2.000        0.0000        F      0.0000     0.0000    0.0000    0.0000

molecular input frame: bead1     
---------------------- -----

atom               coordinate (x,y,z)
----               ------------------
site1        0.00000   0.00000   0.00000

principal axis frame: bead1     
--------------------- -----

atom               coordinate (x,y,z)
----               ------------------
site1        0.00000   0.00000   0.00000

molecular input frame: bead2     
---------------------- -----

atom               coordinate (x,y,z)
----               ------------------
site2        0.00000   0.00000   0.00000

principal axis frame: bead2     
--------------------- -----

atom               coordinate (x,y,z)
----               ------------------
site2        0.00000   0.00000   0.00000

molecular input frame: bead3     
---------------------- -----

atom               coordinate (x,y,z)
----               ------------------
site3        0.00000   0.00000   0.00000

principal axis frame: bead3     
--------------------- -----

atom               coordinate (x,y,z)
----               ------------------
site3        0.00000   0.00000   0.00000

molecular input frame: bead4     
---------------------- -----

atom               coordinate (x,y,z)
----               ------------------
site4        0.00000   0.00000   0.00000

principal axis frame: bead4     
--------------------- -----

atom               coordinate (x,y,z)
----               ------------------
site4        0.00000   0.00000   0.00000

particle             mass           moment of inertia (x,y,z)        maximal atom-com distance
--------             ----           -------------------------        -------------------------
bead1              10.000          0.000     0.000     0.000             0.000
bead2              10.000          0.000     0.000     0.000             0.000
bead3              10.000          0.000     0.000     0.000             0.000
bead4              10.000          0.000     0.000     0.000             0.000

**************************************************************************************************************
*                                          two-body potential data                                           *
**************************************************************************************************************

rcut                           =     173.205
utoltab                        =   0.100E-04
ftoltab                        =   0.100E-04
umaxtab                        =   0.200E+05
fmaxtab                        =   0.200E+05

monoatomic energy and force routines

particle pair              potential
-------------              ---------
bead1-bead1                  default             
bead1-bead2                  default             
bead1-bead3                  default             
bead1-bead4                  default             
bead2-bead2                  default             
bead2-bead3                  default             
bead2-bead4                  default             
bead3-bead3                  default             
bead3-bead4                  default             
bead4-bead4                  default             

atom pair         energy coefficients (ipot and ucoff)
---------         ------------------------------------
site1-site1         
site1-site2         
site1-site3         
site1-site4         
site2-site2         
site2-site3         
site2-site4         
site3-site3         
site3-site4         
site4-site4         

specification of two-body potential tables
------------------------------------------
atom pair          no of grids         iubuflow       rumin     rumax
---------          -----------         --------       -----     -----
site1-site1            2                   1          0.010   190.526
site1-site2            2                  25          0.010   190.526
site1-site3            2                  49          0.010   190.526
site1-site4            2                  73          0.010   190.526
site2-site2            2                  97          0.010   190.526
site2-site3            2                 121          0.010   190.526
site2-site4            2                 145          0.010   190.526
site3-site3            2                 169          0.010   190.526
site3-site4            2                 193          0.010   190.526
site4-site4            2                 217          0.010   190.526

nbuf (needed, allocated)        =        241      1000

**************************************************************************************************************
*                                               ipotchain data                                               *
**************************************************************************************************************

bond: force constant           =         1.00000        1.00000        1.00000        1.00000
bond: power                    =               2              2              2              2
bond: eqilibrium separation    =         5.00000        5.00000        5.00000        5.00000
angle: force constant          =         0.00000        0.00000        0.00000        0.00000
angle: power                   =               2              2              2              2
angle: eqilibrium separation   =       180.00000      180.00000      180.00000      180.00000
crosslink: force constant      =         2.40000
crosslink: power               =               2
crosslink: eqilibrium separ    =         5.00000
itestpotchain                  =               0

**************************************************************************************************************
*                                         initial configuration data                                         *
**************************************************************************************************************

start configuration from SetConfiguration
-----------------------------------------
part. type    routine          no of unit cells (x,y,z)     lower (x,y,z)      upper (x,y,z)      shift (x,y,z)
----------    -------          ------------------------     -------------      -------------      -------------
 1  bead1     hierarchicalrandom      1    1    1        -100.0-100.0-100.0  100.0 100.0 100.0    0.0   0.0   0.0
 2  bead2     hierarchicalrandom      1    1    1        -100.0-100.0-100.0  100.0 100.0 100.0    0.0   0.0   0.0
 3  bead3     hierarchicalrandom      1    1    1        -100.0-100.0-100.0  100.0 100.0 100.0    0.0   0.0   0.0
 4  bead4     hierarchicalrandom      1    1    1        -100.0-100.0-100.0  100.0 100.0 100.0    0.0   0.0   0.0

bond length scaling factor              =      1.000   1.000   1.000   1.000
minimum angle between consecutive beads =    120.000 120.000 120.000 120.000

first macrostep                =      1

**************************************************************************************************************
*                                                coordinates                                                 *
**************************************************************************************************************


particle coordinates
--------------------
particle no   particle type       com (x,y,z)              x'-axis (x,y,z)        y'-axis (x,y,z)        z'-axis (x,y,z)
-----------   -------------       -----------              ---------------        ---------------        ---------------
     1        bead1         -54.413  -34.524    9.339   0.422 -0.552  0.719   -0.595 -0.767 -0.240    0.684 -0.327 -0.652
     2        bead2         -51.239  -31.253   11.395   0.203 -0.963 -0.175    0.070 -0.164  0.984   -0.977 -0.212  0.034
     3        bead2         -47.852  -32.008   14.995  -0.236  0.675  0.699    0.213  0.738 -0.640   -0.948 -0.002 -0.318
     4        bead2         -44.836  -31.788   18.977  -0.358  0.668 -0.652   -0.164  0.643  0.748    0.919  0.375 -0.121
     5        bead2         -44.420  -33.201   23.755   0.143  0.493  0.858   -0.117 -0.853  0.509    0.983 -0.173 -0.064
     6        bead2         -50.654  -35.386   12.521  -0.019  0.603 -0.797    0.780 -0.489 -0.389   -0.625 -0.630 -0.461
     7        bead2         -53.809  -32.475   15.085  -0.526 -0.213  0.823   -0.817  0.396 -0.419   -0.237 -0.893 -0.382
     8        bead2         -57.632  -30.119   17.284   0.780  0.450  0.434    0.439  0.100 -0.893   -0.445  0.888 -0.120
     9        bead2         -62.420  -31.314   18.086   0.765  0.621 -0.168   -0.439  0.312 -0.843   -0.471  0.719  0.511
    10        bead3         -42.568  -36.628   20.620   0.102 -0.237 -0.966   -0.448 -0.878  0.168   -0.888  0.416 -0.196
    11        bead3         -37.928  -35.005   19.707   0.273 -0.695 -0.666    0.453 -0.517  0.726   -0.849 -0.500  0.173
    12        bead3         -34.048  -35.898   22.731  -0.766 -0.557 -0.321    0.203  0.264 -0.943    0.610 -0.787 -0.090
    13        bead3         -29.254  -35.056   21.590   0.262 -0.754 -0.602   -0.436 -0.649  0.623   -0.861  0.099 -0.499
    14        bead3         -44.503  -31.270   28.367   0.284 -0.024 -0.958   -0.791 -0.571 -0.220   -0.542  0.821 -0.181
    15        bead3         -40.657  -34.414   27.795  -0.608  0.217  0.764    0.029  0.968 -0.251   -0.794 -0.130 -0.594
    16        bead3         -36.426  -33.998   30.426   0.368 -0.566 -0.738    0.733 -0.312  0.605   -0.572 -0.763  0.300
    17        bead3         -32.905  -37.494   31.045  -0.440 -0.838 -0.322    0.117  0.302 -0.946    0.891 -0.454 -0.035
    18        bead3         -60.527  -35.467   16.044  -0.565 -0.307 -0.766   -0.796 -0.040  0.603   -0.216  0.951 -0.222
    19        bead3         -56.188  -36.364   13.726   0.611  0.120 -0.783   -0.655 -0.479 -0.585   -0.446  0.869 -0.214
    20        bead3         -52.482  -39.389   12.270   0.752 -0.051  0.657   -0.235  0.911  0.340   -0.615 -0.410  0.673
    21        bead3         -47.654  -39.980   13.427  -0.369  0.505  0.780    0.749 -0.335  0.571    0.550  0.795 -0.255
    22        bead3         -64.364  -28.535   14.413   0.824 -0.511 -0.245    0.020 -0.406  0.913   -0.567 -0.757 -0.325
    23        bead3         -65.650  -32.560   11.740  -0.621  0.702 -0.349    0.235 -0.258 -0.937   -0.748 -0.664 -0.005
    24        bead3         -63.653  -35.789    8.486  -0.371 -0.409  0.834   -0.711  0.703  0.029   -0.598 -0.582 -0.551
    25        bead3         -65.545  -40.378    7.886  -0.643 -0.554 -0.529   -0.689  0.720  0.084    0.334  0.419 -0.845
    26        bead4         -31.239  -39.357   23.191  -0.638  0.732  0.239    0.191 -0.151  0.970    0.746  0.664 -0.044
    27        bead4         -30.337  -38.271   27.988  -0.692 -0.593  0.412   -0.216 -0.375 -0.902    0.689 -0.713  0.132
    28        bead4         -29.219  -41.925   31.212  -0.509 -0.123 -0.852    0.704 -0.628 -0.331   -0.495 -0.768  0.406
    29        bead4         -30.573  -45.100   34.830   0.678  0.299  0.671    0.602 -0.751 -0.273    0.422  0.589 -0.689
    30        bead4         -32.386  -31.707   19.597  -0.456  0.750 -0.480    0.081  0.572  0.817    0.886  0.334 -0.321
    31        bead4         -30.100  -33.160   15.395   0.067 -0.174 -0.982    0.931 -0.344  0.124   -0.360 -0.923  0.139
    32        bead4         -29.570  -35.627   11.078  -0.216  0.493 -0.843    0.232 -0.813 -0.534   -0.948 -0.311  0.061
    33        bead4         -29.478  -39.093    7.475   0.501  0.545  0.672    0.131  0.720 -0.682   -0.855  0.430  0.289
    34        bead4         -28.616  -34.936   31.294   0.365  0.870 -0.330    0.055 -0.374 -0.926   -0.929  0.320 -0.185
    35        bead4         -29.376  -38.487   34.730   0.899  0.065  0.434   -0.435  0.264  0.861   -0.059 -0.962  0.265
    36        bead4         -27.782  -41.998   37.914   0.849  0.220  0.480    0.445  0.192 -0.875   -0.284  0.957  0.065
    37        bead4         -24.710  -44.498   40.965  -0.601 -0.100 -0.793   -0.276  0.957  0.088    0.750  0.272 -0.603
    38        bead4         -32.961  -42.352   29.861   0.303 -0.461  0.834   -0.852  0.260  0.454   -0.426 -0.848 -0.314
    39        bead4         -33.602  -43.526   25.043   0.836 -0.113 -0.536    0.445 -0.432  0.785   -0.321 -0.895 -0.311
    40        bead4         -36.517  -45.527   21.508   0.222  0.741 -0.634    0.379  0.533  0.756    0.899 -0.408 -0.162
    41        bead4         -40.031  -47.997   18.947   0.354 -0.301 -0.885    0.374 -0.822  0.429   -0.857 -0.483 -0.179
    42        bead4         -44.616  -37.395   16.442  -0.193 -0.410 -0.891    0.451 -0.844  0.291   -0.872 -0.345  0.348
    43        bead4         -41.349  -35.380   13.238  -0.829 -0.285 -0.482    0.508 -0.022 -0.861    0.235 -0.958  0.163
    44        bead4         -37.842  -31.845   12.789   0.177  0.602  0.779   -0.956  0.294 -0.010   -0.235 -0.743  0.627
    45        bead4         -38.069  -26.903   12.064  -0.711  0.704 -0.002    0.019  0.016 -1.000   -0.703 -0.710 -0.025
    46        bead4         -48.050  -42.934    9.412   0.739  0.262 -0.620   -0.122  0.958  0.260    0.662 -0.116  0.740
    47        bead4         -43.655  -41.919    7.254  -0.410 -0.707 -0.576   -0.614 -0.252  0.748   -0.674  0.660 -0.331
    48        bead4         -40.379  -41.943    3.476  -0.353 -0.490 -0.797    0.129  0.818 -0.561    0.927 -0.301 -0.225
    49        bead4         -37.418  -43.891   -0.050   0.397  0.628  0.669   -0.275  0.777 -0.566   -0.875  0.041  0.482
    50        bead4         -67.016  -44.158    4.963   0.275  0.576 -0.770   -0.665  0.692  0.280    0.694  0.435  0.573
    51        bead4         -70.257  -45.629    8.474   0.236 -0.703  0.671    0.677 -0.377 -0.632    0.697  0.603  0.387
    52        bead4         -71.870  -49.294   11.469  -0.181  0.351 -0.919   -0.661  0.649  0.378    0.729  0.675  0.114
    53        bead4         -70.180  -53.196   14.098   0.427  0.358 -0.830   -0.631 -0.539 -0.557   -0.647  0.762 -0.004
    54        bead4         -68.511  -37.232   10.398  -0.844 -0.421  0.332    0.385 -0.044  0.922   -0.374  0.906  0.199
    55        bead4         -71.351  -33.500    8.664   0.399 -0.412  0.819   -0.055  0.881  0.470   -0.915 -0.232  0.329
    56        bead4         -72.718  -29.013   10.397  -0.570  0.094  0.816    0.579  0.751  0.318   -0.583  0.654 -0.482
    57        bead4         -76.123  -27.750   13.834  -0.792 -0.326 -0.516    0.037  0.818 -0.573    0.609 -0.473 -0.636

atom coordinates
----------------
atom no       atom type      particle no    particle type            coordinate (x,y,z)
-------       ---------      -----------    -------------            ------------------
     1        site1               1         bead1             -54.41313   -34.52358     9.33931
     2        site2               2         bead2             -51.23921   -31.25268    11.39539
     3        site2               3         bead2             -47.85197   -32.00764    14.99492
     4        site2               4         bead2             -44.83596   -31.78783    18.97680
     5        site2               5         bead2             -44.42006   -33.20061    23.75499
     6        site2               6         bead2             -50.65410   -35.38641    12.52132
     7        site2               7         bead2             -53.80858   -32.47478    15.08483
     8        site2               8         bead2             -57.63173   -30.11929    17.28375
     9        site2               9         bead2             -62.41997   -31.31440    18.08648
    10        site3              10         bead3             -42.56847   -36.62770    20.62024
    11        site3              11         bead3             -37.92815   -35.00509    19.70667
    12        site3              12         bead3             -34.04818   -35.89781    22.73138
    13        site3              13         bead3             -29.25356   -35.05633    21.58967
    14        site3              14         bead3             -44.50276   -31.27024    28.36659
    15        site3              15         bead3             -40.65707   -34.41405    27.79457
    16        site3              16         bead3             -36.42569   -33.99828    30.42565
    17        site3              17         bead3             -32.90499   -37.49424    31.04452
    18        site3              18         bead3             -60.52684   -35.46679    16.04351
    19        site3              19         bead3             -56.18814   -36.36448    13.72622
    20        site3              20         bead3             -52.48222   -39.38880    12.27032
    21        site3              21         bead3             -47.65374   -39.97958    13.42651
    22        site3              22         bead3             -64.36441   -28.53491    14.41312
    23        site3              23         bead3             -65.65034   -32.55979    11.73978
    24        site3              24         bead3             -63.65284   -35.78872     8.48648
    25        site3              25         bead3             -65.54538   -40.37764     7.88635
    26        site4              26         bead4             -31.23879   -39.35669    23.19147
    27        site4              27         bead4             -30.33740   -38.27074    27.98815
    28        site4              28         bead4             -29.21912   -41.92529    31.21208
    29        site4              29         bead4             -30.57298   -45.10003    34.82983
    30        site4              30         bead4             -32.38633   -31.70740    19.59708
    31        site4              31         bead4             -30.09989   -33.16049    15.39461
    32        site4              32         bead4             -29.57024   -35.62742    11.07793
    33        site4              33         bead4             -29.47821   -39.09344     7.47540
    34        site4              34         bead4             -28.61642   -34.93572    31.29378
    35        site4              35         bead4             -29.37604   -38.48729    34.73025
    36        site4              36         bead4             -27.78189   -41.99777    37.91384
    37        site4              37         bead4             -24.71000   -44.49845    40.96508
    38        site4              38         bead4             -32.96132   -42.35178    29.86083
    39        site4              39         bead4             -33.60225   -43.52601    25.04311
    40        site4              40         bead4             -36.51680   -45.52738    21.50759
    41        site4              41         bead4             -40.03068   -47.99690    18.94750
    42        site4              42         bead4             -44.61635   -37.39482    16.44202
    43        site4              43         bead4             -41.34920   -35.37977    13.23807
    44        site4              44         bead4             -37.84199   -31.84459    12.78862
