**************************************************************************************************************
**************************************************************************************************************
**                                                                                                          **
**                                                                                                          **
**                                                  Molsim                                                  **
**                                                                                                          **
**                  integrated md/mc/bd simulation program belonging to the molsim package                  **
**                                                                                                          **
**                                      version 6.4.7, Sep 18, 2015 v                                       **
**                                                                                                          **
**                                                                                                          **
**                                                Per Linse                                                 **
**                                            Physical Chemistry                                            **
**                                         Department of Chemistry                                          **
**                                             Lund University                                              **
**                                               P.O. Box 124                                               **
**                                          S-221 00 Lund, SWEDEN                                           **
**                                                                                                          **
**                                                                                                          **
**                                         with contributions from                                          **
**                                                                                                          **
**                  Anna Akinchina, Fredrik Carlsson, Samuel Edgecombe, Yoshikatsu Hayashi                  **
**          Pascal Hebbeker, Cornelius Hofzumahaus, Niklas Källrot, Björn Linse, Vladimir Lobaskin          **
**               Thomas M. Nymand, Alberto Pais, Jurij Rescic, Stefanie Schneider, Marie Skepö              **
**          Joakim Stenhammar, Anders Wallqvist, Jos van Rijssel, Erik Wernersson, Per-Olof Åstrand         **
**                                                                                                          **
**                                                                                                          **
**************************************************************************************************************
**************************************************************************************************************
 
2016-09-14     08:29:21

**************************************************************************************************************
*                                                                                                            *
*                                            i n p u t   d a t a                                             *
*                                                                                                            *
**************************************************************************************************************


**************************************************************************************************************
*                                            general information                                             *
**************************************************************************************************************


title   : hs(2d): ro(red) =0.40                                                                     

key data: mode           : simulation
          method         : mc   
          ensemble       : nvt
          boundary cond. : xy 
          start          : setconf 


number of time steps/passes           1  *      1000  =       1000

temperature                    =     100.000
pressure                       =       0.101
box lengths (x,y,z)            =      10.000      10.000      10.000
volume                         =   0.100E+04

seed of random generator       =           1

optional subroutine used
------------------------
   ControlAver
   MainAver
   Group
   Static

parameters controlling the output interval (0 = no)
-------------------------------------------------
   itest              0
   ipart              1
   iatom              0
   iaver            100
   ishow              1
   iplot              1
   ilist              0

external units
--------------
number        generic name        file name
------        ------------        ---------
   1               fin            FIN       
   2               fout           FOUT      
   3               fcnf           FCNF      

**************************************************************************************************************
*                                                   units                                                    *
**************************************************************************************************************

quantity                unit
--------                ----
length              1.000E-10 m
mass                1.000E-03 kg/mol
temperature         1.000E+00 k
time                1.000E-12 s
energy              1.000E+03 j/mol
heat capacity       1.000E+00 j/mol*k
diff. coeff.        1.000E-09 m**2/s
pressure            1.000E+06 pa
volume              1.000E-30 m**3
linear vel.         1.000E+02 m/s
linear acc.         1.000E+14 m/s**2
force               1.000E+11 n/mol
moment of inertia   1.000E-23 kg*m**2/mol
angle               1.745E-02 rad

**************************************************************************************************************
*                                               particle data                                                *
**************************************************************************************************************

charged atoms enabled

number of particles            =      40
number of atoms                =      40
number of particle types       =       1     (     10 )
number of atom types           =       1     (     10 )

particle       no        atom     no     mass    hard core    no of unit   weak      pK        sigma    epsilon  zatalpha
                                                 radius       charges      charge                              
--------       --        ----     --     ----    ---------    ----------   ------    --        -----    -------  --------
hs             40
                         hs       1      1.000    0.500        0.0000        F      0.0000     0.0000    0.0000    0.0000

molecular input frame: hs        
---------------------- --

atom               coordinate (x,y,z)
----               ------------------
hs           0.00000   0.00000   0.00000

principal axis frame: hs        
--------------------- --

atom               coordinate (x,y,z)
----               ------------------
hs           0.00000   0.00000   0.00000

particle             mass           moment of inertia (x,y,z)        maximal atom-com distance
--------             ----           -------------------------        -------------------------
hs                  1.000          0.000     0.000     0.000             0.000

**************************************************************************************************************
*                                          two-body potential data                                           *
**************************************************************************************************************

rcut                           =       2.000
utoltab                        =   0.100E-04
ftoltab                        =   0.100E-04
umaxtab                        =   0.200E+05
fmaxtab                        =   0.200E+05

monoatomic energy and force routines

particle pair              potential
-------------              ---------
hs-hs                        default             

atom pair         energy coefficients (ipot and ucoff)
---------         ------------------------------------
hs-hs               

specification of two-body potential tables
------------------------------------------
atom pair          no of grids         iubuflow       rumin     rumax
---------          -----------         --------       -----     -----
hs-hs                  3                   1          0.316     2.200

nbuf (needed, allocated)        =         37      1000

**************************************************************************************************************
*                                         initial configuration data                                         *
**************************************************************************************************************

start configuration from SetConfiguration
-----------------------------------------
part. type    routine          no of unit cells (x,y,z)     lower (x,y,z)      upper (x,y,z)      shift (x,y,z)
----------    -------          ------------------------     -------------      -------------      -------------
 1  hs        random                  0    0    0        -5.000-5.000-5.000  5.000 5.000-5.000  0.000 0.000 0.000

first macrostep                =      1

**************************************************************************************************************
*                                                coordinates                                                 *
**************************************************************************************************************


particle coordinates
--------------------
particle no   particle type       com (x,y,z)              x'-axis (x,y,z)        y'-axis (x,y,z)        z'-axis (x,y,z)
-----------   -------------       -----------              ---------------        ---------------        ---------------
     1        hs             -4.950   -3.757   -4.950   0.588  0.271  0.762    0.248  0.836 -0.489   -0.770  0.476  0.425
     2        hs              1.113   -3.022   -4.950  -0.118  0.862  0.493    0.098  0.504 -0.858   -0.988 -0.053 -0.144
     3        hs             -3.050    2.609   -4.950  -0.937 -0.249  0.245    0.210  0.160  0.965   -0.279  0.955 -0.098
     4        hs              4.052   -3.898   -4.950   0.360  0.150  0.921   -0.701 -0.608  0.373    0.616 -0.779 -0.114
     5        hs              1.139    1.339   -4.950  -0.831  0.321 -0.454    0.323 -0.384 -0.865   -0.452 -0.865  0.216
     6        hs             -1.592   -1.035   -4.950   0.588 -0.606 -0.535    0.483 -0.268  0.834   -0.649 -0.749  0.135
     7        hs              2.888    0.640   -4.950  -0.324 -0.642  0.695   -0.858 -0.109 -0.501    0.398 -0.759 -0.515
     8        hs              3.584    4.492   -4.950  -0.624 -0.539  0.566   -0.383 -0.420 -0.823    0.681 -0.730  0.056
     9        hs             -3.768    0.059   -4.950  -0.111 -0.980  0.164   -0.056 -0.158 -0.986    0.992 -0.118 -0.038
    10        hs             -1.854    2.948   -4.950   0.722 -0.519  0.458    0.658  0.309 -0.687    0.215  0.797  0.564
    11        hs             -0.977   -4.265   -4.950  -0.749 -0.194 -0.634   -0.113 -0.905  0.410   -0.653  0.379  0.656
    12        hs             -3.041    3.619   -4.950   0.036 -0.606 -0.795    0.738 -0.520  0.430   -0.674 -0.602  0.429
    13        hs              2.106   -4.607   -4.950   0.681  0.039 -0.732   -0.365 -0.847 -0.385   -0.635  0.530 -0.562
    14        hs              0.149    3.432   -4.950  -0.516  0.694  0.502    0.312  0.698 -0.645   -0.798 -0.176 -0.577
    15        hs              2.168    2.364   -4.950  -0.499 -0.483 -0.720   -0.288  0.876 -0.387    0.817  0.014 -0.576
    16        hs              4.541    1.344   -4.950   0.443  0.746 -0.498   -0.301 -0.399 -0.866   -0.844  0.534  0.048
    17        hs              0.109    0.427   -4.950   0.680 -0.607  0.411    0.447  0.788  0.424   -0.581 -0.104  0.807
    18        hs              2.768    3.181   -4.950   0.617  0.737  0.276    0.198  0.194 -0.961   -0.762  0.647 -0.026
    19        hs             -2.291   -4.155   -4.950  -0.674 -0.110  0.730   -0.676 -0.307 -0.670    0.298 -0.945  0.133
    20        hs             -4.764    3.648   -4.950   0.496 -0.836  0.233   -0.081  0.223  0.971   -0.864 -0.501  0.043
    21        hs             -3.253    4.785   -4.950   0.117  0.616 -0.779   -0.181 -0.758 -0.627   -0.976  0.214  0.023
    22        hs             -2.548    1.388   -4.950   0.643  0.752 -0.148   -0.145 -0.070 -0.987   -0.752  0.656  0.064
    23        hs             -0.998    3.811   -4.950  -0.666 -0.607  0.434   -0.211 -0.405 -0.890    0.715 -0.684  0.142
    24        hs             -0.294   -0.622   -4.950  -0.738  0.674 -0.037    0.057  0.008 -0.998   -0.673 -0.739 -0.045
    25        hs              4.307   -1.622   -4.950   0.501  0.715 -0.488    0.853 -0.313  0.417    0.145 -0.625 -0.767
    26        hs              2.320   -2.724   -4.950  -0.634 -0.441 -0.636    0.767 -0.463 -0.443   -0.099 -0.769  0.632
    27        hs             -1.015    0.814   -4.950   0.689  0.725 -0.007   -0.000  0.011  1.000    0.725 -0.689  0.007
    28        hs              3.257   -2.217   -4.950   0.827  0.326  0.457    0.402 -0.913 -0.076    0.393  0.247 -0.886
    29        hs             -2.036    4.670   -4.950   0.485 -0.102 -0.868    0.705 -0.541  0.458   -0.517 -0.835 -0.191
    30        hs              1.088   -4.838   -4.950   0.270 -0.765 -0.585    0.465 -0.429  0.775   -0.843 -0.482  0.240
    31        hs             -3.434   -3.633   -4.950  -0.759  0.170  0.628    0.444 -0.570  0.691    0.475  0.804  0.357
    32        hs              1.988    0.194   -4.950   0.582 -0.401  0.707   -0.415  0.601  0.683   -0.699 -0.691  0.183
    33        hs             -4.580    2.085   -4.950  -0.391 -0.873 -0.293   -0.150 -0.254  0.955   -0.908  0.417 -0.031
    34        hs             -3.118   -1.862   -4.950  -0.032  0.704  0.710   -0.484  0.611 -0.627   -0.875 -0.363  0.321
    35        hs             -0.189    4.784   -4.950  -0.354  0.042 -0.934   -0.314 -0.946  0.076   -0.881  0.320  0.349
    36        hs              2.167   -1.500   -4.950  -0.136  0.277 -0.951    0.049  0.961  0.273    0.989 -0.009 -0.144
    37        hs             -4.203   -2.120   -4.950  -0.624  0.755  0.201    0.193 -0.101  0.976    0.757  0.648 -0.083
    38        hs             -4.171   -4.550   -4.950   0.343  0.908  0.243   -0.503 -0.041  0.863    0.794 -0.418  0.442
    39        hs             -0.609    2.509   -4.950  -0.407  0.887  0.219   -0.055 -0.263  0.963    0.912  0.380  0.155
    40        hs             -0.566   -2.505   -4.950   0.540  0.515  0.666    0.832 -0.206 -0.515   -0.129  0.832 -0.539

**************************************************************************************************************
*                                                  mc data                                                   *
**************************************************************************************************************

uniform sampling, random
cubic displacement volume

single-particle move                   hs        
-------------------                    ----------
probability                    =       1.000
tran. displacement parameter   =            5.000
rot. displacement parameter    =            0.000


**************************************************************************************************************
*                                               neighbour list                                               *
**************************************************************************************************************

verlet list
automatic control of update frequency
layer thickness                =         5.000
factor used to calculate nneigh=         2.000
maximal number of neighbours   =          2000

**************************************************************************************************************
*                                          thermodynamic quantities                                          *
**************************************************************************************************************

quantity                            initial value
&-------                            -------------
total potential energy         =          0.00000
 total two-body energy         =          0.00000
  hs-hs                        =          0.00000
enthalpy                       =          0.83145
temperature                    =        100.00000
pressure (excl. cont. contr.)  =         55.22602
number of particles            =         40.00000
volume                         =      1.00000E+03

total potential energy (NkT)   =          0.00000
pressure (NkT/V)(excl. contact)=          1.00000
pressure (kT) (excl. contact)  =      4.00000E-02
 
total cpu time since start (s)        0.01

**************************************************************************************************************
*                                                                                                            *
*                              r e s u l t   o f   m a c r o s t e p         1                               *
*                                                                                                            *
**************************************************************************************************************

 
  step/pass   pot. energy    temperature    pressure       volume
   100          0.000        100.000         55.226       1000.000
   200          0.000        100.000         55.226       1000.000
   300          0.000        100.000         55.226       1000.000
   400          0.000        100.000         55.226       1000.000
   500          0.000        100.000         55.226       1000.000
   600          0.000        100.000         55.226       1000.000
   700          0.000        100.000         55.226       1000.000
   800          0.000        100.000         55.226       1000.000
   900          0.000        100.000         55.226       1000.000
  1000          0.000        100.000         55.226       1000.000

**************************************************************************************************************
*                                               mc statistics                                                *
**************************************************************************************************************

single-particle move                             total          hs        
-------------------                              -----          ----------
total number of conf.          =            40000 1.00          40000 1.00
accepted number of conf.       =            29807 0.75          29807 0.75
outside-box rejected conf.     =             5085 0.13           5085 0.13
hard-core rejected conf.       =             5108 0.13           5108 0.13

average no of displaced part.  =                                      1.00
average no of net joining part.=                                      0.00

**************************************************************************************************************
*                                             control statistics                                             *
**************************************************************************************************************

quantity                                    hs        
--------                                    ----------

<dr**2>/step (macrostep)       =            0.3632E+01
precision                      =            0.5114E+00
<dr**2>/step (from start)      =            0.3632E+01
precision                      =            0.5114E+00

orientation order, x'-axis     =                1.0000
orientation order, y'-axis     =                1.0000
orientation order, z'-axis     =                1.0000

<ro> (x,y,z)                   =     0.006 0.030-0.080
<x'> (x,y,z)                   =      0.00  0.06  0.02
<y'> (x,y,z)                   =      0.06 -0.11 -0.04
<z'> (x,y,z)                   =     -0.16 -0.10  0.03

**************************************************************************************************************
*                                          thermodynamic quantities                                          *
**************************************************************************************************************

quantity                                  average    fluctuation          check
&&------                                  -------    -----------          -----
total potential energy         =          0.00000        0.00000      0.000E+00
 total two-body energy         =          0.00000        0.00000      0.000E+00
  hs-hs                        =          0.00000        0.00000      0.000E+00
enthalpy                       =          0.83145        0.00000
cv                             =          0.00000
temperature                    =        100.00000        0.00000
pressure (excl. cont. contr.)  =         55.22602        0.00000
number of particles            =         40.00000        0.00000
volume                         =      1.00000E+03    0.00000E+00

total potential energy (NkT)   =          0.00000
pressure (NkT/V)(excl. contact)=          1.00000
pressure (kT) (excl. contact)  =      4.00000E-02
number density                 =      4.00000E-02

**************************************************************************************************************
*                                                                                                            *
*                                          f i n a l   r e s u l t                                           *
*                                                                                                            *
**************************************************************************************************************

2016-09-14     08:29:22

title   : hs(2d): ro(red) =0.40                                                                     

key data: mode           : simulation
          method         : mc   
          ensemble       : nvt
          boundary cond. : xy 
          start          : setconf 


number of time steps/passes           1  *      1000  =       1000

temperature                    =     100.000
pressure                       =      55.226
box lengths (x,y,z)            =      10.000      10.000      10.000
volume                         =   0.100E+04

seed of random generator       =   386646375


**************************************************************************************************************
*                                                coordinates                                                 *
**************************************************************************************************************


particle coordinates
--------------------
particle no   particle type       com (x,y,z)              x'-axis (x,y,z)        y'-axis (x,y,z)        z'-axis (x,y,z)
-----------   -------------       -----------              ---------------        ---------------        ---------------
     1        hs              4.089    1.729   -2.053   0.588  0.271  0.762    0.248  0.836 -0.489   -0.770  0.476  0.425
     2        hs             -2.291   -1.689   -3.129  -0.118  0.862  0.493    0.098  0.504 -0.858   -0.988 -0.053 -0.144
     3        hs             -1.771   -4.486    2.978  -0.937 -0.249  0.245    0.210  0.160  0.965   -0.279  0.955 -0.098
     4        hs             -1.093    3.452   -4.576   0.360  0.150  0.921   -0.701 -0.608  0.373    0.616 -0.779 -0.114
     5        hs              4.389    2.096    0.697  -0.831  0.321 -0.454    0.323 -0.384 -0.865   -0.452 -0.865  0.216
     6        hs             -4.021    3.669   -0.470   0.588 -0.606 -0.535    0.483 -0.268  0.834   -0.649 -0.749  0.135
     7        hs             -1.863    3.093    2.649  -0.324 -0.642  0.695   -0.858 -0.109 -0.501    0.398 -0.759 -0.515
     8        hs             -3.551   -3.938    0.331  -0.624 -0.539  0.566   -0.383 -0.420 -0.823    0.681 -0.730  0.056
     9        hs             -2.768   -3.373   -1.078  -0.111 -0.980  0.164   -0.056 -0.158 -0.986    0.992 -0.118 -0.038
    10        hs              4.191   -0.906   -1.853   0.722 -0.519  0.458    0.658  0.309 -0.687    0.215  0.797  0.564
    11        hs              1.450    4.617   -1.371  -0.749 -0.194 -0.634   -0.113 -0.905  0.410   -0.653  0.379  0.656
    12        hs             -2.514   -0.666   -2.263   0.036 -0.606 -0.795    0.738 -0.520  0.430   -0.674 -0.602  0.429
    13        hs             -0.205    4.189    2.061   0.681  0.039 -0.732   -0.365 -0.847 -0.385   -0.635  0.530 -0.562
    14        hs              3.461    3.782    3.151  -0.516  0.694  0.502    0.312  0.698 -0.645   -0.798 -0.176 -0.577
    15        hs              2.131    0.005   -3.353  -0.499 -0.483 -0.720   -0.288  0.876 -0.387    0.817  0.014 -0.576
    16        hs              3.850   -0.885    0.507   0.443  0.746 -0.498   -0.301 -0.399 -0.866   -0.844  0.534  0.048
    17        hs              1.526   -3.059   -2.706   0.680 -0.607  0.411    0.447  0.788  0.424   -0.581 -0.104  0.807
    18        hs              4.960    1.182    2.400   0.617  0.737  0.276    0.198  0.194 -0.961   -0.762  0.647 -0.026
    19        hs             -4.366    4.380    1.706  -0.674 -0.110  0.730   -0.676 -0.307 -0.670    0.298 -0.945  0.133
    20        hs             -0.742   -0.638    1.852   0.496 -0.836  0.233   -0.081  0.223  0.971   -0.864 -0.501  0.043
    21        hs             -0.870   -4.796   -2.718   0.117  0.616 -0.779   -0.181 -0.758 -0.627   -0.976  0.214  0.023
    22        hs              2.108    2.239   -2.569   0.643  0.752 -0.148   -0.145 -0.070 -0.987   -0.752  0.656  0.064
    23        hs              3.312    3.637   -4.957  -0.666 -0.607  0.434   -0.211 -0.405 -0.890    0.715 -0.684  0.142
    24        hs             -2.442   -2.698   -2.062  -0.738  0.674 -0.037    0.057  0.008 -0.998   -0.673 -0.739 -0.045
    25        hs              0.095   -2.840    3.632   0.501  0.715 -0.488    0.853 -0.313  0.417    0.145 -0.625 -0.767
    26        hs              2.954    3.670    1.293  -0.634 -0.441 -0.636    0.767 -0.463 -0.443   -0.099 -0.769  0.632
    27        hs              0.902    3.806   -1.977   0.689  0.725 -0.007   -0.000  0.011  1.000    0.725 -0.689  0.007
    28        hs              0.207    4.796    1.307   0.827  0.326  0.457    0.402 -0.913 -0.076    0.393  0.247 -0.886
    29        hs             -4.001   -3.949   -1.917   0.485 -0.102 -0.868    0.705 -0.541  0.458   -0.517 -0.835 -0.191
    30        hs              0.901   -0.473    4.433   0.270 -0.765 -0.585    0.465 -0.429  0.775   -0.843 -0.482  0.240
    31        hs              1.148   -3.786   -0.122  -0.759  0.170  0.628    0.444 -0.570  0.691    0.475  0.804  0.357
    32        hs              1.361   -0.578   -4.805   0.582 -0.401  0.707   -0.415  0.601  0.683   -0.699 -0.691  0.183
    33        hs             -4.342    3.432   -2.175  -0.391 -0.873 -0.293   -0.150 -0.254  0.955   -0.908  0.417 -0.031
    34        hs             -1.267    0.882    1.006  -0.032  0.704  0.710   -0.484  0.611 -0.627   -0.875 -0.363  0.321
    35        hs             -0.458   -4.234   -1.572  -0.354  0.042 -0.934   -0.314 -0.946  0.076   -0.881  0.320  0.349
    36        hs             -4.703   -3.728    2.514  -0.136  0.277 -0.951    0.049  0.961  0.273    0.989 -0.009 -0.144
    37        hs             -2.372   -1.862   -4.561  -0.624  0.755  0.201    0.193 -0.101  0.976    0.757  0.648 -0.083
    38        hs             -3.940   -3.307   -4.227   0.343  0.908  0.243   -0.503 -0.041  0.863    0.794 -0.418  0.442
    39        hs              2.921    4.353   -1.658  -0.407  0.887  0.219   -0.055 -0.263  0.963    0.912  0.380  0.155
    40        hs             -0.514   -2.061    2.322   0.540  0.515  0.666    0.832 -0.206 -0.515   -0.129  0.832 -0.539

**************************************************************************************************************
*                                               mc statistics                                                *
**************************************************************************************************************

single-particle move                             total          hs        
-------------------                              -----          ----------
total number of conf.          =            40000 1.00          40000 1.00
accepted number of conf.       =            29807 0.75          29807 0.75
outside-box rejected conf.     =             5085 0.13           5085 0.13
hard-core rejected conf.       =             5108 0.13           5108 0.13

average no of displaced part.  =                                      1.00
average no of net joining part.=                                      0.00

**************************************************************************************************************
*                                               neighbour list                                               *
**************************************************************************************************************

verlet list
automatic control of update frequency
layer thickness                =         5.000
factor used to calculate nneigh=         2.000
maximal number of neighbours   =          2000

**************************************************************************************************************
*                                           verlet list statistics                                           *
**************************************************************************************************************

no of neighbour list calls     =        1001
no of steps/passes per call    =         1.0

           no of part per proc   no of neighbours per part and proc  load of proc   load(max)-load(aver)
           -------------------   ----------------------------------  ------------   --------------------
average             40.0                     33.1                        1324.0            0.0
one sd               0.0                      4.9                           0.0            0.0
minimum             40.0                     16.0                        1324.0            0.0
maximum             40.0                     39.0                        1324.0            0.0
      1324 site-site interactions / step
 

**************************************************************************************************************
*                                             control statistics                                             *
**************************************************************************************************************

quantity                                    hs        
--------                                    ----------

<dr**2>/step (from start)      =            0.3632E+01
precision                      =            0.5114E+00
sqrt(<dr**2>)(from start)      =               60.2676
precision                      =                4.1027

orientation order, x'-axis     =                1.0000
orientation order, y'-axis     =                1.0000
orientation order, z'-axis     =                1.0000

<ro> (x,y,z)                   =     0.006 0.030-0.080
<x'> (x,y,z)                   =      0.00  0.06  0.02
<y'> (x,y,z)                   =      0.06 -0.11 -0.04
<z'> (x,y,z)                   =     -0.16 -0.10  0.03

**************************************************************************************************************
*                                          thermodynamic quantities                                          *
**************************************************************************************************************

quantity                                  average      precision    fluctuation      precision       stat eff
&&&-----                                  -------      ---------    -----------      ---------       --------
total potential energy         =          0.00000        0.00000        0.00000        0.00000             0.
 total two-body energy         =          0.00000        0.00000        0.00000        0.00000             0.
  hs-hs                        =          0.00000        0.00000        0.00000        0.00000             0.
enthalpy                       =          0.83145        0.00000        0.00000        0.00000             0.
cv                             =          0.00000
temperature                    =        100.00000        0.00000        0.00000        0.00000             0.
pressure (excl. cont. contr.)  =         55.22602        0.00000        0.00000        0.00000             0.
number of particles            =         40.00000        0.00000        0.00000        0.00000             0.
volume                         =      1.00000E+03    0.00000E+00    0.00000E+00    0.00000E+00             0.

total potential energy (NkT)   =          0.00000        0.00000
pressure (NkT/V)(excl. contact)=          1.00000        0.00000
pressure (kT) (excl. contact)  =      4.00000E-02    0.00000E+00
number density                 =      4.00000E-02    0.00000E+00

**************************************************************************************************************
*                                                 group data                                                 *
**************************************************************************************************************


ref. particles: type=all            
no    group label            no of particles     precision
--    -----------            ---------------     ---------

 0    not in any group            0.000            0.000
 1    hs                         40.000            0.000

field particles: type=all            
no    group label            no of particles     precision
--    -----------            ---------------     ---------

 0    not in any group            0.000            0.000
 1    hs                         40.000            0.000

**************************************************************************************************************
*                                          static analysis: general                                          *
**************************************************************************************************************

sampling interval              =           1
no of time steps/passes used   =        1000
average volume                 =     1.000E+03   0.000E+00

static analysis routines used
-----------------------------
   spdf          
   rdf           
   sf            

**************************************************************************************************************
*                                   single particle distribution functions                                   *
**************************************************************************************************************


no    function                         min            max            nbin           step
--    --------                         ---            ---            ----           ----
 1    zden gr:1                       -5.000          5.000           100           0.100

single particle distribution functions                                          
--------------------------------------

         zden gr:1                  
 bin     x       y       dy
  -1   below    0.0000  0.0000
   0   -4.95    0.0556  0.0000
   1   -4.85    0.0354  0.0000
   2   -4.75    0.0424  0.0000
   3   -4.65    0.0381  0.0000
   4   -4.55    0.0401  0.0000
   5   -4.45    0.0442  0.0000
   6   -4.35    0.0390  0.0000
   7   -4.25    0.0436  0.0000
   8   -4.15    0.0426  0.0000
   9   -4.05    0.0425  0.0000
  10   -3.95    0.0422  0.0000
  11   -3.85    0.0403  0.0000
  12   -3.75    0.0454  0.0000
  13   -3.65    0.0458  0.0000
  14   -3.55    0.0408  0.0000
  15   -3.45    0.0425  0.0000
  16   -3.35    0.0449  0.0000
  17   -3.25    0.0389  0.0000
  18   -3.15    0.0392  0.0000
  19   -3.05    0.0457  0.0000
  20   -2.95    0.0404  0.0000
  21   -2.85    0.0349  0.0000
  22   -2.75    0.0384  0.0000
  23   -2.65    0.0345  0.0000
  24   -2.55    0.0404  0.0000
  25   -2.45    0.0452  0.0000
  26   -2.35    0.0424  0.0000
  27   -2.25    0.0418  0.0000
  28   -2.15    0.0382  0.0000
  29   -2.05    0.0415  0.0000
  30   -1.95    0.0394  0.0000
  31   -1.85    0.0378  0.0000
  32   -1.75    0.0417  0.0000
  33   -1.65    0.0422  0.0000
  34   -1.55    0.0364  0.0000
  35   -1.45    0.0423  0.0000
  36   -1.35    0.0429  0.0000
  37   -1.25    0.0376  0.0000
  38   -1.15    0.0418  0.0000
  39   -1.05    0.0406  0.0000
  40   -0.95    0.0411  0.0000
  41   -0.85    0.0385  0.0000
  42   -0.75    0.0399  0.0000
  43   -0.65    0.0447  0.0000
  44   -0.55    0.0402  0.0000
  45   -0.45    0.0404  0.0000
  46   -0.35    0.0342  0.0000
  47   -0.25    0.0361  0.0000
  48   -0.15    0.0374  0.0000
  49   -0.05    0.0384  0.0000
  50    0.05    0.0391  0.0000
  51    0.15    0.0406  0.0000
  52    0.25    0.0376  0.0000
  53    0.35    0.0354  0.0000
  54    0.45    0.0403  0.0000
  55    0.55    0.0398  0.0000
  56    0.65    0.0357  0.0000
  57    0.75    0.0400  0.0000
  58    0.85    0.0437  0.0000
  59    0.95    0.0368  0.0000
  60    1.05    0.0440  0.0000
  61    1.15    0.0433  0.0000
  62    1.25    0.0453  0.0000
  63    1.35    0.0402  0.0000
  64    1.45    0.0370  0.0000
  65    1.55    0.0366  0.0000
  66    1.65    0.0376  0.0000
  67    1.75    0.0375  0.0000
  68    1.85    0.0389  0.0000
  69    1.95    0.0420  0.0000
  70    2.05    0.0380  0.0000
  71    2.15    0.0414  0.0000
  72    2.25    0.0345  0.0000
  73    2.35    0.0414  0.0000
  74    2.45    0.0430  0.0000
  75    2.55    0.0395  0.0000
  76    2.65    0.0418  0.0000
  77    2.75    0.0409  0.0000
  78    2.85    0.0366  0.0000
  79    2.95    0.0383  0.0000
  80    3.05    0.0359  0.0000
  81    3.15    0.0423  0.0000
  82    3.25    0.0390  0.0000
  83    3.35    0.0336  0.0000
  84    3.45    0.0411  0.0000
  85    3.55    0.0419  0.0000
  86    3.65    0.0393  0.0000
  87    3.75    0.0370  0.0000
  88    3.85    0.0350  0.0000
  89    3.95    0.0401  0.0000
  90    4.05    0.0405  0.0000
  91    4.15    0.0402  0.0000
  92    4.25    0.0420  0.0000
  93    4.35    0.0343  0.0000
  94    4.45    0.0351  0.0000
  95    4.55    0.0372  0.0000
  96    4.65    0.0429  0.0000
  97    4.75    0.0353  0.0000
  98    4.85    0.0403  0.0000
  99    4.95    0.0397  0.0000
 100   above    0.0000  0.0000
 
 
      zden gr:1                       y-min =  0.336E-01     y-max =  0.556E-01
 
   !*
   !
   !
   !
   !
   !
   !
   !
   !
   !
   !
   !
   !
   !
   !
   !
   !
   !             *
   !            *      *     *                                    *
   !                *                          *
   !     *
