**************************************************************************************************************
**************************************************************************************************************
**                                                                                                          **
**                                                                                                          **
**                                                  Molsim                                                  **
**                                                                                                          **
**                  integrated md/mc/bd simulation program belonging to the molsim package                  **
**                                                                                                          **
**                                          version 6.4.7, v2.4.2                                           **
**                                                                                                          **
**                                                                                                          **
**                                                Per Linse                                                 **
**                                            Physical Chemistry                                            **
**                                         Department of Chemistry                                          **
**                                             Lund University                                              **
**                                               P.O. Box 124                                               **
**                                          S-221 00 Lund, SWEDEN                                           **
**                                                                                                          **
**                                                                                                          **
**                                         with contributions from                                          **
**                                                                                                          **
**                  Anna Akinchina, Fredrik Carlsson, Samuel Edgecombe, Yoshikatsu Hayashi                  **
**          Pascal Hebbeker, Cornelius Hofzumahaus, Niklas Källrot, Björn Linse, Vladimir Lobaskin          **
**               Thomas M. Nymand, Alberto Pais, Jurij Rescic, Stefanie Schneider, Marie Skepö              **
**          Joakim Stenhammar, Anders Wallqvist, Jos van Rijssel, Erik Wernersson, Per-Olof Åstrand         **
**                                                                                                          **
**                                                                                                          **
**************************************************************************************************************
**************************************************************************************************************
 
2017-04-03     19:22:26

**************************************************************************************************************
*                                                                                                            *
*                                            i n p u t   d a t a                                             *
*                                                                                                            *
**************************************************************************************************************


**************************************************************************************************************
*                                            general information                                             *
**************************************************************************************************************


title   : salt free iPMA cm=0.1 25-mer                                                              

key data: mode           : simulation
          method         : mc   
          ensemble       : nvt
          boundary cond. : xyz
          start          : setconf 


number of time steps/passes           2  *       100  =        200

temperature                    =     298.150
pressure                       =       0.101
box lengths (x,y,z)            =     100.000     100.000     100.000
volume                         =   0.100E+07

seed of random generator       =      136543

optional subroutine used
------------------------
   ControlAver
   MainAver
   DistFunc
   Image

parameters controlling the output interval (0 = no)
-------------------------------------------------
   itest              0
   ipart              1
   iatom              1
   iaver           1000
   ishow              1
   iplot              1
   ilist              0

external units
--------------
number        generic name        file name
------        ------------        ---------
   1               fin            FIN       
   2               fout           FOUT      
   3               fcnf           FCNF      
  10               fimg           FIMG      
  11               fvtf           FVTF      
  12               ftcl           FTCL      

**************************************************************************************************************
*                                                   units                                                    *
**************************************************************************************************************

quantity                unit
--------                ----
length              1.000E-10 m
mass                1.000E-03 kg/mol
temperature         1.000E+00 k
time                1.000E-12 s
energy              1.000E+03 j/mol
heat capacity       1.000E+00 j/mol*k
diff. coeff.        1.000E-09 m**2/s
pressure            1.000E+06 pa
volume              1.000E-30 m**3
linear vel.         1.000E+02 m/s
linear acc.         1.000E+14 m/s**2
force               1.000E+11 n/mol
moment of inertia   1.000E-23 kg*m**2/mol
angle               1.745E-02 rad

**************************************************************************************************************
*                                               particle data                                                *
**************************************************************************************************************


number of chains               =       2
number of particles            =     144
number of atoms                =     240
number of chains types         =       1     (     10 )
number of particle types       =       3     (     10 )
number of atom types           =       5     (     10 )

chain type         no of chains             topology  npptct(1,ict)  npptct(2,ict)  npptct(3,ict)
----------         ------------             --------  -------------  -------------  -------------
iPMA                   2                    regular      24            24             0

- - - - - - - - - - - - - sequence of chain type 1 'iPMA' - - - - - - - - - - - - -

1-2-1-2-1-2-1-2-1-2-1-2-1-2-1-2-1-2-1-2-1-2-1-2-1-2-1-2-1-2-1-2-1-2-1-2-1-2-1-2-1-2-1-2-1-2-1-2

- - - - - - - - - - - - - - - - - - - - - - - - - - - - - - - - - - - - - - - - - - - - - 

particle       no        atom     no     mass    hard core    no of unit   weak      pK        sigma    epsilon  zatalpha
                                                 radius       charges      charge                              
--------       --        ----     --     ----    ---------    ----------   ------    --        -----    -------  --------
CH2            48
                         CH2      1     14.000    0.675        0.0000        F      0.0000     0.0000    0.0000    0.0000
Cneg           48
                         Csp3     1     12.000    0.675        0.0000        F      0.0000     0.0000    0.0000    0.0000
                         CH3      1      0.000    0.900        0.0000        F      0.0000     0.0000    0.0000    0.0000
                         COO      1      0.000    1.140       -1.0000        T      5.0000     0.0000    0.0000    0.0000
Na             48
                         Na       1     23.000    0.900        1.0000        F      0.0000     0.0000    0.0000    0.0000

pH =    5.000
type of monoatomic particle carring counter charge to titratable charge =        5

molecular input frame: CH2       
---------------------- ---

atom               coordinate (x,y,z)
----               ------------------
CH2          0.00000   0.00000   0.00000

principal axis frame: CH2       
--------------------- ---

atom               coordinate (x,y,z)
----               ------------------
CH2          0.00000   0.00000   0.00000

molecular input frame: Cneg      
---------------------- ----

atom               coordinate (x,y,z)
----               ------------------
Csp3         0.00000   0.00000   0.00000
CH3          0.00000   1.30639  -0.92376
COO          0.00000   1.47000   1.04000

principal axis frame: Cneg      
--------------------- ----

atom               coordinate (x,y,z)
----               ------------------
Csp3         0.00000   0.00000   0.00000
CH3          0.00000   1.30639  -0.92376
COO          0.00000   1.47000   1.04000

molecular input frame: Na        
---------------------- --

atom               coordinate (x,y,z)
----               ------------------
Na           0.00000   0.00000   0.00000

principal axis frame: Na        
--------------------- --

atom               coordinate (x,y,z)
----               ------------------
Na           0.00000   0.00000   0.00000

particle             mass           moment of inertia (x,y,z)        maximal atom-com distance
--------             ----           -------------------------        -------------------------
CH2                14.000          0.000     0.000     0.000             0.000
Cneg               12.000          0.000     0.000     0.000             1.801
Na                 23.000          0.000     0.000     0.000             0.000

**************************************************************************************************************
*                                          two-body potential data                                           *
**************************************************************************************************************

rcut                           =      50.000
utoltab                        =   0.100E-03
ftoltab                        =   0.100E-02
umaxtab                        =   0.200E+06
fmaxtab                        =   0.200E+07

polyatomic energy and force routines

relative permittivity          =   78.400000

system net charge based on zat =    0.00    

parameters controlling the ewald summation
------------------------------------------
txewaldrec                     =              std
iewaldopt                      =                1
uewaldtol                      =      0.81000E-06
error estimate in real space   =      0.81000E-06
error estimate in rec. space   =      0.95872E-07
ualpha                         =      0.60000E-01
ualphared                      =       3.0000    
ncut                           =                7
ncut2                          =               49
ncutregion                     =           sphere
nkvec (one octant)             =              238
surface term                   =                F

particle pair              potential
-------------              ---------
CH2-CH2                      default             
CH2-Cneg                     default             
CH2-Na                       default             
Cneg-Cneg                    default             
Cneg-Na                      default             
Na-Na                        default             

atom pair         energy coefficients (ipot and ucoff)
---------         ------------------------------------
CH2-CH2                1  0.000000E+00
CH2-Csp3               1  0.000000E+00
CH2-CH3                1  0.000000E+00
CH2-COO                1  0.000000E+00
CH2-Na                 1  0.000000E+00
Csp3-Csp3              1  0.000000E+00
Csp3-CH3               1  0.000000E+00
Csp3-COO               1  0.000000E+00
Csp3-Na                1  0.000000E+00
CH3-CH3                1  0.000000E+00
CH3-COO                1  0.000000E+00
CH3-Na                 1  0.000000E+00
COO-COO                1  0.177214E+02
COO-Na                 1 -0.177214E+02
Na-Na                  1  0.177214E+02

number of 1/r coefficients than has been changed/added based on zat = 15

specification of two-body potential tables
------------------------------------------
atom pair          no of grids         iubuflow       rumin     rumax
---------          -----------         --------       -----     -----
CH2-CH2                3                   1          0.032    55.000
CH2-Csp3               3                  37          0.032    56.981
CH2-CH3                3                  73          0.032    56.981
CH2-COO                3                 109          0.032    56.981
CH2-Na                 3                 145          0.032    55.000
Csp3-Csp3              3                 181          0.032    58.962
Csp3-CH3               3                 217          0.032    58.962
Csp3-COO               3                 253          0.032    58.962
Csp3-Na                3                1225          0.032    56.981
CH3-CH3                3                 289          0.032    58.962
CH3-COO                3                 325          0.032    58.962
CH3-Na                 3                1261          0.032    56.981
COO-COO               72                 361          0.032    58.962
COO-Na                72                1297          0.032    56.981
Na-Na                 72                2161          0.032    55.000

nbuf (needed, allocated)        =       3025      9000

**************************************************************************************************************
*                                               ipotchain data                                               *
**************************************************************************************************************

bond: force constant           =        10.00000
bond: power                    =               2
bond: eqilibrium separation    =         1.40000
angle: force constant          =         0.00000
angle: power                   =               2
angle: eqilibrium separation   =       180.00000
itestpotchain                  =               0

**************************************************************************************************************
*                                         initial configuration data                                         *
**************************************************************************************************************

start configuration from SetConfiguration
-----------------------------------------
part. type    routine          no of unit cells (x,y,z)     lower (x,y,z)      upper (x,y,z)      shift (x,y,z)
----------    -------          ------------------------     -------------      -------------      -------------
 1  CH2       chainlinepma            0    0    0        -50.00-50.00-50.00  50.00 50.00 50.00   0.00  0.00  0.00
 2  Cneg      chainlinepma            0    0    0        -50.00-50.00-50.00  50.00 50.00 50.00   0.00  0.00  0.00
 3  Na        random                  0    0    0        -50.00-50.00-50.00  50.00 50.00 50.00   0.00  0.00  0.00

bond length scaling factor              =      1.000
minimum angle between consecutive beads =      0.000

first macrostep                =      1

**************************************************************************************************************
*                                                coordinates                                                 *
**************************************************************************************************************


particle coordinates
--------------------
particle no   particle type       com (x,y,z)              x'-axis (x,y,z)        y'-axis (x,y,z)        z'-axis (x,y,z)
-----------   -------------       -----------              ---------------        ---------------        ---------------
     1        CH2            -2.500   -2.500    2.500   1.000  0.000  0.000    0.000  1.000  0.000    0.000  0.000  1.000
     2        CH2            -0.214   -2.500    2.500   1.000  0.000  0.000    0.000  1.000  0.000    0.000  0.000  1.000
     3        CH2             2.072   -2.500    2.500   1.000  0.000  0.000    0.000  1.000  0.000    0.000  0.000  1.000
     4        CH2             4.359   -2.500    2.500   1.000  0.000  0.000    0.000  1.000  0.000    0.000  0.000  1.000
     5        CH2             6.645   -2.500    2.500   1.000  0.000  0.000    0.000  1.000  0.000    0.000  0.000  1.000
     6        CH2             8.931   -2.500    2.500   1.000  0.000  0.000    0.000  1.000  0.000    0.000  0.000  1.000
     7        CH2            11.217   -2.500    2.500   1.000  0.000  0.000    0.000  1.000  0.000    0.000  0.000  1.000
     8        CH2            13.503   -2.500    2.500   1.000  0.000  0.000    0.000  1.000  0.000    0.000  0.000  1.000
     9        CH2            15.790   -2.500    2.500   1.000  0.000  0.000    0.000  1.000  0.000    0.000  0.000  1.000
    10        CH2            18.076   -2.500    2.500   1.000  0.000  0.000    0.000  1.000  0.000    0.000  0.000  1.000
    11        CH2            20.362   -2.500    2.500   1.000  0.000  0.000    0.000  1.000  0.000    0.000  0.000  1.000
    12        CH2            22.648   -2.500    2.500   1.000  0.000  0.000    0.000  1.000  0.000    0.000  0.000  1.000
    13        CH2            24.934   -2.500    2.500   1.000  0.000  0.000    0.000  1.000  0.000    0.000  0.000  1.000
    14        CH2            27.220   -2.500    2.500   1.000  0.000  0.000    0.000  1.000  0.000    0.000  0.000  1.000
    15        CH2            29.507   -2.500    2.500   1.000  0.000  0.000    0.000  1.000  0.000    0.000  0.000  1.000
    16        CH2            31.793   -2.500    2.500   1.000  0.000  0.000    0.000  1.000  0.000    0.000  0.000  1.000
    17        CH2            34.079   -2.500    2.500   1.000  0.000  0.000    0.000  1.000  0.000    0.000  0.000  1.000
    18        CH2            36.365   -2.500    2.500   1.000  0.000  0.000    0.000  1.000  0.000    0.000  0.000  1.000
    19        CH2            38.651   -2.500    2.500   1.000  0.000  0.000    0.000  1.000  0.000    0.000  0.000  1.000
    20        CH2            40.938   -2.500    2.500   1.000  0.000  0.000    0.000  1.000  0.000    0.000  0.000  1.000
    21        CH2            43.224   -2.500    2.500   1.000  0.000  0.000    0.000  1.000  0.000    0.000  0.000  1.000
    22        CH2            45.510   -2.500    2.500   1.000  0.000  0.000    0.000  1.000  0.000    0.000  0.000  1.000
    23        CH2            47.796   -2.500    2.500   1.000  0.000  0.000    0.000  1.000  0.000    0.000  0.000  1.000
    24        CH2           -49.918   -2.500    2.500   1.000  0.000  0.000    0.000  1.000  0.000    0.000  0.000  1.000
    25        CH2             2.500    7.500    7.500   1.000  0.000  0.000    0.000  1.000  0.000    0.000  0.000  1.000
    26        CH2             4.786    7.500    7.500   1.000  0.000  0.000    0.000  1.000  0.000    0.000  0.000  1.000
    27        CH2             7.072    7.500    7.500   1.000  0.000  0.000    0.000  1.000  0.000    0.000  0.000  1.000
    28        CH2             9.359    7.500    7.500   1.000  0.000  0.000    0.000  1.000  0.000    0.000  0.000  1.000
    29        CH2            11.645    7.500    7.500   1.000  0.000  0.000    0.000  1.000  0.000    0.000  0.000  1.000
    30        CH2            13.931    7.500    7.500   1.000  0.000  0.000    0.000  1.000  0.000    0.000  0.000  1.000
    31        CH2            16.217    7.500    7.500   1.000  0.000  0.000    0.000  1.000  0.000    0.000  0.000  1.000
    32        CH2            18.503    7.500    7.500   1.000  0.000  0.000    0.000  1.000  0.000    0.000  0.000  1.000
    33        CH2            20.790    7.500    7.500   1.000  0.000  0.000    0.000  1.000  0.000    0.000  0.000  1.000
    34        CH2            23.076    7.500    7.500   1.000  0.000  0.000    0.000  1.000  0.000    0.000  0.000  1.000
    35        CH2            25.362    7.500    7.500   1.000  0.000  0.000    0.000  1.000  0.000    0.000  0.000  1.000
    36        CH2            27.648    7.500    7.500   1.000  0.000  0.000    0.000  1.000  0.000    0.000  0.000  1.000
    37        CH2            29.934    7.500    7.500   1.000  0.000  0.000    0.000  1.000  0.000    0.000  0.000  1.000
    38        CH2            32.220    7.500    7.500   1.000  0.000  0.000    0.000  1.000  0.000    0.000  0.000  1.000
    39        CH2            34.507    7.500    7.500   1.000  0.000  0.000    0.000  1.000  0.000    0.000  0.000  1.000
    40        CH2            36.793    7.500    7.500   1.000  0.000  0.000    0.000  1.000  0.000    0.000  0.000  1.000
    41        CH2            39.079    7.500    7.500   1.000  0.000  0.000    0.000  1.000  0.000    0.000  0.000  1.000
    42        CH2            41.365    7.500    7.500   1.000  0.000  0.000    0.000  1.000  0.000    0.000  0.000  1.000
    43        CH2            43.651    7.500    7.500   1.000  0.000  0.000    0.000  1.000  0.000    0.000  0.000  1.000
    44        CH2            45.938    7.500    7.500   1.000  0.000  0.000    0.000  1.000  0.000    0.000  0.000  1.000
    45        CH2            48.224    7.500    7.500   1.000  0.000  0.000    0.000  1.000  0.000    0.000  0.000  1.000
    46        CH2           -49.490    7.500    7.500   1.000  0.000  0.000    0.000  1.000  0.000    0.000  0.000  1.000
    47        CH2           -47.204    7.500    7.500   1.000  0.000  0.000    0.000  1.000  0.000    0.000  0.000  1.000
    48        CH2           -44.918    7.500    7.500   1.000  0.000  0.000    0.000  1.000  0.000    0.000  0.000  1.000
    49        Cneg           -1.357   -1.692    2.500   1.000  0.000  0.000    0.000  1.000  0.000    0.000  0.000  1.000
    50        Cneg            0.929   -1.692    2.500   1.000  0.000  0.000    0.000  1.000  0.000    0.000  0.000  1.000
    51        Cneg            3.215   -1.692    2.500   1.000  0.000  0.000    0.000  1.000  0.000    0.000  0.000  1.000
    52        Cneg            5.502   -1.692    2.500   1.000  0.000  0.000    0.000  1.000  0.000    0.000  0.000  1.000
    53        Cneg            7.788   -1.692    2.500   1.000  0.000  0.000    0.000  1.000  0.000    0.000  0.000  1.000
    54        Cneg           10.074   -1.692    2.500   1.000  0.000  0.000    0.000  1.000  0.000    0.000  0.000  1.000
    55        Cneg           12.360   -1.692    2.500   1.000  0.000  0.000    0.000  1.000  0.000    0.000  0.000  1.000
    56        Cneg           14.646   -1.692    2.500   1.000  0.000  0.000    0.000  1.000  0.000    0.000  0.000  1.000
    57        Cneg           16.933   -1.692    2.500   1.000  0.000  0.000    0.000  1.000  0.000    0.000  0.000  1.000
    58        Cneg           19.219   -1.692    2.500   1.000  0.000  0.000    0.000  1.000  0.000    0.000  0.000  1.000
    59        Cneg           21.505   -1.692    2.500   1.000  0.000  0.000    0.000  1.000  0.000    0.000  0.000  1.000
    60        Cneg           23.791   -1.692    2.500   1.000  0.000  0.000    0.000  1.000  0.000    0.000  0.000  1.000
    61        Cneg           26.077   -1.692    2.500   1.000  0.000  0.000    0.000  1.000  0.000    0.000  0.000  1.000
    62        Cneg           28.364   -1.692    2.500   1.000  0.000  0.000    0.000  1.000  0.000    0.000  0.000  1.000
    63        Cneg           30.650   -1.692    2.500   1.000  0.000  0.000    0.000  1.000  0.000    0.000  0.000  1.000
    64        Cneg           32.936   -1.692    2.500   1.000  0.000  0.000    0.000  1.000  0.000    0.000  0.000  1.000
    65        Cneg           35.222   -1.692    2.500   1.000  0.000  0.000    0.000  1.000  0.000    0.000  0.000  1.000
    66        Cneg           37.508   -1.692    2.500   1.000  0.000  0.000    0.000  1.000  0.000    0.000  0.000  1.000
    67        Cneg           39.795   -1.692    2.500   1.000  0.000  0.000    0.000  1.000  0.000    0.000  0.000  1.000
    68        Cneg           42.081   -1.692    2.500   1.000  0.000  0.000    0.000  1.000  0.000    0.000  0.000  1.000
    69        Cneg           44.367   -1.692    2.500   1.000  0.000  0.000    0.000  1.000  0.000    0.000  0.000  1.000
    70        Cneg           46.653   -1.692    2.500   1.000  0.000  0.000    0.000  1.000  0.000    0.000  0.000  1.000
    71        Cneg           48.939   -1.692    2.500   1.000  0.000  0.000    0.000  1.000  0.000    0.000  0.000  1.000
    72        Cneg          -48.775   -1.692    2.500   1.000  0.000  0.000    0.000  1.000  0.000    0.000  0.000  1.000
    73        Cneg            3.643    8.308    7.500   1.000  0.000  0.000    0.000  1.000  0.000    0.000  0.000  1.000
    74        Cneg            5.929    8.308    7.500   1.000  0.000  0.000    0.000  1.000  0.000    0.000  0.000  1.000
    75        Cneg            8.215    8.308    7.500   1.000  0.000  0.000    0.000  1.000  0.000    0.000  0.000  1.000
    76        Cneg           10.502    8.308    7.500   1.000  0.000  0.000    0.000  1.000  0.000    0.000  0.000  1.000
    77        Cneg           12.788    8.308    7.500   1.000  0.000  0.000    0.000  1.000  0.000    0.000  0.000  1.000
    78        Cneg           15.074    8.308    7.500   1.000  0.000  0.000    0.000  1.000  0.000    0.000  0.000  1.000
    79        Cneg           17.360    8.308    7.500   1.000  0.000  0.000    0.000  1.000  0.000    0.000  0.000  1.000
    80        Cneg           19.646    8.308    7.500   1.000  0.000  0.000    0.000  1.000  0.000    0.000  0.000  1.000
    81        Cneg           21.933    8.308    7.500   1.000  0.000  0.000    0.000  1.000  0.000    0.000  0.000  1.000
    82        Cneg           24.219    8.308    7.500   1.000  0.000  0.000    0.000  1.000  0.000    0.000  0.000  1.000
    83        Cneg           26.505    8.308    7.500   1.000  0.000  0.000    0.000  1.000  0.000    0.000  0.000  1.000
    84        Cneg           28.791    8.308    7.500   1.000  0.000  0.000    0.000  1.000  0.000    0.000  0.000  1.000
    85        Cneg           31.077    8.308    7.500   1.000  0.000  0.000    0.000  1.000  0.000    0.000  0.000  1.000
    86        Cneg           33.364    8.308    7.500   1.000  0.000  0.000    0.000  1.000  0.000    0.000  0.000  1.000
    87        Cneg           35.650    8.308    7.500   1.000  0.000  0.000    0.000  1.000  0.000    0.000  0.000  1.000
    88        Cneg           37.936    8.308    7.500   1.000  0.000  0.000    0.000  1.000  0.000    0.000  0.000  1.000
    89        Cneg           40.222    8.308    7.500   1.000  0.000  0.000    0.000  1.000  0.000    0.000  0.000  1.000
    90        Cneg           42.508    8.308    7.500   1.000  0.000  0.000    0.000  1.000  0.000    0.000  0.000  1.000
    91        Cneg           44.795    8.308    7.500   1.000  0.000  0.000    0.000  1.000  0.000    0.000  0.000  1.000
    92        Cneg           47.081    8.308    7.500   1.000  0.000  0.000    0.000  1.000  0.000    0.000  0.000  1.000
    93        Cneg           49.367    8.308    7.500   1.000  0.000  0.000    0.000  1.000  0.000    0.000  0.000  1.000
    94        Cneg          -48.347    8.308    7.500   1.000  0.000  0.000    0.000  1.000  0.000    0.000  0.000  1.000
    95        Cneg          -46.061    8.308    7.500   1.000  0.000  0.000    0.000  1.000  0.000    0.000  0.000  1.000
    96        Cneg          -43.775    8.308    7.500   1.000  0.000  0.000    0.000  1.000  0.000    0.000  0.000  1.000
    97        Na            -42.202   46.054   21.935  -0.767 -0.623 -0.155   -0.235  0.048  0.971   -0.597  0.781 -0.183
    98        Na            -39.046    3.249  -36.551  -0.475 -0.729 -0.493   -0.636  0.672 -0.380    0.608  0.133 -0.783
    99        Na            -39.291  -39.183  -28.827  -0.665  0.649  0.369   -0.200  0.321 -0.926   -0.719 -0.690 -0.083
   100        Na            -11.519    9.092  -21.914  -0.169 -0.093  0.981    0.148  0.982  0.119   -0.974  0.165 -0.152
   101        Na            -42.491    9.921   -8.047  -0.702 -0.612 -0.364    0.660 -0.368 -0.655    0.267 -0.700  0.662
   102        Na             22.260  -35.740   34.322  -0.356 -0.857 -0.372   -0.026  0.407 -0.913    0.934 -0.316 -0.167
   103        Na             -7.287   -7.386   -8.045   0.775  0.562  0.290    0.412 -0.101 -0.905   -0.479  0.821 -0.310
   104        Na            -16.405  -35.417  -44.036   0.857 -0.376  0.353    0.465  0.266 -0.845    0.224  0.888  0.402
   105        Na            -44.523   27.175   -3.199   0.087 -0.920 -0.383   -0.483 -0.375  0.791   -0.871  0.116 -0.477
   106        Na            -46.629  -44.120    0.291  -0.179 -0.804 -0.567   -0.544  0.561 -0.624    0.820  0.197 -0.538
   107        Na              4.189  -18.860   36.324   0.155 -0.504 -0.850   -0.558  0.665 -0.496    0.815  0.551 -0.177
   108        Na             -0.938  -44.557  -28.899  -0.402  0.912 -0.079   -0.045  0.067  0.997    0.915  0.404  0.015
   109        Na            -43.390    6.584    6.532  -0.669 -0.359 -0.651   -0.619  0.753  0.222    0.411  0.551 -0.726
   110        Na            -13.778  -25.448   16.292  -0.652  0.013 -0.758   -0.712 -0.357  0.605   -0.263  0.934  0.241
   111        Na              0.435   12.749   40.318  -0.428  0.592  0.683   -0.244 -0.803  0.543    0.870  0.066  0.489
   112        Na            -12.296   27.063   48.770  -0.491  0.682 -0.541    0.185 -0.525 -0.830   -0.851 -0.508  0.132
   113        Na             29.579   23.776  -42.650   0.465  0.747 -0.475    0.869 -0.284  0.405    0.167 -0.601 -0.781
   114        Na            -46.598    6.203   15.768   0.786 -0.101  0.610    0.524 -0.415 -0.744    0.328  0.904 -0.274
   115        Na              9.439   41.481   15.801  -0.706 -0.698 -0.122    0.132 -0.299  0.945   -0.696  0.651  0.303
   116        Na            -27.285  -18.624   45.125   0.616  0.592  0.519   -0.640  0.761 -0.108   -0.459 -0.265  0.848
   117        Na            -21.216   27.946   35.197  -0.301 -0.953 -0.016    0.298 -0.078 -0.951    0.906 -0.291  0.308
   118        Na            -49.114   22.780  -18.083  -0.730  0.555  0.398    0.614  0.279  0.738    0.299  0.784 -0.545
   119        Na            -13.774  -31.376    3.949   0.852 -0.305  0.425   -0.467 -0.076  0.881   -0.237 -0.949 -0.207
   120        Na            -25.564   31.830  -30.332  -0.327 -0.887  0.327    0.199  0.274  0.941   -0.924  0.372  0.087
   121        Na            -38.924  -29.941  -49.145   0.678  0.723  0.133    0.043  0.141 -0.989   -0.734  0.677  0.064
   122        Na              5.572  -19.502   48.000  -0.682 -0.514  0.520    0.444  0.274  0.853   -0.581  0.813  0.041
   123        Na             34.010   -6.655   11.943   0.911  0.220  0.348   -0.411  0.559  0.720   -0.036 -0.799  0.600
   124        Na            -23.142   -8.445   11.281  -0.246 -0.520  0.818    0.931  0.110  0.349   -0.271  0.847  0.456
   125        Na             24.965   33.990    6.177  -0.734 -0.607  0.304    0.675 -0.609  0.416   -0.068  0.511  0.857
   126        Na             43.782   11.176  -17.170  -0.541  0.772  0.334   -0.155  0.300 -0.941   -0.827 -0.561 -0.043
   127        Na            -13.175    5.661   -0.565   0.484 -0.263  0.835   -0.861  0.025  0.507   -0.155 -0.964 -0.214
   128        Na             35.768   -1.325   13.346   0.832  0.474 -0.289   -0.241  0.777  0.581    0.500 -0.413  0.761
   129        Na            -11.576   37.564  -40.865  -0.777  0.353 -0.522   -0.481  0.202  0.853    0.406  0.914  0.013
   130        Na             38.933    9.319   34.274  -0.617 -0.758 -0.213   -0.138 -0.162  0.977   -0.775  0.632 -0.005
   131        Na              2.732  -30.194  -35.016  -0.588  0.449 -0.673    0.497  0.857  0.138    0.639 -0.253 -0.727
   132        Na             27.874   11.753   23.262   0.255 -0.878  0.405   -0.793 -0.430 -0.432    0.553 -0.211 -0.806
   133        Na            -15.300   35.152  -34.614   0.192  0.911 -0.365    0.373  0.276  0.886    0.908 -0.306 -0.287
   134        Na            -32.813  -39.763    7.668   0.993  0.114 -0.017   -0.018  0.007 -1.000   -0.114  0.993  0.009
   135        Na              9.931  -38.136    4.585   0.389  0.199 -0.899   -0.898 -0.136 -0.418   -0.205  0.971  0.126
   136        Na            -28.687   29.411  -21.484  -0.644 -0.621  0.447    0.528 -0.784 -0.327    0.553  0.025  0.833
   137        Na            -15.113  -38.229  -36.879  -0.817  0.337  0.468   -0.387 -0.922 -0.012    0.427 -0.191  0.884
   138        Na              2.097  -40.612   32.732  -0.737 -0.531 -0.418    0.265  0.341 -0.902    0.622 -0.775 -0.111
   139        Na            -14.831    0.498  -35.221  -0.775 -0.025 -0.631    0.465 -0.699 -0.544   -0.428 -0.715  0.553
   140        Na            -38.980   -0.289  -40.135  -0.937  0.013  0.349    0.326  0.392  0.860   -0.126  0.920 -0.371
   141        Na            -25.414  -39.069  -37.332   0.428 -0.537  0.727    0.427 -0.589 -0.686    0.797  0.604 -0.023
   142        Na            -28.385  -42.589   -2.519  -0.286  0.796  0.533    0.437 -0.387  0.812    0.853  0.465 -0.237
   143        Na            -45.577  -25.075  -30.474  -0.616 -0.363 -0.699    0.195  0.789 -0.582    0.763 -0.495 -0.415
   144        Na             18.722  -29.361    7.579  -0.178  0.451 -0.875   -0.685 -0.695 -0.218   -0.706  0.561  0.433

atom coordinates
----------------
atom no       atom type      particle no    particle type            coordinate (x,y,z)
-------       ---------      -----------    -------------            ------------------
     1        CH2                 1         CH2                -2.50000    -2.50000     2.50000
     2        CH2                 2         CH2                -0.21381    -2.50000     2.50000
     3        CH2                 3         CH2                 2.07238    -2.50000     2.50000
     4        CH2                 4         CH2                 4.35857    -2.50000     2.50000
     5        CH2                 5         CH2                 6.64476    -2.50000     2.50000
     6        CH2                 6         CH2                 8.93095    -2.50000     2.50000
     7        CH2                 7         CH2                11.21714    -2.50000     2.50000
     8        CH2                 8         CH2                13.50333    -2.50000     2.50000
     9        CH2                 9         CH2                15.78952    -2.50000     2.50000
    10        CH2                10         CH2                18.07571    -2.50000     2.50000
    11        CH2                11         CH2                20.36190    -2.50000     2.50000
    12        CH2                12         CH2                22.64809    -2.50000     2.50000
    13        CH2                13         CH2                24.93429    -2.50000     2.50000
    14        CH2                14         CH2                27.22048    -2.50000     2.50000
    15        CH2                15         CH2                29.50667    -2.50000     2.50000
    16        CH2                16         CH2                31.79286    -2.50000     2.50000
    17        CH2                17         CH2                34.07905    -2.50000     2.50000
    18        CH2                18         CH2                36.36524    -2.50000     2.50000
    19        CH2                19         CH2                38.65143    -2.50000     2.50000
    20        CH2                20         CH2                40.93762    -2.50000     2.50000
    21        CH2                21         CH2                43.22381    -2.50000     2.50000
    22        CH2                22         CH2                45.51000    -2.50000     2.50000
    23        CH2                23         CH2                47.79619    -2.50000     2.50000
    24        CH2                24         CH2               -49.91762    -2.50000     2.50000
    25        CH2                25         CH2                 2.50000     7.50000     7.50000
    26        CH2                26         CH2                 4.78619     7.50000     7.50000
    27        CH2                27         CH2                 7.07238     7.50000     7.50000
    28        CH2                28         CH2                 9.35857     7.50000     7.50000
    29        CH2                29         CH2                11.64476     7.50000     7.50000
    30        CH2                30         CH2                13.93095     7.50000     7.50000
    31        CH2                31         CH2                16.21714     7.50000     7.50000
    32        CH2                32         CH2                18.50333     7.50000     7.50000
    33        CH2                33         CH2                20.78952     7.50000     7.50000
    34        CH2                34         CH2                23.07571     7.50000     7.50000
    35        CH2                35         CH2                25.36190     7.50000     7.50000
    36        CH2                36         CH2                27.64809     7.50000     7.50000
    37        CH2                37         CH2                29.93429     7.50000     7.50000
    38        CH2                38         CH2                32.22048     7.50000     7.50000
    39        CH2                39         CH2                34.50667     7.50000     7.50000
    40        CH2                40         CH2                36.79286     7.50000     7.50000
    41        CH2                41         CH2                39.07905     7.50000     7.50000
    42        CH2                42         CH2                41.36524     7.50000     7.50000
    43        CH2                43         CH2                43.65143     7.50000     7.50000
    44        CH2                44         CH2                45.93762     7.50000     7.50000
    45        CH2                45         CH2                48.22381     7.50000     7.50000
    46        CH2                46         CH2               -49.49000     7.50000     7.50000
    47        CH2                47         CH2               -47.20381     7.50000     7.50000
    48        CH2                48         CH2               -44.91762     7.50000     7.50000
    49        Csp3               49         Cneg               -1.35690    -1.69171     2.50000
    50        CH3                49         Cneg               -1.35690    -0.38532     1.57624
    51        COO                49         Cneg               -1.35690    -0.22171     3.54000
    52        Csp3               50         Cneg                0.92929    -1.69171     2.50000
    53        CH3                50         Cneg                0.92929    -0.38532     1.57624
    54        COO                50         Cneg                0.92929    -0.22171     3.54000
    55        Csp3               51         Cneg                3.21548    -1.69171     2.50000
    56        CH3                51         Cneg                3.21548    -0.38532     1.57624
    57        COO                51         Cneg                3.21548    -0.22171     3.54000
    58        Csp3               52         Cneg                5.50167    -1.69171     2.50000
