**************************************************************************************************************
**************************************************************************************************************
**                                                                                                          **
**                                                                                                          **
**                                                  Molsim                                                  **
**                                                                                                          **
**                  integrated md/mc/bd simulation program belonging to the molsim package                  **
**                                                                                                          **
**                                          version 6.4.7, v2.1.2                                           **
**                                                                                                          **
**                                                                                                          **
**                                                Per Linse                                                 **
**                                            Physical Chemistry                                            **
**                                         Department of Chemistry                                          **
**                                             Lund University                                              **
**                                               P.O. Box 124                                               **
**                                          S-221 00 Lund, SWEDEN                                           **
**                                                                                                          **
**                                                                                                          **
**                                         with contributions from                                          **
**                                                                                                          **
**                  Anna Akinchina, Fredrik Carlsson, Samuel Edgecombe, Yoshikatsu Hayashi                  **
**          Pascal Hebbeker, Cornelius Hofzumahaus, Niklas Källrot, Björn Linse, Vladimir Lobaskin          **
**               Thomas M. Nymand, Alberto Pais, Jurij Rescic, Stefanie Schneider, Marie Skepö              **
**          Joakim Stenhammar, Anders Wallqvist, Jos van Rijssel, Erik Wernersson, Per-Olof Åstrand         **
**                                                                                                          **
**                                                                                                          **
**************************************************************************************************************
**************************************************************************************************************
 
2017-01-17     13:31:48

**************************************************************************************************************
*                                                                                                            *
*                                            i n p u t   d a t a                                             *
*                                                                                                            *
**************************************************************************************************************


**************************************************************************************************************
*                                            general information                                             *
**************************************************************************************************************


title   : salt free iPMA cm=0.1 25-mer                                                              

key data: mode           : simulation
          method         : mc   
          ensemble       : nvt
          boundary cond. : xyz
          start          : setconf 


number of time steps/passes           2  *       100  =        200

temperature                    =     298.150
pressure                       =       0.101
box lengths (x,y,z)            =     100.000     100.000     100.000
volume                         =   0.100E+07

seed of random generator       =      136543

optional subroutine used
------------------------
   ControlAver
   MainAver
   DistFunc
   Image

parameters controlling the output interval (0 = no)
-------------------------------------------------
   itest              0
   ipart              1
   iatom              1
   iaver           1000
   ishow              1
   iplot              1
   ilist              0

external units
--------------
number        generic name        file name
------        ------------        ---------
   1               fin            FIN       
   2               fout           FOUT      
   3               fcnf           FCNF      
  10               fimg           FIMG      
  11               fvtf           FVTF      
  12               ftcl           FTCL      

**************************************************************************************************************
*                                                   units                                                    *
**************************************************************************************************************

quantity                unit
--------                ----
length              1.000E-10 m
mass                1.000E-03 kg/mol
temperature         1.000E+00 k
time                1.000E-12 s
energy              1.000E+03 j/mol
heat capacity       1.000E+00 j/mol*k
diff. coeff.        1.000E-09 m**2/s
pressure            1.000E+06 pa
volume              1.000E-30 m**3
linear vel.         1.000E+02 m/s
linear acc.         1.000E+14 m/s**2
force               1.000E+11 n/mol
moment of inertia   1.000E-23 kg*m**2/mol
angle               1.745E-02 rad

**************************************************************************************************************
*                                               particle data                                                *
**************************************************************************************************************


number of chains               =       2
number of particles            =     144
number of atoms                =     240
number of chains types         =       1     (     10 )
number of particle types       =       3     (     10 )
number of atom types           =       5     (     10 )

chain type         no of chains             topology  npptct(1,ict)  npptct(2,ict)  npptct(3,ict)
----------         ------------             --------  -------------  -------------  -------------
iPMA                   2                    regular      24            24             0

particle       no        atom     no     mass    hard core    no of unit   weak      pK        sigma    epsilon  zatalpha
                                                 radius       charges      charge                              
--------       --        ----     --     ----    ---------    ----------   ------    --        -----    -------  --------
CH2            48
                         CH2      1     14.000    0.675        0.0000        F      0.0000     0.0000    0.0000    0.0000
Cneg           48
                         Csp3     1     12.000    0.675        0.0000        F      0.0000     0.0000    0.0000    0.0000
                         CH3      1      0.000    0.900        0.0000        F      0.0000     0.0000    0.0000    0.0000
                         COO      1      0.000    1.140       -1.0000        T      5.0000     0.0000    0.0000    0.0000
Na             48
                         Na       1     23.000    0.900        1.0000        F      0.0000     0.0000    0.0000    0.0000

pH =    5.000
type of monoatomic particle carring counter charge to titratable charge =        5

molecular input frame: CH2       
---------------------- ---

atom               coordinate (x,y,z)
----               ------------------
CH2          0.00000   0.00000   0.00000

principal axis frame: CH2       
--------------------- ---

atom               coordinate (x,y,z)
----               ------------------
CH2          0.00000   0.00000   0.00000

molecular input frame: Cneg      
---------------------- ----

atom               coordinate (x,y,z)
----               ------------------
Csp3         0.00000   0.00000   0.00000
CH3          0.00000   1.30639  -0.92376
COO          0.00000   1.47000   1.04000

principal axis frame: Cneg      
--------------------- ----

atom               coordinate (x,y,z)
----               ------------------
Csp3         0.00000   0.00000   0.00000
CH3          0.00000   1.30639  -0.92376
COO          0.00000   1.47000   1.04000

molecular input frame: Na        
---------------------- --

atom               coordinate (x,y,z)
----               ------------------
Na           0.00000   0.00000   0.00000

principal axis frame: Na        
--------------------- --

atom               coordinate (x,y,z)
----               ------------------
Na           0.00000   0.00000   0.00000

particle             mass           moment of inertia (x,y,z)        maximal atom-com distance
--------             ----           -------------------------        -------------------------
CH2                14.000          0.000     0.000     0.000             0.000
Cneg               12.000          0.000     0.000     0.000             1.801
Na                 23.000          0.000     0.000     0.000             0.000

**************************************************************************************************************
*                                          two-body potential data                                           *
**************************************************************************************************************

rcut                           =      50.000
utoltab                        =   0.100E-03
ftoltab                        =   0.100E-02
umaxtab                        =   0.200E+06
fmaxtab                        =   0.200E+07

polyatomic energy and force routines

relative permittivity          =   78.400000

system net charge based on zat =    0.00    

parameters controlling the ewald summation
------------------------------------------
txewaldrec                     =              std
iewaldopt                      =                1
uewaldtol                      =      0.81000E-06
error estimate in real space   =      0.81000E-06
error estimate in rec. space   =      0.95872E-07
ualpha                         =      0.60000E-01
ualphared                      =       3.0000    
ncut                           =                7
ncut2                          =               49
ncutregion                     =           sphere
nkvec (one octant)             =              238
surface term                   =                F

particle pair              potential
-------------              ---------
CH2-CH2                      default             
CH2-Cneg                     default             
CH2-Na                       default             
Cneg-Cneg                    default             
Cneg-Na                      default             
Na-Na                        default             

atom pair         energy coefficients (ipot and ucoff)
---------         ------------------------------------
CH2-CH2                1  0.000000E+00
CH2-Csp3               1  0.000000E+00
CH2-CH3                1  0.000000E+00
CH2-COO                1  0.000000E+00
CH2-Na                 1  0.000000E+00
Csp3-Csp3              1  0.000000E+00
Csp3-CH3               1  0.000000E+00
Csp3-COO               1  0.000000E+00
Csp3-Na                1  0.000000E+00
CH3-CH3                1  0.000000E+00
CH3-COO                1  0.000000E+00
CH3-Na                 1  0.000000E+00
COO-COO                1  0.177214E+02
COO-Na                 1 -0.177214E+02
Na-Na                  1  0.177214E+02

number of 1/r coefficients than has been changed/added based on zat = 15

specification of two-body potential tables
------------------------------------------
atom pair          no of grids         iubuflow       rumin     rumax
---------          -----------         --------       -----     -----
CH2-CH2                3                   1          0.032    55.000
CH2-Csp3               3                  37          0.032    56.981
CH2-CH3                3                  73          0.032    56.981
CH2-COO                3                 109          0.032    56.981
CH2-Na                 3                 145          0.032    55.000
Csp3-Csp3              3                 181          0.032    58.962
Csp3-CH3               3                 217          0.032    58.962
Csp3-COO               3                 253          0.032    58.962
Csp3-Na                3                1225          0.032    56.981
CH3-CH3                3                 289          0.032    58.962
CH3-COO                3                 325          0.032    58.962
CH3-Na                 3                1261          0.032    56.981
COO-COO               72                 361          0.032    58.962
COO-Na                72                1297          0.032    56.981
Na-Na                 72                2161          0.032    55.000

nbuf (needed, allocated)        =       3025      9000

**************************************************************************************************************
*                                               ipotchain data                                               *
**************************************************************************************************************

bond: force constant           =        10.00000
bond: power                    =               2
bond: eqilibrium separation    =         1.40000
angle: force constant          =         0.00000
angle: power                   =               2
angle: eqilibrium separation   =       180.00000
itestpotchain                  =               0

**************************************************************************************************************
*                                         initial configuration data                                         *
**************************************************************************************************************

start configuration from SetConfiguration
-----------------------------------------
part. type    routine          no of unit cells (x,y,z)     lower (x,y,z)      upper (x,y,z)      shift (x,y,z)
----------    -------          ------------------------     -------------      -------------      -------------
 1  CH2       chainlinepma            0    0    0        -50.00-50.00-50.00  50.00 50.00 50.00   0.00  0.00  0.00
 2  Cneg      chainlinepma            0    0    0        -50.00-50.00-50.00  50.00 50.00 50.00   0.00  0.00  0.00
 3  Na        random                  0    0    0        -50.00-50.00-50.00  50.00 50.00 50.00   0.00  0.00  0.00

bond length scaling factor              =      1.000
minimum angle between consecutive beads =      0.000

first macrostep                =      1

**************************************************************************************************************
*                                                coordinates                                                 *
**************************************************************************************************************


particle coordinates
--------------------
particle no   particle type       com (x,y,z)              x'-axis (x,y,z)        y'-axis (x,y,z)        z'-axis (x,y,z)
-----------   -------------       -----------              ---------------        ---------------        ---------------
     1        CH2            -2.500   -2.500    2.500   1.000  0.000  0.000    0.000  1.000  0.000    0.000  0.000  1.000
     2        CH2            -0.214   -2.500    2.500   1.000  0.000  0.000    0.000  1.000  0.000    0.000  0.000  1.000
     3        CH2             2.072   -2.500    2.500   1.000  0.000  0.000    0.000  1.000  0.000    0.000  0.000  1.000
     4        CH2             4.359   -2.500    2.500   1.000  0.000  0.000    0.000  1.000  0.000    0.000  0.000  1.000
     5        CH2             6.645   -2.500    2.500   1.000  0.000  0.000    0.000  1.000  0.000    0.000  0.000  1.000
     6        CH2             8.931   -2.500    2.500   1.000  0.000  0.000    0.000  1.000  0.000    0.000  0.000  1.000
     7        CH2            11.217   -2.500    2.500   1.000  0.000  0.000    0.000  1.000  0.000    0.000  0.000  1.000
     8        CH2            13.503   -2.500    2.500   1.000  0.000  0.000    0.000  1.000  0.000    0.000  0.000  1.000
     9        CH2            15.790   -2.500    2.500   1.000  0.000  0.000    0.000  1.000  0.000    0.000  0.000  1.000
    10        CH2            18.076   -2.500    2.500   1.000  0.000  0.000    0.000  1.000  0.000    0.000  0.000  1.000
    11        CH2            20.362   -2.500    2.500   1.000  0.000  0.000    0.000  1.000  0.000    0.000  0.000  1.000
    12        CH2            22.648   -2.500    2.500   1.000  0.000  0.000    0.000  1.000  0.000    0.000  0.000  1.000
    13        CH2            24.934   -2.500    2.500   1.000  0.000  0.000    0.000  1.000  0.000    0.000  0.000  1.000
    14        CH2            27.220   -2.500    2.500   1.000  0.000  0.000    0.000  1.000  0.000    0.000  0.000  1.000
    15        CH2            29.507   -2.500    2.500   1.000  0.000  0.000    0.000  1.000  0.000    0.000  0.000  1.000
    16        CH2            31.793   -2.500    2.500   1.000  0.000  0.000    0.000  1.000  0.000    0.000  0.000  1.000
    17        CH2            34.079   -2.500    2.500   1.000  0.000  0.000    0.000  1.000  0.000    0.000  0.000  1.000
    18        CH2            36.365   -2.500    2.500   1.000  0.000  0.000    0.000  1.000  0.000    0.000  0.000  1.000
    19        CH2            38.651   -2.500    2.500   1.000  0.000  0.000    0.000  1.000  0.000    0.000  0.000  1.000
    20        CH2            40.938   -2.500    2.500   1.000  0.000  0.000    0.000  1.000  0.000    0.000  0.000  1.000
    21        CH2            43.224   -2.500    2.500   1.000  0.000  0.000    0.000  1.000  0.000    0.000  0.000  1.000
    22        CH2            45.510   -2.500    2.500   1.000  0.000  0.000    0.000  1.000  0.000    0.000  0.000  1.000
    23        CH2            47.796   -2.500    2.500   1.000  0.000  0.000    0.000  1.000  0.000    0.000  0.000  1.000
    24        CH2           -49.918   -2.500    2.500   1.000  0.000  0.000    0.000  1.000  0.000    0.000  0.000  1.000
    25        CH2             2.500    7.500    7.500   1.000  0.000  0.000    0.000  1.000  0.000    0.000  0.000  1.000
    26        CH2             4.786    7.500    7.500   1.000  0.000  0.000    0.000  1.000  0.000    0.000  0.000  1.000
    27        CH2             7.072    7.500    7.500   1.000  0.000  0.000    0.000  1.000  0.000    0.000  0.000  1.000
    28        CH2             9.359    7.500    7.500   1.000  0.000  0.000    0.000  1.000  0.000    0.000  0.000  1.000
    29        CH2            11.645    7.500    7.500   1.000  0.000  0.000    0.000  1.000  0.000    0.000  0.000  1.000
    30        CH2            13.931    7.500    7.500   1.000  0.000  0.000    0.000  1.000  0.000    0.000  0.000  1.000
    31        CH2            16.217    7.500    7.500   1.000  0.000  0.000    0.000  1.000  0.000    0.000  0.000  1.000
    32        CH2            18.503    7.500    7.500   1.000  0.000  0.000    0.000  1.000  0.000    0.000  0.000  1.000
    33        CH2            20.790    7.500    7.500   1.000  0.000  0.000    0.000  1.000  0.000    0.000  0.000  1.000
    34        CH2            23.076    7.500    7.500   1.000  0.000  0.000    0.000  1.000  0.000    0.000  0.000  1.000
    35        CH2            25.362    7.500    7.500   1.000  0.000  0.000    0.000  1.000  0.000    0.000  0.000  1.000
    36        CH2            27.648    7.500    7.500   1.000  0.000  0.000    0.000  1.000  0.000    0.000  0.000  1.000
    37        CH2            29.934    7.500    7.500   1.000  0.000  0.000    0.000  1.000  0.000    0.000  0.000  1.000
    38        CH2            32.220    7.500    7.500   1.000  0.000  0.000    0.000  1.000  0.000    0.000  0.000  1.000
    39        CH2            34.507    7.500    7.500   1.000  0.000  0.000    0.000  1.000  0.000    0.000  0.000  1.000
    40        CH2            36.793    7.500    7.500   1.000  0.000  0.000    0.000  1.000  0.000    0.000  0.000  1.000
    41        CH2            39.079    7.500    7.500   1.000  0.000  0.000    0.000  1.000  0.000    0.000  0.000  1.000
    42        CH2            41.365    7.500    7.500   1.000  0.000  0.000    0.000  1.000  0.000    0.000  0.000  1.000
    43        CH2            43.651    7.500    7.500   1.000  0.000  0.000    0.000  1.000  0.000    0.000  0.000  1.000
    44        CH2            45.938    7.500    7.500   1.000  0.000  0.000    0.000  1.000  0.000    0.000  0.000  1.000
    45        CH2            48.224    7.500    7.500   1.000  0.000  0.000    0.000  1.000  0.000    0.000  0.000  1.000
    46        CH2           -49.490    7.500    7.500   1.000  0.000  0.000    0.000  1.000  0.000    0.000  0.000  1.000
    47        CH2           -47.204    7.500    7.500   1.000  0.000  0.000    0.000  1.000  0.000    0.000  0.000  1.000
    48        CH2           -44.918    7.500    7.500   1.000  0.000  0.000    0.000  1.000  0.000    0.000  0.000  1.000
    49        Cneg           -1.357   -1.692    2.500   1.000  0.000  0.000    0.000  1.000  0.000    0.000  0.000  1.000
    50        Cneg            0.929   -1.692    2.500   1.000  0.000  0.000    0.000  1.000  0.000    0.000  0.000  1.000
    51        Cneg            3.215   -1.692    2.500   1.000  0.000  0.000    0.000  1.000  0.000    0.000  0.000  1.000
    52        Cneg            5.502   -1.692    2.500   1.000  0.000  0.000    0.000  1.000  0.000    0.000  0.000  1.000
    53        Cneg            7.788   -1.692    2.500   1.000  0.000  0.000    0.000  1.000  0.000    0.000  0.000  1.000
    54        Cneg           10.074   -1.692    2.500   1.000  0.000  0.000    0.000  1.000  0.000    0.000  0.000  1.000
    55        Cneg           12.360   -1.692    2.500   1.000  0.000  0.000    0.000  1.000  0.000    0.000  0.000  1.000
    56        Cneg           14.646   -1.692    2.500   1.000  0.000  0.000    0.000  1.000  0.000    0.000  0.000  1.000
    57        Cneg           16.933   -1.692    2.500   1.000  0.000  0.000    0.000  1.000  0.000    0.000  0.000  1.000
    58        Cneg           19.219   -1.692    2.500   1.000  0.000  0.000    0.000  1.000  0.000    0.000  0.000  1.000
    59        Cneg           21.505   -1.692    2.500   1.000  0.000  0.000    0.000  1.000  0.000    0.000  0.000  1.000
    60        Cneg           23.791   -1.692    2.500   1.000  0.000  0.000    0.000  1.000  0.000    0.000  0.000  1.000
    61        Cneg           26.077   -1.692    2.500   1.000  0.000  0.000    0.000  1.000  0.000    0.000  0.000  1.000
    62        Cneg           28.364   -1.692    2.500   1.000  0.000  0.000    0.000  1.000  0.000    0.000  0.000  1.000
    63        Cneg           30.650   -1.692    2.500   1.000  0.000  0.000    0.000  1.000  0.000    0.000  0.000  1.000
    64        Cneg           32.936   -1.692    2.500   1.000  0.000  0.000    0.000  1.000  0.000    0.000  0.000  1.000
    65        Cneg           35.222   -1.692    2.500   1.000  0.000  0.000    0.000  1.000  0.000    0.000  0.000  1.000
    66        Cneg           37.508   -1.692    2.500   1.000  0.000  0.000    0.000  1.000  0.000    0.000  0.000  1.000
    67        Cneg           39.795   -1.692    2.500   1.000  0.000  0.000    0.000  1.000  0.000    0.000  0.000  1.000
    68        Cneg           42.081   -1.692    2.500   1.000  0.000  0.000    0.000  1.000  0.000    0.000  0.000  1.000
    69        Cneg           44.367   -1.692    2.500   1.000  0.000  0.000    0.000  1.000  0.000    0.000  0.000  1.000
    70        Cneg           46.653   -1.692    2.500   1.000  0.000  0.000    0.000  1.000  0.000    0.000  0.000  1.000
    71        Cneg           48.939   -1.692    2.500   1.000  0.000  0.000    0.000  1.000  0.000    0.000  0.000  1.000
    72        Cneg          -48.775   -1.692    2.500   1.000  0.000  0.000    0.000  1.000  0.000    0.000  0.000  1.000
    73        Cneg            3.643    8.308    7.500   1.000  0.000  0.000    0.000  1.000  0.000    0.000  0.000  1.000
    74        Cneg            5.929    8.308    7.500   1.000  0.000  0.000    0.000  1.000  0.000    0.000  0.000  1.000
    75        Cneg            8.215    8.308    7.500   1.000  0.000  0.000    0.000  1.000  0.000    0.000  0.000  1.000
    76        Cneg           10.502    8.308    7.500   1.000  0.000  0.000    0.000  1.000  0.000    0.000  0.000  1.000
    77        Cneg           12.788    8.308    7.500   1.000  0.000  0.000    0.000  1.000  0.000    0.000  0.000  1.000
    78        Cneg           15.074    8.308    7.500   1.000  0.000  0.000    0.000  1.000  0.000    0.000  0.000  1.000
    79        Cneg           17.360    8.308    7.500   1.000  0.000  0.000    0.000  1.000  0.000    0.000  0.000  1.000
    80        Cneg           19.646    8.308    7.500   1.000  0.000  0.000    0.000  1.000  0.000    0.000  0.000  1.000
    81        Cneg           21.933    8.308    7.500   1.000  0.000  0.000    0.000  1.000  0.000    0.000  0.000  1.000
    82        Cneg           24.219    8.308    7.500   1.000  0.000  0.000    0.000  1.000  0.000    0.000  0.000  1.000
    83        Cneg           26.505    8.308    7.500   1.000  0.000  0.000    0.000  1.000  0.000    0.000  0.000  1.000
    84        Cneg           28.791    8.308    7.500   1.000  0.000  0.000    0.000  1.000  0.000    0.000  0.000  1.000
    85        Cneg           31.077    8.308    7.500   1.000  0.000  0.000    0.000  1.000  0.000    0.000  0.000  1.000
    86        Cneg           33.364    8.308    7.500   1.000  0.000  0.000    0.000  1.000  0.000    0.000  0.000  1.000
    87        Cneg           35.650    8.308    7.500   1.000  0.000  0.000    0.000  1.000  0.000    0.000  0.000  1.000
    88        Cneg           37.936    8.308    7.500   1.000  0.000  0.000    0.000  1.000  0.000    0.000  0.000  1.000
    89        Cneg           40.222    8.308    7.500   1.000  0.000  0.000    0.000  1.000  0.000    0.000  0.000  1.000
    90        Cneg           42.508    8.308    7.500   1.000  0.000  0.000    0.000  1.000  0.000    0.000  0.000  1.000
    91        Cneg           44.795    8.308    7.500   1.000  0.000  0.000    0.000  1.000  0.000    0.000  0.000  1.000
    92        Cneg           47.081    8.308    7.500   1.000  0.000  0.000    0.000  1.000  0.000    0.000  0.000  1.000
    93        Cneg           49.367    8.308    7.500   1.000  0.000  0.000    0.000  1.000  0.000    0.000  0.000  1.000
    94        Cneg          -48.347    8.308    7.500   1.000  0.000  0.000    0.000  1.000  0.000    0.000  0.000  1.000
    95        Cneg          -46.061    8.308    7.500   1.000  0.000  0.000    0.000  1.000  0.000    0.000  0.000  1.000
    96        Cneg          -43.775    8.308    7.500   1.000  0.000  0.000    0.000  1.000  0.000    0.000  0.000  1.000
    97        Na            -47.237   18.787  -22.779   0.688 -0.139 -0.713   -0.725 -0.075 -0.685    0.041  0.988 -0.152
    98        Na            -18.554   12.650  -47.841   0.038 -0.050  0.998    0.034  0.998  0.049   -0.999  0.032  0.040
    99        Na            -22.401   -5.932    6.572  -0.152 -0.883  0.444    0.268 -0.470 -0.841    0.951 -0.009  0.309
   100        Na            -27.347   32.445   20.494   0.388 -0.866 -0.315    0.332  0.450 -0.829    0.860  0.217  0.462
   101        Na            -44.496  -38.712   41.792  -0.191  0.981  0.026    0.021 -0.023  1.000    0.981  0.191 -0.016
   102        Na             21.005   21.702   38.671  -0.486 -0.737 -0.470   -0.675 -0.026  0.738   -0.556  0.675 -0.485
   103        Na             23.473   20.896   48.171  -0.690 -0.713 -0.124    0.324 -0.457  0.828   -0.647  0.531  0.547
   104        Na             22.184  -24.319   27.669   0.314  0.941 -0.124    0.515 -0.059  0.855    0.798 -0.332 -0.504
   105        Na             33.876  -36.032    3.378  -0.437  0.710 -0.553   -0.109  0.568  0.816    0.893  0.417 -0.171
   106        Na            -16.753  -23.729   20.844   0.162 -0.783  0.600    0.304 -0.539 -0.786    0.939  0.310  0.151
   107        Na             49.458  -34.795   -3.547  -0.712  0.008  0.702   -0.521  0.664 -0.536   -0.471 -0.747 -0.469
   108        Na             22.628   -6.015  -35.076   0.737 -0.511  0.443    0.669  0.457 -0.586    0.097  0.728  0.679
   109        Na             46.339  -11.069   29.814  -0.626  0.608  0.489   -0.697 -0.155 -0.700   -0.350 -0.778  0.521
   110        Na            -25.866  -13.039   17.015  -0.243  0.722 -0.648   -0.919  0.044  0.393    0.312  0.691  0.652
   111        Na             13.015  -12.904   19.254  -0.836 -0.489 -0.248    0.113  0.289 -0.950    0.537 -0.823 -0.187
   112        Na            -19.053   -0.040  -49.405  -0.151  0.457 -0.877    0.400 -0.782 -0.477   -0.904 -0.423 -0.064
   113        Na             49.355   -1.724   -8.062   0.003  0.727 -0.687    0.298  0.655  0.695    0.955 -0.207 -0.214
   114        Na              0.626  -33.629   46.519   0.373  0.622 -0.688   -0.748 -0.238 -0.620   -0.549  0.746  0.377
   115        Na            -29.395   48.671  -12.590   0.376 -0.859 -0.348   -0.233 -0.452  0.861   -0.897 -0.242 -0.370
   116        Na              3.102    5.207    4.017  -0.956  0.196  0.218   -0.264 -0.255 -0.930   -0.127 -0.947  0.296
   117        Na              0.385  -45.893  -41.415   0.465  0.276 -0.841   -0.864  0.350 -0.363    0.194  0.895  0.401
   118        Na            -29.316   25.104   29.693  -0.183  0.601 -0.778   -0.981 -0.057  0.187    0.068  0.797  0.600
   119        Na            -21.311   13.032  -30.244   0.751 -0.511 -0.417   -0.659 -0.541 -0.523    0.042  0.668 -0.743
   120        Na             -2.946   21.327   45.526  -0.482 -0.618  0.621   -0.688  0.706  0.168   -0.542 -0.347 -0.766
   121        Na            -44.111   16.524   -1.410  -0.231 -0.865  0.445   -0.593  0.488  0.641   -0.771 -0.116 -0.626
   122        Na             -9.731  -23.239  -14.129   0.983  0.182  0.037   -0.039  0.008  0.999    0.182 -0.983  0.014
   123        Na             -5.272   40.280   35.129   0.557  0.689 -0.464   -0.290 -0.362 -0.886   -0.778  0.628 -0.002
   124        Na            -30.237  -39.078   -4.542  -0.006  0.740  0.672   -0.453  0.597 -0.662   -0.891 -0.308  0.332
   125        Na            -27.672   48.628  -17.210   0.693 -0.719 -0.050   -0.021  0.050 -0.999    0.720  0.693  0.019
   126        Na            -32.658   30.945   33.391  -0.264 -0.786 -0.559   -0.071 -0.563  0.824   -0.962  0.257  0.093
   127        Na            -23.817   -6.483  -44.635   0.038 -0.669  0.742   -0.498 -0.657 -0.566    0.866 -0.348 -0.358
   128        Na             27.191   33.593  -27.850   0.747  0.646 -0.154   -0.216  0.018 -0.976   -0.628  0.763  0.153
   129        Na              7.164   12.522  -19.979   0.769 -0.510  0.384   -0.433  0.025  0.901   -0.469 -0.860 -0.202
   130        Na              7.865    1.255   -6.412   0.373 -0.863 -0.342    0.724  0.040  0.689   -0.580 -0.504  0.640
   131        Na            -20.485   32.844   -2.701   0.281  0.916 -0.288   -0.334 -0.188 -0.924   -0.900  0.355  0.253
   132        Na            -21.702  -46.057   -5.064   0.680  0.699 -0.222   -0.092 -0.219 -0.971   -0.728  0.681 -0.084
   133        Na             17.857  -30.693  -39.882   0.690 -0.038  0.723    0.273  0.938 -0.211   -0.670  0.343  0.658
   134        Na             19.797   -1.706  -15.202  -0.520  0.805  0.285   -0.210  0.202 -0.956   -0.828 -0.558  0.064
   135        Na            -37.815   21.363   31.768   0.266  0.788 -0.554    0.398 -0.614 -0.681   -0.878 -0.039 -0.478
   136        Na             28.046   30.572  -15.846   0.175 -0.169  0.970    0.530  0.846  0.052   -0.830  0.505  0.238
   137        Na            -38.132  -19.915   -8.083  -0.752  0.334 -0.568    0.325 -0.561 -0.761   -0.573 -0.757  0.313
   138        Na             10.101   33.664   26.357  -0.234 -0.352  0.907   -0.478 -0.771 -0.422    0.847 -0.532  0.012
   139        Na            -19.347   20.175   28.607  -0.671 -0.700  0.245   -0.212  0.498  0.841   -0.711  0.512 -0.483
   140        Na            -14.605  -21.917  -40.862   0.762  0.318 -0.564   -0.597  0.005 -0.803   -0.252  0.948  0.193
   141        Na             -5.341    6.957   45.255  -0.546  0.238 -0.803   -0.617  0.534  0.578    0.566  0.812 -0.145
   142        Na            -14.264   19.966   38.601   0.632 -0.466  0.620   -0.706 -0.676  0.212    0.320 -0.571 -0.756
   143        Na             -7.619   -8.618  -42.347  -0.254 -0.803 -0.539    0.778 -0.500  0.380   -0.574 -0.323  0.752
   144        Na            -43.693    6.076   38.225   0.654 -0.231 -0.720   -0.501  0.581 -0.641    0.566  0.781  0.264

atom coordinates
----------------
atom no       atom type      particle no    particle type            coordinate (x,y,z)
-------       ---------      -----------    -------------            ------------------
     1        CH2                 1         CH2                -2.50000    -2.50000     2.50000
     2        CH2                 2         CH2                -0.21381    -2.50000     2.50000
     3        CH2                 3         CH2                 2.07238    -2.50000     2.50000
     4        CH2                 4         CH2                 4.35857    -2.50000     2.50000
     5        CH2                 5         CH2                 6.64476    -2.50000     2.50000
     6        CH2                 6         CH2                 8.93095    -2.50000     2.50000
     7        CH2                 7         CH2                11.21714    -2.50000     2.50000
     8        CH2                 8         CH2                13.50333    -2.50000     2.50000
     9        CH2                 9         CH2                15.78952    -2.50000     2.50000
    10        CH2                10         CH2                18.07571    -2.50000     2.50000
    11        CH2                11         CH2                20.36190    -2.50000     2.50000
    12        CH2                12         CH2                22.64809    -2.50000     2.50000
    13        CH2                13         CH2                24.93429    -2.50000     2.50000
    14        CH2                14         CH2                27.22048    -2.50000     2.50000
    15        CH2                15         CH2                29.50667    -2.50000     2.50000
    16        CH2                16         CH2                31.79286    -2.50000     2.50000
    17        CH2                17         CH2                34.07905    -2.50000     2.50000
    18        CH2                18         CH2                36.36524    -2.50000     2.50000
    19        CH2                19         CH2                38.65143    -2.50000     2.50000
    20        CH2                20         CH2                40.93762    -2.50000     2.50000
    21        CH2                21         CH2                43.22381    -2.50000     2.50000
    22        CH2                22         CH2                45.51000    -2.50000     2.50000
    23        CH2                23         CH2                47.79619    -2.50000     2.50000
    24        CH2                24         CH2               -49.91762    -2.50000     2.50000
    25        CH2                25         CH2                 2.50000     7.50000     7.50000
    26        CH2                26         CH2                 4.78619     7.50000     7.50000
    27        CH2                27         CH2                 7.07238     7.50000     7.50000
    28        CH2                28         CH2                 9.35857     7.50000     7.50000
    29        CH2                29         CH2                11.64476     7.50000     7.50000
    30        CH2                30         CH2                13.93095     7.50000     7.50000
    31        CH2                31         CH2                16.21714     7.50000     7.50000
    32        CH2                32         CH2                18.50333     7.50000     7.50000
    33        CH2                33         CH2                20.78952     7.50000     7.50000
    34        CH2                34         CH2                23.07571     7.50000     7.50000
    35        CH2                35         CH2                25.36190     7.50000     7.50000
    36        CH2                36         CH2                27.64809     7.50000     7.50000
    37        CH2                37         CH2                29.93429     7.50000     7.50000
    38        CH2                38         CH2                32.22048     7.50000     7.50000
    39        CH2                39         CH2                34.50667     7.50000     7.50000
    40        CH2                40         CH2                36.79286     7.50000     7.50000
    41        CH2                41         CH2                39.07905     7.50000     7.50000
    42        CH2                42         CH2                41.36524     7.50000     7.50000
    43        CH2                43         CH2                43.65143     7.50000     7.50000
    44        CH2                44         CH2                45.93762     7.50000     7.50000
    45        CH2                45         CH2                48.22381     7.50000     7.50000
    46        CH2                46         CH2               -49.49000     7.50000     7.50000
    47        CH2                47         CH2               -47.20381     7.50000     7.50000
    48        CH2                48         CH2               -44.91762     7.50000     7.50000
    49        Csp3               49         Cneg               -1.35690    -1.69171     2.50000
    50        CH3                49         Cneg               -1.35690    -0.38532     1.57624
    51        COO                49         Cneg               -1.35690    -0.22171     3.54000
    52        Csp3               50         Cneg                0.92929    -1.69171     2.50000
    53        CH3                50         Cneg                0.92929    -0.38532     1.57624
    54        COO                50         Cneg                0.92929    -0.22171     3.54000
    55        Csp3               51         Cneg                3.21548    -1.69171     2.50000
    56        CH3                51         Cneg                3.21548    -0.38532     1.57624
    57        COO                51         Cneg                3.21548    -0.22171     3.54000
    58        Csp3               52         Cneg                5.50167    -1.69171     2.50000
    59        CH3                52         Cneg                5.50167    -0.38532     1.57624
    60        COO                52         Cneg                5.50167    -0.22171     3.54000
    61        Csp3               53         Cneg                7.78786    -1.69171     2.50000
