**************************************************************************************************************
**************************************************************************************************************
**                                                                                                          **
**                                                                                                          **
**                                                  Molsim                                                  **
**                                                                                                          **
**                  integrated md/mc/bd simulation program belonging to the molsim package                  **
**                                                                                                          **
**                                          version 6.4.7, v2.2.0                                           **
**                                                                                                          **
**                                                                                                          **
**                                                Per Linse                                                 **
**                                            Physical Chemistry                                            **
**                                         Department of Chemistry                                          **
**                                             Lund University                                              **
**                                               P.O. Box 124                                               **
**                                          S-221 00 Lund, SWEDEN                                           **
**                                                                                                          **
**                                                                                                          **
**                                         with contributions from                                          **
**                                                                                                          **
**                  Anna Akinchina, Fredrik Carlsson, Samuel Edgecombe, Yoshikatsu Hayashi                  **
**          Pascal Hebbeker, Cornelius Hofzumahaus, Niklas Källrot, Björn Linse, Vladimir Lobaskin          **
**               Thomas M. Nymand, Alberto Pais, Jurij Rescic, Stefanie Schneider, Marie Skepö              **
**          Joakim Stenhammar, Anders Wallqvist, Jos van Rijssel, Erik Wernersson, Per-Olof Åstrand         **
**                                                                                                          **
**                                                                                                          **
**************************************************************************************************************
**************************************************************************************************************
 
2017-01-05     15:53:07

**************************************************************************************************************
*                                                                                                            *
*                                            i n p u t   d a t a                                             *
*                                                                                                            *
**************************************************************************************************************


**************************************************************************************************************
*                                            general information                                             *
**************************************************************************************************************


title   : point charged rigid dimers in a slit with sigma=0.033As/m^2 on both walls                 

key data: mode           : simulation
          method         : mc   
          ensemble       : nvt
          boundary cond. : xy 
          start          : setconf 
          txuser         : jurij                                                                           


number of time steps/passes           1  *        10  =         10

temperature                    =     298.150
pressure                       =       0.101
box lengths (x,y,z)            =     132.337     132.337     100.000
volume                         =   0.175E+07

seed of random generator       =     9876543

optional subroutine used
------------------------
   ControlAver
   MainAver
   DistFunc
   Static

parameters controlling the output interval (0 = no)
-------------------------------------------------
   itest              0
   ipart              1
   iatom              1
   iaver           1000
   ishow              1
   iplot              1
   ilist              0

external units
--------------
number        generic name        file name
------        ------------        ---------
   1               fin            FIN       
   2               fout           FOUT      
   3               fcnf           FCNF      

**************************************************************************************************************
*                                                   units                                                    *
**************************************************************************************************************

quantity                unit
--------                ----
length              1.000E-10 m
mass                1.000E-03 kg/mol
temperature         1.000E+00 k
time                1.000E-12 s
energy              1.000E+03 j/mol
heat capacity       1.000E+00 j/mol*k
diff. coeff.        1.000E-09 m**2/s
pressure            1.000E+06 pa
volume              1.000E-30 m**3
linear vel.         1.000E+02 m/s
linear acc.         1.000E+14 m/s**2
force               1.000E+11 n/mol
moment of inertia   1.000E-23 kg*m**2/mol
angle               1.745E-02 rad

**************************************************************************************************************
*                                               particle data                                                *
**************************************************************************************************************

charged atoms enabled

number of particles            =     250
number of atoms                =     500
number of particle types       =       2     (     10 )
number of atom types           =       2     (     10 )

particle       no        atom     no     mass    hard core    no of unit   weak      pK        sigma    epsilon  zatalpha
                                                 radius       charges      charge                              
--------       --        ----     --     ----    ---------    ----------   ------    --        -----    -------  --------
palca+        166
                         ion+     2     23.000    2.000        1.0000        F      0.0000     0.0000    0.0000    0.0000
palca-         84
                         ion-     2     23.000    2.000       -1.0000        F      0.0000     0.0000    0.0000    0.0000

atoms and atom radii are used to examine if particles are inside the box


molecular input frame: palca+    
---------------------- ------

atom               coordinate (x,y,z)
----               ------------------
ion1+        0.00000   0.00000   0.00000
ion2+        0.00000   0.00000  20.00000

principal axis frame: palca+    
--------------------- ------

atom               coordinate (x,y,z)
----               ------------------
ion1+        0.00000   0.00000 -10.00000
ion2+        0.00000   0.00000  10.00000

molecular input frame: palca-    
---------------------- ------

atom               coordinate (x,y,z)
----               ------------------
ion1-        0.00000   0.00000   0.00000
ion2-        0.00000   0.00000  20.00000

principal axis frame: palca-    
--------------------- ------

atom               coordinate (x,y,z)
----               ------------------
ion1-        0.00000   0.00000 -10.00000
ion2-        0.00000   0.00000  10.00000

particle             mass           moment of inertia (x,y,z)        maximal atom-com distance
--------             ----           -------------------------        -------------------------
palca+             46.000       4600.000  4600.000     0.000            10.000
palca-             46.000       4600.000  4600.000     0.000            10.000

**************************************************************************************************************
*                                          two-body potential data                                           *
**************************************************************************************************************

rcut                           =     136.955
utoltab                        =   0.100E-03
ftoltab                        =   0.100E-02
umaxtab                        =   0.200E+06
fmaxtab                        =   0.200E+07

polyatomic energy and force routines

relative permittivity          =   78.400000

system net charge based on zat =    164.    
%%%%%%%%%%%%%%%%%%%%%%%%%%%%%%%%%%%%%%%%%%%%%%%%%%%%%%%%%%%%%%%%%%%%%%%%%%%%%%%%%%%%%%%%%%%%%%%%%%%%%%%%%%%%%%
%                                                                                                            %
%                                w a r n i n g   f r o m   p o t e n t i a l                                 %
%                                                                                                            %
%                                            non-zero net charge                                             %
%                                                                                                            %
%%%%%%%%%%%%%%%%%%%%%%%%%%%%%%%%%%%%%%%%%%%%%%%%%%%%%%%%%%%%%%%%%%%%%%%%%%%%%%%%%%%%%%%%%%%%%%%%%%%%%%%%%%%%%%

particle pair              potential
-------------              ---------
palca+-palca+                default             
palca+-palca-                default             
palca--palca-                default             

atom pair         energy coefficients (ipot and ucoff)
---------         ------------------------------------
ion+-ion+              1  0.177214E+02
ion+-ion-              1 -0.177214E+02
ion--ion-              1  0.177214E+02

number of 1/r coefficients than has been changed/added based on zat =  3

specification of two-body potential tables
------------------------------------------
atom pair          no of grids         iubuflow       rumin     rumax
---------          -----------         --------       -----     -----
ion+-ion+             75                   1          0.032   172.650
ion+-ion-             75                 901          0.032   172.650
ion--ion-             75                1801          0.032   172.650

nbuf (needed, allocated)        =       2701      3000

**************************************************************************************************************
*                                          external potential data                                           *
**************************************************************************************************************

particle type                  =  palca+    
homgeneously charged hard walls at z = +-boxlen(3)/2
surface charge density (C/m**2) = -0.750E-01
long-range correction           =          T
particle type                  =  palca-    
homgeneously charged hard walls at z = +-boxlen(3)/2
surface charge density (C/m**2) = -0.750E-01
long-range correction           =          T

**************************************************************************************************************
*                                         initial configuration data                                         *
**************************************************************************************************************

start configuration from SetConfiguration
-----------------------------------------
part. type    routine          no of unit cells (x,y,z)     lower (x,y,z)      upper (x,y,z)      shift (x,y,z)
----------    -------          ------------------------     -------------      -------------      -------------
 1  palca+    random                  0    0    0        -66.17-66.17-40.00  66.17 66.17 40.00   0.00  0.00  0.00
 2  palca-    random                  0    0    0        -66.17-66.17-40.00  66.17 66.17 40.00   0.00  0.00  0.00

first macrostep                =      1

**************************************************************************************************************
*                                                coordinates                                                 *
**************************************************************************************************************


particle coordinates
--------------------
particle no   particle type       com (x,y,z)              x'-axis (x,y,z)        y'-axis (x,y,z)        z'-axis (x,y,z)
-----------   -------------       -----------              ---------------        ---------------        ---------------
     1        palca+         61.196   33.497   -9.839  -0.319  0.907 -0.274   -0.693 -0.026  0.720    0.647  0.420  0.637
     2        palca+         23.677  -63.099  -10.295   0.071 -0.992 -0.104    0.767  0.121 -0.631    0.638 -0.035  0.769
     3        palca+         10.714  -12.572  -27.697  -0.876 -0.459 -0.147    0.081  0.161 -0.984    0.476 -0.873 -0.104
     4        palca+         20.024   51.274   -6.523   0.383 -0.622 -0.683    0.407 -0.551  0.729   -0.830 -0.557  0.042
     5        palca+        -34.680   53.041   -1.769  -0.704  0.551 -0.449    0.366 -0.260 -0.894   -0.609 -0.793 -0.019
     6        palca+          3.224   45.513   -6.858   0.363  0.200  0.910   -0.677 -0.615  0.405    0.641 -0.763 -0.088
     7        palca+        -10.108  -23.588   34.738   0.536  0.274  0.798    0.841 -0.258 -0.476    0.076  0.926 -0.369
     8        palca+        -58.312  -35.159   36.332  -0.583  0.500 -0.640    0.563 -0.319 -0.762   -0.586 -0.805 -0.095
     9        palca+        -35.214  -26.227  -25.536  -0.472  0.844 -0.253    0.042  0.309  0.950    0.880  0.438 -0.181
    10        palca+        -22.049  -52.088    6.555  -0.148  0.819 -0.555   -0.836  0.196  0.512    0.528  0.540  0.656
    11        palca+         11.851   52.552   14.601  -0.596  0.737 -0.319   -0.358  0.113  0.927    0.719  0.666  0.196
    12        palca+         34.499   52.810   -5.347   0.330 -0.872  0.361    0.937  0.349 -0.013   -0.115  0.342  0.933
    13        palca+        -30.703    3.077   36.460  -0.670  0.708  0.223   -0.110  0.202 -0.973   -0.734 -0.677 -0.058
    14        palca+         56.193   57.596  -10.104  -0.597 -0.210  0.775   -0.723  0.560 -0.405   -0.349 -0.801 -0.486
    15        palca+        -46.201   65.132  -26.370  -0.329  0.934 -0.139    0.237  0.224  0.945    0.914  0.278 -0.295
    16        palca+          9.070   -4.263   28.168  -0.705  0.668  0.237   -0.346 -0.033 -0.938   -0.619 -0.743  0.254
    17        palca+          2.997   19.067  -13.368   0.078  0.888  0.453    0.490  0.362 -0.793   -0.869  0.284 -0.407
    18        palca+        -65.318   19.584   27.709  -0.990  0.074  0.116    0.137  0.436  0.889    0.015  0.897 -0.442
    19        palca+         17.580    6.273  -38.165   0.764 -0.512  0.393    0.646  0.604 -0.467    0.002  0.610  0.792
    20        palca+        -26.234   -2.616  -20.900  -0.854  0.266  0.447    0.508  0.250  0.824    0.107  0.931 -0.348
    21        palca+        -50.761   -3.988  -13.685  -0.252 -0.806  0.535    0.736 -0.519 -0.435    0.628  0.284  0.724
    22        palca+        -28.107   41.683    7.166   0.611  0.646 -0.457   -0.023 -0.563 -0.826   -0.791  0.515 -0.330
    23        palca+        -30.778  -45.642   10.069  -0.979 -0.189  0.072   -0.097  0.128 -0.987    0.177 -0.974 -0.143
    24        palca+         60.775   -2.140    7.955  -0.971  0.232 -0.050   -0.059 -0.029  0.998    0.230  0.972  0.042
    25        palca+        -57.270   40.200   26.963  -0.239 -0.893 -0.382    0.340  0.292 -0.894    0.910 -0.343  0.233
    26        palca+        -15.724  -12.202   36.432  -0.141 -0.824 -0.548    0.047 -0.559  0.828   -0.989  0.091  0.118
    27        palca+         10.424   10.171  -32.533  -0.231 -0.960  0.156    0.158  0.121  0.980   -0.960  0.251  0.124
    28        palca+         37.259  -21.296   18.022   0.378  0.715  0.588   -0.368  0.699 -0.613   -0.849  0.015  0.528
    29        palca+         32.968  -13.855   27.213   0.365  0.673  0.643   -0.731  0.635 -0.250   -0.577 -0.379  0.724
    30        palca+         37.788    3.816  -11.347  -0.864 -0.476 -0.164    0.116  0.129 -0.985    0.490 -0.870 -0.057
    31        palca+         -1.710  -35.749  -16.952   0.290 -0.550  0.783    0.852 -0.223 -0.473    0.435  0.805  0.404
    32        palca+         60.132   -9.153  -20.406  -0.143 -0.718  0.681    0.611  0.478  0.632   -0.779  0.506  0.370
    33        palca+        -22.304  -54.982  -24.770   0.782 -0.234 -0.578    0.586  0.592  0.553    0.214 -0.771  0.600
    34        palca+         46.188   37.525   36.824  -0.700 -0.706 -0.106    0.689 -0.707  0.159   -0.187  0.039  0.982
    35        palca+          1.796    1.886   30.370  -0.580 -0.766  0.278    0.814 -0.556  0.167    0.026  0.323  0.946
    36        palca+        -18.830   16.185   15.920  -0.852  0.474  0.222    0.346  0.193  0.918    0.393  0.859 -0.328
    37        palca+        -33.176   -3.899   -6.677   0.688 -0.111 -0.718   -0.709  0.112 -0.696    0.158  0.988 -0.002
    38        palca+         28.028  -23.067  -33.874  -0.680 -0.688  0.255    0.075 -0.410 -0.909    0.730 -0.599  0.331
    39        palca+        -33.177  -50.621    3.868   0.156  0.700  0.697    0.785 -0.517  0.343    0.600  0.493 -0.630
    40        palca+         12.209   63.339    5.825  -0.046 -0.555  0.830    0.579  0.662  0.475   -0.814  0.503  0.291
    41        palca+        -60.422   63.731   -8.498   0.781  0.623  0.051    0.033  0.041 -0.999   -0.624  0.781  0.012
    42        palca+        -59.985   37.682    8.174  -0.520  0.589 -0.619    0.769  0.638 -0.038    0.372 -0.496 -0.785
    43        palca+         28.672  -46.544  -35.125  -0.838 -0.545  0.033    0.028  0.017  0.999   -0.546  0.838  0.001
    44        palca+         51.179    8.598   22.787  -0.265  0.849  0.458   -0.514  0.277 -0.811   -0.816 -0.450  0.363
    45        palca+        -29.221  -15.688  -32.277   0.974  0.195 -0.118   -0.182  0.354 -0.917   -0.137  0.915  0.381
    46        palca+         35.008   37.026  -28.840  -0.003 -0.332  0.943    0.923 -0.363 -0.125    0.384  0.871  0.308
    47        palca+        -45.286    4.740   -2.194   0.516 -0.670 -0.534    0.325 -0.424  0.845   -0.793 -0.610 -0.002
    48        palca+         40.485   55.968  -15.930   0.648  0.267  0.714    0.313  0.761 -0.569   -0.695  0.592  0.409
    49        palca+         61.975   56.398    6.855  -0.488 -0.823 -0.291    0.237 -0.446  0.863   -0.840  0.352  0.413
    50        palca+        -39.621  -24.787   28.453   0.350 -0.594  0.724    0.764 -0.266 -0.587    0.542  0.759  0.361
    51        palca+        -62.332    0.794    2.240  -0.849  0.391 -0.355    0.485  0.312 -0.817   -0.209 -0.866 -0.454
    52        palca+         56.759  -13.409  -29.654  -0.273 -0.961 -0.050    0.035 -0.062  0.997   -0.961  0.271  0.051
    53        palca+         38.606   13.385   -7.203   0.689 -0.700 -0.186   -0.149  0.115 -0.982    0.709  0.704 -0.025
    54        palca+        -52.580   -1.732  -37.430   0.636  0.168 -0.753    0.714 -0.500  0.490   -0.295 -0.849 -0.438
    55        palca+         -3.717  -22.948   35.612  -0.152 -0.370  0.916   -0.251  0.911  0.326   -0.956 -0.181 -0.232
    56        palca+        -26.161   17.628    1.062   0.659 -0.144 -0.738   -0.285 -0.956 -0.068   -0.696  0.255 -0.671
    57        palca+        -34.126  -37.145   25.251  -0.855 -0.259 -0.450    0.519 -0.393 -0.759    0.020 -0.882  0.470
    58        palca+         -2.288  -12.387   -2.597   0.067  0.071  0.995    0.782 -0.624 -0.008    0.620  0.778 -0.098
    59        palca+         37.460   24.374  -12.568   0.210  0.800 -0.562   -0.491 -0.411 -0.768   -0.846  0.437  0.306
    60        palca+         58.854   62.842    3.730   0.003 -0.582  0.813   -0.919  0.320  0.232   -0.395 -0.748 -0.533
    61        palca+         35.109   41.765   14.432  -0.979 -0.194  0.064    0.137 -0.389  0.911   -0.152  0.901  0.407
    62        palca+         32.291  -54.732   36.122  -0.402  0.726  0.558    0.653  0.654 -0.381   -0.642  0.212 -0.737
    63        palca+        -37.310   19.738  -35.315  -0.151 -0.536  0.831   -0.607 -0.613 -0.506    0.780 -0.580 -0.233
    64        palca+         43.455   55.189  -29.599  -0.240  0.344 -0.908    0.172 -0.906 -0.388   -0.956 -0.249  0.158
    65        palca+        -43.842   10.558  -38.297  -0.878 -0.128 -0.461   -0.450  0.550  0.704    0.163  0.826 -0.540
    66        palca+        -48.861  -23.510  -22.476  -0.466  0.675 -0.573    0.764 -0.020 -0.644   -0.446 -0.738 -0.507
    67        palca+         47.677  -47.864    4.131   0.132 -0.001  0.991   -0.768 -0.632  0.101    0.627 -0.775 -0.084
    68        palca+        -20.355  -37.317  -18.192  -0.301  0.254 -0.919    0.438  0.893  0.104    0.847 -0.371 -0.380
    69        palca+         50.362   61.804   -8.097   0.696 -0.642  0.321   -0.226  0.229  0.947   -0.682 -0.732  0.014
    70        palca+        -42.527  -14.057  -15.107  -0.437 -0.501 -0.747   -0.750 -0.256  0.611   -0.497  0.827 -0.264
    71        palca+         -8.113  -11.542   28.202   0.867  0.259  0.425   -0.375 -0.223  0.900    0.328 -0.940 -0.096
    72        palca+        -64.555   46.187   10.558  -0.067  0.778  0.625    0.825  0.395 -0.404   -0.561  0.489 -0.668
    73        palca+         -8.104  -10.670   31.853   0.248  0.850 -0.464   -0.292  0.523  0.801    0.924 -0.062  0.378
    74        palca+         11.446  -52.455   16.515   0.824  0.329  0.462    0.566 -0.523 -0.638    0.032  0.787 -0.617
    75        palca+        -60.932   62.831  -14.683   0.293  0.956 -0.006    0.007 -0.009 -1.000   -0.956  0.293 -0.009
    76        palca+        -25.726   -2.961    2.692   0.161 -0.310 -0.937   -0.779 -0.623  0.072   -0.606  0.718 -0.342
    77        palca+         26.978  -62.283  -32.534  -0.836 -0.405 -0.370   -0.507  0.314  0.803   -0.209  0.859 -0.468
    78        palca+          9.229   14.992   14.369  -0.439  0.840  0.319    0.137  0.413 -0.900   -0.888 -0.352 -0.296
    79        palca+        -23.114  -27.682   34.872   0.056 -0.560  0.827    0.596 -0.646 -0.477    0.801  0.519  0.297
    80        palca+         49.431   51.969    7.097   0.163  0.787  0.595    0.555  0.425 -0.715   -0.816  0.447 -0.367
    81        palca+        -37.800  -49.682    2.526   0.632 -0.613  0.474   -0.605 -0.772 -0.193    0.484 -0.165 -0.859
    82        palca+        -28.731  -49.316   20.232   0.698 -0.649  0.302    0.433  0.719  0.543   -0.570 -0.249  0.783
    83        palca+         -3.451   37.161   34.584   0.943 -0.320 -0.088    0.051 -0.122  0.991   -0.328 -0.940 -0.098
    84        palca+         13.121    5.611  -22.748   0.415  0.871  0.262   -0.079  0.322 -0.943   -0.906  0.371  0.203
    85        palca+          1.654  -43.465   24.833  -0.725 -0.162  0.670    0.052  0.956  0.287   -0.687  0.243 -0.685
    86        palca+        -40.516   24.214  -24.297  -0.653 -0.662  0.369   -0.329 -0.190 -0.925    0.682 -0.725 -0.094
    87        palca+        -19.381  -34.553   -1.143  -0.193  0.973 -0.125    0.027 -0.122 -0.992   -0.981 -0.195 -0.003
    88        palca+         12.475   38.771   -0.408   0.808 -0.367 -0.461   -0.406  0.220 -0.887    0.428  0.904  0.029
    89        palca+         20.814   47.168  -15.662   0.953 -0.300 -0.042   -0.041  0.010 -0.999    0.300  0.954 -0.003
    90        palca+         20.303   54.982    5.859  -0.663 -0.219 -0.716    0.583  0.449 -0.677    0.469 -0.867 -0.170
    91        palca+        -24.787   59.858  -11.474  -0.243  0.147  0.959    0.803 -0.524  0.284    0.544  0.839  0.009
    92        palca+         17.132  -22.907  -12.683   0.673  0.604 -0.428   -0.706  0.696 -0.128    0.221  0.389  0.894
    93        palca+        -33.670   64.722   27.028   0.948 -0.253 -0.192    0.274  0.346  0.897   -0.161 -0.903  0.398
    94        palca+          5.550   46.158   20.370   0.878 -0.095  0.469    0.478  0.112 -0.871    0.030  0.989  0.144
    95        palca+        -59.468   43.802  -25.399   0.452  0.839  0.303    0.276  0.191 -0.942   -0.848  0.510 -0.145
    96        palca+         57.542    1.885   13.855  -0.367  0.664 -0.652   -0.152 -0.734 -0.662   -0.918 -0.144  0.370
    97        palca+        -23.780   38.341  -19.963  -0.941 -0.316 -0.120   -0.091 -0.105  0.990   -0.326  0.943  0.070
    98        palca+        -25.199  -30.790   23.558  -0.585  0.149  0.797   -0.590  0.595 -0.545   -0.556 -0.789 -0.261
    99        palca+         -8.401  -26.750   19.099  -0.719 -0.656 -0.231    0.490 -0.713  0.501   -0.493  0.247  0.834
   100        palca+         24.182    3.991  -12.663   0.496  0.856  0.148   -0.151  0.253 -0.956   -0.855  0.451  0.254
   101        palca+         56.714   54.968   28.203  -0.883 -0.316 -0.348   -0.246 -0.320  0.915   -0.401  0.893  0.205
   102        palca+        -27.837   -0.056   25.555  -0.435  0.628  0.646    0.552 -0.381  0.742    0.711  0.679 -0.181
   103        palca+        -61.148   20.848  -12.494   0.771 -0.468 -0.432    0.623  0.698  0.353    0.136 -0.541  0.830
   104        palca+         -9.617   29.021   29.290   0.979  0.078  0.190    0.083 -0.996 -0.018    0.188  0.033 -0.982
   105        palca+          9.356   15.946    2.618   0.605  0.318 -0.730    0.793 -0.162  0.587    0.068 -0.934 -0.350
   106        palca+         15.889   48.108  -26.723   0.840 -0.503  0.202    0.195 -0.066 -0.979    0.505  0.862  0.043
   107        palca+        -17.909   18.424  -36.955   0.741  0.311  0.595   -0.617  0.664  0.421   -0.264 -0.680  0.684
   108        palca+        -10.997  -55.828   34.125   0.678  0.316  0.664    0.663  0.129 -0.738   -0.319  0.940 -0.122
   109        palca+         39.156  -20.029    0.395  -0.808 -0.239 -0.539   -0.460 -0.317  0.830   -0.369  0.918  0.146
   110        palca+         56.263   20.148  -37.193   0.331  0.137 -0.934   -0.838  0.497 -0.224    0.433  0.857  0.280
   111        palca+        -31.678  -52.814  -32.256   0.792  0.610  0.010    0.048 -0.078  0.996    0.608 -0.788 -0.091
   112        palca+          6.556   55.705  -24.745   0.844  0.121  0.522    0.487  0.232 -0.842   -0.223  0.965  0.137
   113        palca+         43.717   14.186  -24.286   0.541  0.694  0.476    0.809 -0.583 -0.070    0.229  0.423 -0.877
   114        palca+          5.163   18.830  -16.969   0.845  0.521 -0.119   -0.238  0.169 -0.956   -0.478  0.837  0.267
   115        palca+         65.421  -28.446   -8.563  -0.754 -0.426 -0.501    0.391 -0.903  0.179   -0.529 -0.061  0.847
   116        palca+         48.993   41.539  -11.620  -0.378 -0.899  0.220    0.866 -0.428 -0.259    0.327  0.093  0.941
   117        palca+         64.642   31.114   -7.918  -0.025  0.697 -0.717   -0.051  0.715  0.697    0.998  0.054  0.018
   118        palca+         63.050  -29.488    8.970   0.536 -0.553  0.638   -0.791 -0.066  0.608   -0.294 -0.831 -0.473
   119        palca+        -63.006   54.865   -9.245   0.701  0.711 -0.044    0.210 -0.148  0.966    0.681 -0.687 -0.253
   120        palca+         15.250   61.623  -33.053  -0.734 -0.136 -0.665    0.679 -0.121 -0.724    0.018 -0.983  0.182
   121        palca+         22.808  -41.071   33.066  -0.065 -0.422 -0.904   -0.743  0.626 -0.238    0.666  0.657 -0.354
   122        palca+        -37.673   56.874   12.827  -0.642 -0.720  0.262    0.186  0.184  0.965   -0.743  0.669  0.016
   123        palca+         21.874  -53.010  -18.432   0.744 -0.124 -0.657    0.404  0.866  0.294    0.533 -0.484  0.694
   124        palca+        -56.383   43.412   35.159  -0.497 -0.529 -0.688   -0.807 -0.010  0.591   -0.319  0.849 -0.422
   125        palca+         50.349  -27.433  -25.310  -0.405 -0.355  0.842    0.899 -0.323  0.296    0.167  0.877  0.450
   126        palca+        -58.078   26.428  -13.544   0.932  0.346  0.108   -0.096 -0.052  0.994    0.350 -0.937 -0.015
   127        palca+        -64.816  -51.666    3.885  -0.413  0.598  0.687    0.251 -0.650  0.717    0.875  0.469  0.118
   128        palca+        -30.457  -40.301  -35.835  -0.674 -0.657  0.337    0.472 -0.031  0.881   -0.569  0.753  0.331
   129        palca+        -25.024   19.272  -24.214  -0.446 -0.814 -0.372    0.243 -0.510  0.825   -0.861  0.278  0.425
   130        palca+         21.114  -23.314  -23.675  -0.634  0.566 -0.527    0.764  0.351 -0.542   -0.122 -0.746 -0.655
   131        palca+          9.467  -50.077   27.003  -0.419  0.408  0.811   -0.623  0.520 -0.584   -0.660 -0.750  0.036
   132        palca+         -4.001   46.997   37.424  -0.640 -0.484  0.597   -0.438 -0.408 -0.801    0.631 -0.774  0.049
   133        palca+        -27.770  -34.922  -21.362   0.700  0.022 -0.714   -0.686  0.299 -0.663    0.199  0.954  0.224
   134        palca+        -46.314  -31.232   -9.930  -0.234  0.504 -0.831   -0.170  0.821  0.545    0.957  0.268 -0.106
   135        palca+        -21.354   36.602  -34.337   0.534 -0.667  0.519   -0.225 -0.704 -0.673    0.815  0.243 -0.526
   136        palca+         31.121  -55.785   36.603  -0.252 -0.873  0.417   -0.340 -0.324 -0.883    0.906 -0.365 -0.215
   137        palca+        -30.825   61.795   -5.563  -0.298 -0.773 -0.561    0.526  0.357 -0.772    0.796 -0.525  0.301
   138        palca+        -17.620  -58.612  -22.804  -0.111  0.994 -0.019    0.014 -0.017 -1.000   -0.994 -0.111 -0.012
   139        palca+        -12.873  -32.662  -25.245  -0.326  0.510  0.796    0.610 -0.530  0.589    0.722  0.678 -0.138
   140        palca+         27.384   33.058  -21.181   0.330 -0.697  0.637   -0.395  0.510  0.764   -0.857 -0.504 -0.107
   141        palca+         65.152  -50.062   20.886   0.628 -0.536  0.564   -0.623  0.087  0.777   -0.466 -0.840 -0.280
   142        palca+         32.458   29.803  -17.834   0.618  0.238 -0.750    0.302 -0.952 -0.053   -0.726 -0.194 -0.660
   143        palca+         19.738   44.921  -15.003  -0.727 -0.065  0.683   -0.532 -0.576 -0.621    0.434 -0.815  0.384
   144        palca+        -28.883   14.938  -25.243   0.517 -0.238  0.822   -0.240  0.882  0.406   -0.822 -0.407  0.399
   145        palca+        -42.782   62.463  -22.110   0.145 -0.261  0.954   -0.841 -0.540 -0.020    0.521 -0.800 -0.298
   146        palca+        -42.995   63.342   -5.840   0.649  0.494  0.578   -0.231 -0.596  0.769    0.725 -0.633 -0.273
   147        palca+         52.553  -60.208   16.951  -0.568  0.571 -0.592    0.557  0.797  0.234    0.606 -0.197 -0.771
   148        palca+        -59.952  -13.731   18.605   0.067  0.973  0.223   -0.242 -0.201  0.949    0.968 -0.117  0.222
   149        palca+          6.641  -22.409   15.646   0.464  0.604 -0.648   -0.829  0.555 -0.076    0.314  0.572  0.758
   150        palca+        -59.984   36.797    9.609   0.559 -0.138 -0.818   -0.829 -0.088 -0.552    0.004  0.987 -0.163
   151        palca+        -10.819   40.137   29.114   0.959  0.249  0.132   -0.127 -0.037  0.991    0.252 -0.968 -0.004
   152        palca+         58.765   30.020   -4.727   0.885  0.418  0.203    0.191  0.072 -0.979   -0.424  0.906 -0.017
   153        palca+         -1.977   24.053   24.899  -0.288 -0.824 -0.488    0.933 -0.357  0.051   -0.216 -0.441  0.871
   154        palca+        -63.151   19.785    7.003  -0.764 -0.644 -0.022   -0.061  0.039  0.997   -0.642  0.764 -0.069
   155        palca+        -52.726    3.870   18.727  -0.618 -0.581  0.529    0.479  0.255  0.840   -0.623  0.773  0.121
   156        palca+        -12.111   -6.727   35.138  -0.576 -0.607 -0.547   -0.477  0.794 -0.378    0.663  0.043 -0.747
   157        palca+         52.942   -1.211   20.765   0.366 -0.352 -0.861   -0.088 -0.935  0.345   -0.927 -0.051 -0.373
   158        palca+         35.517   -3.389    4.478   0.618  0.633  0.465    0.693 -0.161 -0.703   -0.370  0.757 -0.538
   159        palca+        -10.236  -64.929  -25.069  -0.471 -0.239 -0.849   -0.853 -0.123  0.508   -0.226  0.963 -0.146
   160        palca+         -2.255  -62.769  -31.559  -0.768 -0.600  0.224   -0.222 -0.080 -0.972    0.601 -0.796 -0.072
   161        palca+         10.679  -22.488    5.900   0.059  0.220 -0.974    0.991 -0.127  0.032   -0.116 -0.967 -0.226
   162        palca+         21.013   31.011  -25.894  -0.263  0.330  0.907    0.900  0.423  0.107   -0.349  0.844 -0.408
   163        palca+          2.153   38.064   39.339   0.784 -0.621 -0.014   -0.053 -0.044 -0.998    0.619  0.783 -0.068
   164        palca+         22.797    5.646  -39.442   0.732  0.606  0.312   -0.274 -0.158  0.949    0.624 -0.780  0.050
   165        palca+          1.130  -51.534   38.250   0.557  0.779 -0.288    0.363  0.083  0.928    0.746 -0.622 -0.237
   166        palca+         45.765  -56.843  -13.682  -0.841  0.249 -0.480    0.442 -0.196 -0.876   -0.312 -0.948  0.055
   167        palca-         42.363   -4.018   -8.413   0.638  0.548  0.541    0.486  0.258 -0.835   -0.597  0.795 -0.102
   168        palca-        -15.196  -24.569   28.491   0.073  0.663 -0.745    0.566  0.588  0.578    0.821 -0.463 -0.333
   169        palca-        -57.497   52.016  -26.647  -0.886  0.098  0.454    0.423  0.573  0.702   -0.191  0.814 -0.548
   170        palca-        -43.973  -37.817    6.942  -0.636 -0.353  0.687    0.443  0.562  0.698   -0.632  0.748 -0.201
   171        palca-        -54.784  -34.122   23.228   0.569  0.640  0.517   -0.460 -0.273  0.845    0.681 -0.719  0.139
   172        palca-         61.566  -20.222    0.304  -0.394  0.406 -0.825   -0.549 -0.824 -0.143   -0.737  0.397  0.547
   173        palca-         -1.884  -58.075   -5.879  -0.861 -0.290 -0.419    0.395  0.139 -0.908    0.322 -0.947 -0.005
   174        palca-         59.979   -2.637  -33.956   0.870 -0.418 -0.261    0.485  0.822  0.298    0.091 -0.386  0.918
   175        palca-         -0.492    9.609   23.554  -0.659 -0.652  0.374   -0.655  0.742  0.140   -0.369 -0.152 -0.917
   176        palca-         53.722  -47.373   12.149   0.210  0.977 -0.035   -0.017 -0.032 -0.999   -0.977  0.211  0.010
   177        palca-        -47.004  -53.250   30.292  -0.988  0.151 -0.036    0.042  0.037 -0.998   -0.150 -0.988 -0.043
   178        palca-        -53.860  -31.867   27.928  -0.410 -0.413 -0.813    0.811  0.243 -0.532    0.417 -0.878  0.236
   179        palca-         49.455   11.318  -30.705  -0.528  0.827  0.194    0.250  0.369 -0.895   -0.812 -0.424 -0.402
   180        palca-        -33.939  -54.815  -24.091   0.776  0.024  0.630    0.429  0.712 -0.556   -0.461  0.702  0.542
   181        palca-         -3.980  -56.562   -5.162  -0.499  0.381 -0.778   -0.725 -0.675  0.134   -0.474  0.631  0.614
   182        palca-        -25.998  -62.150    9.677   0.101  0.343 -0.934    0.329 -0.897 -0.295   -0.939 -0.277 -0.203
   183        palca-        -19.537  -15.967   37.452  -0.677 -0.297  0.673    0.709 -0.014  0.706   -0.200  0.955  0.221
   184        palca-         18.417   61.323  -19.188   0.100  0.770 -0.630    0.648 -0.531 -0.546   -0.755 -0.353 -0.552
   185        palca-        -47.127   27.939   14.086  -0.517  0.846 -0.135   -0.091  0.102  0.991    0.851  0.524  0.024
   186        palca-        -14.596   53.551   12.508  -0.535  0.806  0.254    0.679  0.231  0.696    0.503  0.545 -0.671
   187        palca-        -52.317   19.536    5.342   0.289  0.687  0.666   -0.606 -0.407  0.683    0.741 -0.601  0.299
   188        palca-          9.996   50.218   -0.170  -0.270 -0.719 -0.640    0.556  0.427 -0.714    0.786 -0.549  0.284
   189        palca-        -30.047   44.059  -15.063   0.657 -0.718  0.230    0.202  0.462  0.863   -0.726 -0.521  0.449
   190        palca-         31.153   42.943    7.343  -0.914  0.109  0.390    0.381 -0.094  0.920    0.137  0.990  0.045
   191        palca-        -14.412  -16.913  -32.976   0.819  0.499 -0.284    0.420 -0.183  0.889    0.391 -0.847 -0.359
   192        palca-        -61.625    4.509   38.814   0.594  0.505 -0.626   -0.517  0.836  0.184    0.616  0.214  0.758
   193        palca-        -27.136   63.887  -14.685   0.088  0.693  0.716    0.020 -0.720  0.694    0.996 -0.047 -0.077
   194        palca-        -35.642   43.142   11.804  -0.460 -0.626 -0.630    0.235  0.598 -0.766    0.856 -0.500 -0.129
   195        palca-         -9.540  -23.260    4.655  -0.868  0.138  0.478   -0.085 -0.988  0.131    0.490  0.073  0.869
   196        palca-         54.694  -41.069  -18.122  -0.676 -0.634  0.374    0.251  0.279  0.927   -0.692  0.721 -0.029
   197        palca-         41.758    9.313   30.040   0.915  0.173 -0.365   -0.372  0.007 -0.928   -0.158  0.985  0.071
   198        palca-        -23.525   24.892  -12.061   0.416 -0.796  0.439   -0.234  0.373  0.898   -0.879 -0.476 -0.031
   199        palca-        -23.499  -37.404  -19.018  -0.356  0.675  0.647   -0.395  0.519 -0.758   -0.847 -0.525  0.082
   200        palca-         34.152   -7.442  -27.714   0.811  0.258  0.525   -0.359 -0.489  0.795    0.462 -0.833 -0.304
   201        palca-         -1.315   11.022  -39.053  -0.075 -0.632 -0.771    0.704 -0.581  0.408   -0.707 -0.512  0.488
   202        palca-         46.211  -50.147   -4.385   0.942 -0.231  0.242   -0.327 -0.479  0.814   -0.072 -0.847 -0.527
   203        palca-         59.364    5.309   -7.915  -0.990 -0.030 -0.141   -0.142  0.023  0.990   -0.027  0.999 -0.027
   204        palca-        -63.947   -3.898   10.939   0.204  0.577 -0.791    0.275 -0.809 -0.520   -0.940 -0.111 -0.323
   205        palca-         12.855   -7.069   36.677   0.885 -0.281 -0.371   -0.103 -0.895  0.433   -0.454 -0.345 -0.821
   206        palca-        -12.530   42.816  -30.372  -0.528 -0.285 -0.800   -0.505 -0.651  0.566   -0.682  0.703  0.200
   207        palca-         17.602   61.225   -7.433   0.665  0.739  0.108   -0.267  0.370 -0.890   -0.697  0.563  0.443
   208        palca-         27.724   25.341    0.537  -0.149 -0.603 -0.784   -0.973 -0.051  0.224   -0.175  0.796 -0.579
   209        palca-        -59.317   23.340  -11.278   0.635  0.281 -0.720   -0.732 -0.077 -0.677   -0.245  0.957  0.157
   210        palca-         25.442  -56.531   33.598  -0.641  0.548  0.537    0.465 -0.280  0.840    0.611  0.788 -0.075
   211        palca-        -44.969  -30.087   19.401  -0.237 -0.361 -0.902   -0.710  0.698 -0.093    0.663  0.618 -0.422
   212        palca-        -10.109  -51.830    6.412   0.074  0.971  0.226   -0.819  0.189 -0.542   -0.569 -0.145  0.810
   213        palca-         49.281  -29.818   -7.689  -0.425  0.815  0.395   -0.452  0.186 -0.872   -0.784 -0.549  0.289
   214        palca-         -4.002    6.328   36.615   0.853  0.208  0.479   -0.418 -0.279  0.865    0.313 -0.938 -0.151
   215        palca-        -18.367  -35.285   -1.684  -0.418 -0.569  0.708   -0.420 -0.571 -0.706    0.806 -0.592 -0.000
   216        palca-         15.275  -45.031    1.900  -0.362 -0.812 -0.458    0.371  0.325 -0.870    0.855 -0.485  0.184
