**************************************************************************************************************
**************************************************************************************************************
**                                                                                                          **
**                                                                                                          **
**                                                  Molsim                                                  **
**                                                                                                          **
**                  integrated md/mc/bd simulation program belonging to the molsim package                  **
**                                                                                                          **
**                                       version 6.4.7, Sep 18, 2015                                        **
**                                                                                                          **
**                                                                                                          **
**                                                Per Linse                                                 **
**                                            Physical Chemistry                                            **
**                                         Department of Chemistry                                          **
**                                             Lund University                                              **
**                                               P.O. Box 124                                               **
**                                          S-221 00 Lund, SWEDEN                                           **
**                                                                                                          **
**                                                                                                          **
**                                         with contributions from                                          **
**                                                                                                          **
**                  Anna Akinchina, Fredrik Carlsson, Samuel Edgecombe, Yoshikatsu Hayashi                  **
**          Pascal Hebbeker, Cornelius Hofzumahaus, Niklas Källrot, Björn Linse, Vladimir Lobaskin          **
**               Thomas M. Nymand, Alberto Pais, Jurij Rescic, Stefanie Schneider, Marie Skepö              **
**          Joakim Stenhammar, Anders Wallqvist, Jos van Rijssel, Erik Wernersson, Per-Olof Åstrand         **
**                                                                                                          **
**                                                                                                          **
**************************************************************************************************************
**************************************************************************************************************
 
2016-08-16     11:32:29

**************************************************************************************************************
*                                                                                                            *
*                                            i n p u t   d a t a                                             *
*                                                                                                            *
**************************************************************************************************************


**************************************************************************************************************
*                                            general information                                             *
**************************************************************************************************************


title   : point charged rigid dimers in a slit with sigma=0.033As/m^2 on both walls                 

key data: mode           : simulation
          method         : mc   
          ensemble       : nvt
          boundary cond. : xy 
          start          : setconf 
          txuser         : jurij                                                                           


number of time steps/passes           1  *        10  =         10

temperature                    =     298.150
pressure                       =       0.101
box lengths (x,y,z)            =     132.337     132.337     100.000
volume                         =   0.175E+07

seed of random generator       =     9876543

optional subroutine used
------------------------
   ControlAver
   MainAver
   DistFunc
   Static

parameters controlling the output interval (0 = no)
-------------------------------------------------
   itest              0
   ipart              1
   iatom              1
   iaver           1000
   ishow              1
   iplot              1
   ilist              0

external units
--------------
number        generic name        file name
------        ------------        ---------
   1               fin            FIN       
   2               fout           FOUT      
   3               fcnf           FCNF      

**************************************************************************************************************
*                                                   units                                                    *
**************************************************************************************************************

quantity                unit
--------                ----
length              1.000E-10 m
mass                1.000E-03 kg/mol
temperature         1.000E+00 k
time                1.000E-12 s
energy              1.000E+03 j/mol
heat capacity       1.000E+00 j/mol*k
diff. coeff.        1.000E-09 m**2/s
pressure            1.000E+06 pa
volume              1.000E-30 m**3
linear vel.         1.000E+02 m/s
linear acc.         1.000E+14 m/s**2
force               1.000E+11 n/mol
moment of inertia   1.000E-23 kg*m**2/mol
angle               1.745E-02 rad

**************************************************************************************************************
*                                               particle data                                                *
**************************************************************************************************************

charged atoms enabled

number of particles            =     250
number of atoms                =     500
number of particle types       =       2     (     10 )
number of atom types           =       2     (     10 )

particle       no        atom     no     mass    hard core    no of unit   weak      pK        sigma    epsilon  zatalpha
                                                 radius       charges      charge                              
--------       --        ----     --     ----    ---------    ----------   ------    --        -----    -------  --------
palca+        166
                         ion+     2     23.000    2.000        1.0000        F      0.0000     0.0000    0.0000    0.0000
palca-         84
                         ion-     2     23.000    2.000       -1.0000        F      0.0000     0.0000    0.0000    0.0000

atoms and atom radii are used to examine if particles are inside the box


molecular input frame: palca+    
---------------------- ------

atom               coordinate (x,y,z)
----               ------------------
ion1+        0.00000   0.00000   0.00000
ion2+        0.00000   0.00000  20.00000

principal axis frame: palca+    
--------------------- ------

atom               coordinate (x,y,z)
----               ------------------
ion1+        0.00000   0.00000 -10.00000
ion2+        0.00000   0.00000  10.00000

molecular input frame: palca-    
---------------------- ------

atom               coordinate (x,y,z)
----               ------------------
ion1-        0.00000   0.00000   0.00000
ion2-        0.00000   0.00000  20.00000

principal axis frame: palca-    
--------------------- ------

atom               coordinate (x,y,z)
----               ------------------
ion1-        0.00000   0.00000 -10.00000
ion2-        0.00000   0.00000  10.00000

particle             mass           moment of inertia (x,y,z)        maximal atom-com distance
--------             ----           -------------------------        -------------------------
palca+             46.000       4600.000  4600.000     0.000            10.000
palca-             46.000       4600.000  4600.000     0.000            10.000

**************************************************************************************************************
*                                          two-body potential data                                           *
**************************************************************************************************************

rcut                           =     136.955
utoltab                        =   0.100E-03
ftoltab                        =   0.100E-02
umaxtab                        =   0.200E+06
fmaxtab                        =   0.200E+07

polyatomic energy and force routines

relative permittivity          =   78.400000

system net charge based on zat =    164.    
%%%%%%%%%%%%%%%%%%%%%%%%%%%%%%%%%%%%%%%%%%%%%%%%%%%%%%%%%%%%%%%%%%%%%%%%%%%%%%%%%%%%%%%%%%%%%%%%%%%%%%%%%%%%%%
%                                                                                                            %
%                                w a r n i n g   f r o m   p o t e n t i a l                                 %
%                                                                                                            %
%                                            non-zero net charge                                             %
%                                                                                                            %
%%%%%%%%%%%%%%%%%%%%%%%%%%%%%%%%%%%%%%%%%%%%%%%%%%%%%%%%%%%%%%%%%%%%%%%%%%%%%%%%%%%%%%%%%%%%%%%%%%%%%%%%%%%%%%

particle pair              potential
-------------              ---------
palca+-palca+                default             
palca+-palca-                default             
palca--palca-                default             

atom pair         energy coefficients (ipot and ucoff)
---------         ------------------------------------
ion+-ion+              1  0.177214E+02
ion+-ion-              1 -0.177214E+02
ion--ion-              1  0.177214E+02

number of 1/r coefficients than has been changed/added based on zat =  3

specification of two-body potential tables
------------------------------------------
atom pair          no of grids         iubuflow       rumin     rumax
---------          -----------         --------       -----     -----
ion+-ion+             75                   1          0.032   172.650
ion+-ion-             75                 901          0.032   172.650
ion--ion-             75                1801          0.032   172.650

nbuf (needed, allocated)        =       2701      3000

**************************************************************************************************************
*                                          external potential data                                           *
**************************************************************************************************************

particle type                  =  palca+    
homgeneously charged hard walls at z = +-boxlen(3)/2
surface charge density (C/m**2) = -0.750E-01
long-range correction           =          F
particle type                  =  palca-    
homgeneously charged hard walls at z = +-boxlen(3)/2
surface charge density (C/m**2) = -0.750E-01
long-range correction           =          F

**************************************************************************************************************
*                                         initial configuration data                                         *
**************************************************************************************************************

start configuration from SetConfiguration
-----------------------------------------
part. type    routine          no of unit cells (x,y,z)     lower (x,y,z)      upper (x,y,z)      shift (x,y,z)
----------    -------          ------------------------     -------------      -------------      -------------
 1  palca+    random                  0    0    0        -66.17-66.17-40.00  66.17 66.17 40.00   0.00  0.00  0.00
 2  palca-    random                  0    0    0        -66.17-66.17-40.00  66.17 66.17 40.00   0.00  0.00  0.00

first macrostep                =      1

**************************************************************************************************************
*                                                coordinates                                                 *
**************************************************************************************************************


particle coordinates
--------------------
particle no   particle type       com (x,y,z)              x'-axis (x,y,z)        y'-axis (x,y,z)        z'-axis (x,y,z)
-----------   -------------       -----------              ---------------        ---------------        ---------------
     1        palca+         63.686   -7.144  -14.336   0.373  0.850  0.373   -0.263  0.482 -0.836   -0.890  0.213  0.403
     2        palca+         27.105   16.809   -2.846  -0.025  0.747  0.664   -0.593 -0.546  0.592    0.805 -0.380  0.457
     3        palca+         49.195  -54.208  -10.374  -0.204 -0.492 -0.846    0.772  0.450 -0.448    0.602 -0.745  0.288
     4        palca+         16.488  -59.259  -23.684   0.596 -0.212 -0.774   -0.043 -0.972  0.233   -0.802 -0.106 -0.588
     5        palca+         54.000  -51.327  -33.873  -0.768 -0.483  0.421   -0.341 -0.248 -0.907    0.542 -0.840  0.026
     6        palca+        -64.328   30.215    3.232  -0.861  0.110  0.497    0.495  0.404  0.769   -0.116  0.908 -0.402
     7        palca+        -64.043   32.076  -30.926   0.721  0.559  0.409    0.409  0.132 -0.903   -0.559  0.819 -0.134
     8        palca+        -21.766   45.592   17.963  -0.929 -0.178  0.323    0.300  0.145  0.943   -0.215  0.973 -0.081
     9        palca+        -37.661  -51.822  -16.922  -0.548  0.688 -0.475   -0.649 -0.708 -0.277   -0.527  0.156  0.835
    10        palca+        -38.913   -7.113  -29.533   0.754 -0.143  0.641   -0.589 -0.580  0.563    0.292 -0.802 -0.521
    11        palca+         23.754  -43.171    2.646  -0.893  0.449  0.010   -0.010  0.003 -1.000   -0.449 -0.893  0.002
    12        palca+        -20.450   -7.250  -20.998  -0.156 -0.686 -0.711    0.235 -0.725  0.647   -0.959 -0.066  0.274
    13        palca+         27.187   39.478   32.188  -0.101 -0.661  0.743   -0.501 -0.612 -0.612    0.860 -0.434 -0.269
    14        palca+         14.302   18.440   13.327  -0.138  0.924 -0.356    0.353  0.382  0.854    0.926 -0.008 -0.378
    15        palca+         27.016   30.183    6.811   0.653  0.747 -0.125   -0.628  0.441 -0.642   -0.424  0.497  0.757
    16        palca+         62.402   26.840  -26.100  -0.555  0.622 -0.552   -0.358  0.421  0.834    0.751  0.660 -0.011
    17        palca+        -37.022    8.652   29.924   0.718  0.696 -0.024   -0.175  0.147 -0.974   -0.674  0.703  0.227
    18        palca+          6.268  -41.542    8.681   0.407  0.421 -0.811    0.854  0.142  0.501    0.326 -0.896 -0.301
    19        palca+         53.216   38.218  -22.764   0.869  0.348  0.352    0.490 -0.498 -0.715   -0.073  0.794 -0.603
    20        palca+          6.727   -0.550   37.927  -0.992 -0.115 -0.049    0.044  0.050 -0.998    0.117 -0.992 -0.045
    21        palca+          8.195   34.821  -28.044  -0.502 -0.179 -0.846   -0.189  0.977 -0.095    0.844  0.113 -0.524
    22        palca+        -21.049   57.570   -8.203  -0.365 -0.814  0.452   -0.688 -0.091 -0.720    0.627 -0.574 -0.527
    23        palca+        -52.202   29.041  -11.208   0.762  0.440 -0.476    0.370  0.307  0.877    0.532 -0.844  0.071
    24        palca+        -14.495   24.193  -31.249  -0.799 -0.390  0.458   -0.269 -0.449 -0.852    0.537 -0.804  0.253
    25        palca+          8.285   35.078   12.353   0.063 -0.089  0.994    0.848 -0.520 -0.100    0.526  0.850  0.043
    26        palca+        -25.684   36.347   -2.054  -0.617 -0.743  0.259   -0.078 -0.269 -0.960    0.783 -0.613  0.108
    27        palca+        -50.751   50.758   37.146   0.532 -0.194 -0.824    0.551 -0.659  0.511   -0.643 -0.726 -0.244
    28        palca+         40.701  -47.346   39.240   0.746 -0.628 -0.220   -0.550 -0.396 -0.736    0.375  0.670 -0.641
    29        palca+        -60.295   57.529  -11.618   0.298  0.649 -0.700   -0.663 -0.387 -0.641   -0.687  0.655  0.315
    30        palca+         34.328    8.403  -16.806   0.626  0.733  0.268    0.776 -0.550 -0.308   -0.079  0.401 -0.913
    31        palca+         34.027   20.462   38.768  -0.690  0.410 -0.597   -0.613 -0.770  0.178   -0.386  0.489  0.782
    32        palca+        -47.747   29.462  -32.135  -0.583 -0.322 -0.746    0.686 -0.687 -0.240   -0.435 -0.652  0.621
    33        palca+         40.941   19.266  -25.087   0.822  0.276  0.498    0.564 -0.279 -0.777   -0.075  0.920 -0.385
    34        palca+        -61.075  -43.662  -17.189  -0.737 -0.586 -0.337    0.619 -0.388 -0.683    0.269 -0.712  0.649
    35        palca+         47.577  -13.740  -10.674  -0.272  0.936  0.224   -0.129  0.195 -0.972   -0.954 -0.294  0.068
    36        palca+         24.154  -24.812   27.492   0.783  0.370  0.501    0.610 -0.296 -0.735   -0.124  0.881 -0.457
    37        palca+         26.426  -31.602  -32.385   0.007  0.712  0.703    0.281 -0.676  0.682    0.960  0.192 -0.205
    38        palca+         -7.900   -6.235   32.067   0.836  0.264 -0.481    0.496  0.013  0.868    0.235 -0.964 -0.120
    39        palca+        -33.643   -3.742  -36.311  -0.715  0.179  0.676   -0.495  0.553 -0.670   -0.493 -0.814 -0.307
    40        palca+         36.341   34.459   15.792  -0.993 -0.101 -0.058   -0.052 -0.059  0.997   -0.105  0.993  0.054
    41        palca+          3.629  -46.971  -37.844   0.513  0.604  0.610   -0.122  0.755 -0.644   -0.850  0.256  0.461
    42        palca+        -26.209  -27.730    7.828   0.221  0.290 -0.931    0.886  0.340  0.316    0.408 -0.895 -0.182
    43        palca+         28.852  -32.450   36.725  -0.753 -0.500 -0.427    0.658 -0.563 -0.500    0.009 -0.658  0.753
    44        palca+         30.780   58.862  -31.967  -0.298  0.012 -0.954   -0.898 -0.341  0.277   -0.322  0.940  0.112
    45        palca+        -50.989   21.268   33.405   0.644 -0.714 -0.275    0.283 -0.113  0.953   -0.711 -0.691  0.129
    46        palca+         56.976    5.467   24.565  -0.723  0.685  0.091    0.022  0.155 -0.988   -0.691 -0.712 -0.127
    47        palca+        -50.505  -51.759  -33.495   0.754  0.514  0.410   -0.408 -0.123  0.905    0.515 -0.849  0.117
    48        palca+         49.436   30.996   -1.316  -0.841 -0.474  0.263   -0.296 -0.005 -0.955    0.454 -0.881 -0.136
    49        palca+        -29.956  -40.808   18.631   0.661 -0.224  0.716    0.255  0.965  0.066   -0.705  0.139  0.695
    50        palca+         21.595  -55.058   38.346  -0.252  0.512 -0.821   -0.466  0.680  0.566    0.848  0.525  0.067
    51        palca+        -33.229  -13.561  -13.705   0.762 -0.575 -0.298    0.000  0.461 -0.888    0.648  0.676  0.351
    52        palca+          3.262   64.475  -15.388   0.797 -0.237 -0.556   -0.472  0.331 -0.817    0.378  0.913  0.152
    53        palca+         43.185  -54.077   -7.297  -0.521 -0.853  0.036   -0.001  0.042  0.999   -0.853  0.521 -0.023
    54        palca+         57.139   -0.764   12.565   0.415  0.894 -0.169    0.034 -0.201 -0.979   -0.909  0.400 -0.114
    55        palca+         65.235   10.885  -38.912   0.863 -0.504  0.029    0.067  0.057 -0.996    0.501  0.862  0.083
    56        palca+         13.879   29.566   30.489  -0.171 -0.847 -0.504    0.764 -0.436  0.475   -0.622 -0.304  0.722
    57        palca+         25.018   -2.822  -39.485  -0.131 -0.345  0.929   -0.989  0.107 -0.100   -0.066 -0.932 -0.355
    58        palca+        -64.971   34.739  -38.216  -0.700  0.209  0.683   -0.412  0.663 -0.625   -0.584 -0.719 -0.378
    59        palca+        -10.400   -3.798  -30.742  -0.558  0.484 -0.674    0.306 -0.635 -0.709   -0.771 -0.602  0.206
    60        palca+         16.741  -55.875   18.641   0.632 -0.771 -0.074    0.354  0.373 -0.858    0.689  0.516  0.509
    61        palca+        -30.059   10.040  -11.980  -0.576  0.022  0.817   -0.627 -0.654 -0.424    0.525 -0.757  0.390
    62        palca+         26.417  -34.064   26.757  -0.393 -0.561 -0.728   -0.369 -0.630  0.684   -0.842  0.538  0.041
    63        palca+        -53.196   24.950  -36.921  -0.893 -0.407  0.193    0.006 -0.439 -0.899    0.450 -0.801  0.394
    64        palca+         57.757  -10.223  -22.714   0.574  0.769  0.282   -0.201 -0.202  0.959    0.794 -0.607  0.038
    65        palca+          7.320  -26.752    7.743  -0.778  0.490  0.393   -0.234  0.355 -0.905   -0.583 -0.796 -0.162
    66        palca+          9.557  -60.223   28.087  -0.330 -0.938  0.107   -0.068  0.137  0.988   -0.942  0.319 -0.109
    67        palca+         -7.034   32.903    7.621  -0.260 -0.955 -0.146   -0.124 -0.117  0.985   -0.958  0.274 -0.088
    68        palca+         59.019  -14.282   30.118  -0.681 -0.298 -0.669   -0.041  0.928 -0.371    0.732 -0.225 -0.643
    69        palca+         23.624  -27.533   16.620  -0.143 -0.704 -0.696    0.628  0.479 -0.613    0.765 -0.525  0.374
    70        palca+          6.679   18.976    2.639  -0.236 -0.393 -0.889   -0.770  0.633 -0.075    0.592  0.667 -0.452
    71        palca+        -26.472  -62.846   19.351  -0.585  0.527  0.616   -0.263  0.595 -0.759   -0.767 -0.606 -0.209
    72        palca+         62.492   45.563  -25.193  -0.391  0.782 -0.486    0.421  0.621  0.661    0.819  0.054 -0.572
    73        palca+         -4.688   55.804   10.322  -0.705 -0.691  0.162    0.214 -0.424 -0.880    0.676 -0.586  0.447
    74        palca+         59.748   55.118  -14.319  -0.652 -0.325  0.685   -0.546 -0.426 -0.722    0.526 -0.844  0.101
    75        palca+         -4.036   47.838   -6.060   0.273  0.622 -0.734    0.431  0.603  0.671    0.860 -0.500 -0.103
    76        palca+        -20.872   20.898    5.021  -0.289 -0.442  0.849   -0.296 -0.802 -0.519    0.910 -0.401  0.101
    77        palca+         29.857    9.340  -15.485  -0.439 -0.194 -0.877   -0.500 -0.759  0.418   -0.747  0.622  0.236
    78        palca+        -51.298   30.802   12.484  -0.465  0.083 -0.881   -0.533 -0.821  0.203   -0.707  0.564  0.426
    79        palca+         36.731   20.019    6.256  -0.486 -0.669 -0.562    0.442 -0.743  0.502   -0.754 -0.004  0.657
    80        palca+        -18.095   25.336   -2.371   0.643  0.732  0.225   -0.156 -0.162  0.974    0.750 -0.661  0.010
    81        palca+        -27.298   12.193   14.070  -0.159 -0.605  0.781    0.612 -0.681 -0.403    0.775  0.414  0.478
    82        palca+        -22.466   59.643   39.115  -0.055  0.512 -0.857   -0.531  0.713  0.459    0.846  0.480  0.233
    83        palca+        -18.224   41.476  -12.100   0.534  0.236 -0.812   -0.833  0.314 -0.456    0.147  0.920  0.364
    84        palca+         62.334  -18.542   15.455   0.551  0.759  0.346    0.200  0.283 -0.938   -0.810  0.586  0.005
    85        palca+         57.195   -6.774   21.643   0.275 -0.737 -0.618    0.960  0.246  0.135    0.053 -0.630  0.775
    86        palca+        -51.918    3.328  -31.657  -0.487  0.466 -0.739   -0.139 -0.876 -0.461   -0.862 -0.121  0.491
    87        palca+         20.705   51.920   11.103   0.347  0.590  0.729    0.312  0.660 -0.683   -0.884  0.465  0.045
    88        palca+         13.183  -34.760  -15.661  -0.125 -0.698  0.705    0.711  0.432  0.555   -0.692  0.570  0.443
    89        palca+        -32.376  -54.834   -4.663  -0.429  0.852  0.300    0.332  0.457 -0.825   -0.840 -0.255 -0.479
    90        palca+         33.609  -20.345  -11.348  -0.178 -0.971  0.157    0.002 -0.160 -0.987    0.984 -0.175  0.031
    91        palca+          9.645   39.265   23.305  -0.556  0.812 -0.177   -0.058  0.174  0.983    0.829  0.557 -0.050
    92        palca+         63.736   11.646   -4.410   0.349 -0.818  0.457    0.505  0.575  0.644   -0.790  0.006  0.613
    93        palca+         12.812   29.074   -4.534   0.005  0.692  0.722   -0.212  0.706 -0.675   -0.977 -0.149  0.150
    94        palca+         43.303    9.906   29.362  -0.005 -0.795 -0.607    0.968  0.148 -0.201    0.249 -0.589  0.769
    95        palca+         -9.440  -13.888  -19.423  -0.693  0.640  0.332   -0.231  0.238 -0.943   -0.682 -0.731 -0.017
    96        palca+        -27.301  -34.476  -21.902   0.478 -0.608  0.633    0.427  0.791  0.438   -0.767  0.061  0.638
    97        palca+        -46.380   11.174    6.943   0.685  0.400 -0.609    0.691 -0.622  0.368   -0.231 -0.673 -0.702
    98        palca+          5.416    6.075   -2.613   0.348  0.273  0.897    0.152 -0.960  0.233    0.925  0.055 -0.376
    99        palca+        -23.254  -39.298  -30.531  -0.963 -0.103 -0.249   -0.207 -0.310  0.928   -0.173  0.945  0.277
   100        palca+         20.262   -0.857  -21.498   0.539 -0.457  0.708   -0.593  0.391  0.704   -0.598 -0.799 -0.061
   101        palca+        -34.835  -49.260   29.803   0.668 -0.228  0.708   -0.182  0.873  0.453   -0.721 -0.432  0.542
   102        palca+         54.147  -40.435    2.635   0.534 -0.839 -0.104    0.131 -0.040  0.991   -0.835 -0.543  0.089
   103        palca+        -64.559  -18.484   31.947   0.081  0.072  0.994    0.939  0.329 -0.100   -0.334  0.942 -0.041
   104        palca+         37.030  -11.826   -7.008  -0.544  0.644 -0.538    0.052  0.666  0.745    0.838  0.377 -0.395
   105        palca+         42.785   64.733   33.894   0.973 -0.209 -0.098   -0.064  0.163 -0.984    0.222  0.964  0.146
   106        palca+          6.072  -48.549  -18.356   0.849  0.526 -0.051    0.126 -0.107  0.986    0.513 -0.844 -0.157
   107        palca+         32.026   60.119   -7.202   0.124  0.682 -0.721   -0.039 -0.723 -0.690   -0.992  0.113 -0.063
   108        palca+         18.214  -62.387  -34.271  -0.103 -0.327  0.939   -0.990 -0.060 -0.129    0.099 -0.943 -0.318
   109        palca+        -60.006  -15.533  -18.637   0.976  0.132  0.174   -0.145 -0.205  0.968    0.163 -0.970 -0.181
   110        palca+         60.558  -15.046  -36.165   0.508 -0.492  0.707    0.293 -0.673 -0.679    0.810  0.552 -0.197
   111        palca+        -35.506   33.479   -8.651  -0.563  0.141 -0.815    0.826  0.130 -0.548    0.029 -0.981 -0.189
   112        palca+         64.432  -54.979   18.977  -0.548  0.416 -0.726   -0.658 -0.750  0.067   -0.516  0.515  0.684
   113        palca+        -36.617  -24.294   -2.537  -0.685  0.048  0.727   -0.472  0.731 -0.493   -0.554 -0.681 -0.478
   114        palca+        -38.613  -28.782   -7.985   0.185  0.756  0.628   -0.753 -0.302  0.585    0.632 -0.581  0.514
   115        palca+        -58.094  -43.638  -15.686  -0.307 -0.466 -0.829    0.496 -0.823  0.279   -0.812 -0.326  0.484
   116        palca+        -38.623  -61.456   -8.693   0.655 -0.645 -0.393    0.625  0.755 -0.198    0.425 -0.116  0.898
   117        palca+         52.699  -26.726   25.611   0.155  0.945  0.289   -0.624  0.321 -0.712   -0.766 -0.070  0.640
   118        palca+         28.706  -32.351  -23.289  -0.700 -0.622 -0.351    0.649 -0.759  0.050   -0.298 -0.193  0.935
   119        palca+        -59.280    7.888  -32.638  -0.514  0.735 -0.443   -0.268 -0.627 -0.731   -0.815 -0.257  0.519
   120        palca+         13.041   31.794   -2.813  -0.922 -0.383  0.057    0.075 -0.034  0.997   -0.380  0.923  0.060
   121        palca+         53.386   25.277  -17.723   0.095 -0.811  0.578   -0.531 -0.532 -0.659    0.842 -0.244 -0.481
   122        palca+         42.452  -43.152   32.392   0.944  0.007  0.329    0.321 -0.232 -0.918    0.070  0.973 -0.222
   123        palca+        -62.605  -25.864   15.362   0.753  0.644  0.133    0.541 -0.491 -0.683   -0.375  0.587 -0.718
   124        palca+         -0.639  -54.656   -7.314   0.687  0.181 -0.704    0.707  0.060  0.705    0.170 -0.982 -0.087
   125        palca+        -58.097   48.810   21.528  -0.437 -0.808 -0.394    0.169  0.357 -0.919    0.883 -0.468 -0.019
   126        palca+         44.592   52.427   35.926   0.970  0.237  0.058    0.057  0.012 -0.998   -0.238  0.971 -0.001
   127        palca+         39.403   34.226  -34.417   0.607  0.691 -0.393    0.769 -0.635  0.070   -0.201 -0.345 -0.917
   128        palca+        -37.695   54.835   13.072   0.459  0.194  0.867    0.594  0.658 -0.463   -0.660  0.728  0.187
   129        palca+        -43.264  -39.037  -19.365  -0.880  0.089  0.467    0.470  0.303  0.829   -0.067  0.949 -0.308
   130        palca+        -53.923  -25.041   22.583  -0.167  0.983  0.080    0.920  0.126  0.372    0.355  0.136 -0.925
   131        palca+        -38.824  -25.763  -27.907  -0.674 -0.736  0.066    0.041  0.051  0.998   -0.738  0.675 -0.004
   132        palca+        -56.165  -50.174   14.415   0.106  0.951 -0.290    0.285  0.250  0.925    0.953 -0.181 -0.245
   133        palca+        -56.670  -59.141   13.666  -0.556 -0.175  0.812   -0.506 -0.704 -0.498    0.659 -0.688  0.304
   134        palca+        -58.802  -26.709   30.561  -0.901  0.325 -0.288   -0.387 -0.298  0.872    0.198  0.897  0.395
   135        palca+        -14.081    5.957   31.984  -0.688 -0.500 -0.526    0.071  0.675 -0.735    0.722 -0.543 -0.429
   136        palca+          9.156   36.603   37.089   0.600  0.594  0.535    0.617  0.081 -0.783   -0.508  0.800 -0.318
   137        palca+          7.982   17.364    7.137  -0.846  0.532 -0.042   -0.085 -0.057  0.995    0.527  0.845  0.093
   138        palca+        -44.071  -51.522  -21.744   0.738  0.135  0.661    0.507 -0.758 -0.411    0.445  0.638 -0.628
   139        palca+         -0.492  -56.200   21.846   0.635  0.546  0.547    0.500  0.250 -0.829   -0.589  0.800 -0.114
   140        palca+         -0.340   34.275  -32.627  -0.235 -0.644  0.728   -0.528  0.713  0.460   -0.816 -0.276 -0.508
   141        palca+         -9.693  -28.578   -3.628   0.295 -0.537  0.790    0.557 -0.575 -0.599    0.776  0.617  0.130
   142        palca+        -18.173  -52.093  -30.753  -0.696  0.677 -0.240   -0.717 -0.634  0.290    0.044  0.374  0.926
   143        palca+         26.566    7.983   19.272   0.734  0.126 -0.668    0.502 -0.762  0.408   -0.458 -0.635 -0.622
   144        palca+         22.314  -18.019   37.787   0.445  0.766 -0.464   -0.359 -0.322 -0.876   -0.821  0.556  0.132
   145        palca+         39.837  -55.140   30.604   0.905  0.339 -0.256   -0.246 -0.075 -0.966   -0.347  0.938  0.016
   146        palca+        -21.953   50.092  -19.672   0.620  0.776  0.112   -0.087  0.210 -0.974   -0.779  0.594  0.198
   147        palca+         53.575   58.842    6.400  -0.106  0.674  0.731   -0.371 -0.709  0.599    0.923 -0.208  0.325
   148        palca+        -27.041  -50.112  -15.410  -0.155 -0.200 -0.967   -0.881 -0.415  0.228   -0.447  0.888 -0.112
   149        palca+         26.928   52.727   19.485  -0.457 -0.283  0.843    0.376 -0.921 -0.105    0.806  0.269  0.527
   150        palca+        -61.110   50.936   27.280   0.543 -0.768  0.339   -0.413 -0.596 -0.689    0.731  0.234 -0.641
   151        palca+        -15.677   11.286  -20.865   0.042 -0.917 -0.396    0.182  0.396 -0.900    0.982 -0.034  0.184
   152        palca+         22.122   48.653    0.280  -0.537  0.326  0.778   -0.279  0.802 -0.529   -0.796 -0.501 -0.339
   153        palca+        -46.853   -1.513   13.611  -0.854  0.474 -0.216   -0.465 -0.509  0.724    0.233  0.718  0.655
   154        palca+         47.757    6.370   16.897   0.135  0.545  0.827   -0.605 -0.616  0.505    0.785 -0.569  0.247
   155        palca+        -36.791  -61.540  -36.028  -0.011 -0.814  0.581   -0.444  0.524  0.726   -0.896 -0.250 -0.368
   156        palca+        -11.713  -28.956  -37.260  -0.674  0.055  0.736   -0.267 -0.948 -0.174    0.688 -0.314  0.654
   157        palca+         60.698    0.985   -2.025  -0.482 -0.513 -0.710   -0.355 -0.627  0.694   -0.801  0.586  0.120
   158        palca+        -36.406  -26.748  -29.082  -0.030 -0.246  0.969   -0.684  0.712  0.159   -0.729 -0.658 -0.190
   159        palca+         46.149  -53.574  -23.520  -0.532  0.039 -0.846    0.841  0.145 -0.522    0.103 -0.989 -0.110
   160        palca+        -21.075   27.196   26.040   0.358 -0.460 -0.813   -0.562  0.589 -0.581    0.746  0.665 -0.048
   161        palca+         -1.496   42.822    7.846  -0.920  0.340 -0.195    0.234  0.077 -0.969   -0.315 -0.937 -0.151
   162        palca+         13.080   17.784  -27.270  -0.227 -0.703 -0.674    0.876 -0.451  0.174   -0.426 -0.551  0.718
   163        palca+        -29.506    3.187   27.448   0.297  0.580  0.759   -0.822 -0.250  0.512    0.486 -0.776  0.402
   164        palca+        -60.455  -24.416   -0.709   0.033  0.121  0.992    0.877 -0.479  0.029    0.479  0.869 -0.122
   165        palca+         39.108    2.768   -7.549  -0.610  0.695 -0.379    0.231 -0.302 -0.925   -0.758 -0.652  0.024
   166        palca+         36.982    4.120  -12.011   0.760  0.617  0.204    0.272 -0.017 -0.962   -0.590  0.787 -0.181
   167        palca-        -60.546  -52.875  -37.368  -0.281 -0.955 -0.094    0.010 -0.100  0.995   -0.960  0.278  0.038
   168        palca-         56.799   43.897    7.581  -0.944 -0.062 -0.323    0.326 -0.050 -0.944    0.043 -0.997  0.068
   169        palca-         28.807   19.047  -21.674  -0.556  0.537  0.635   -0.575  0.304 -0.760   -0.601 -0.787  0.140
   170        palca-         -6.725   38.129  -14.337  -0.300  0.753  0.585   -0.340 -0.658  0.672    0.891  0.002  0.453
   171        palca-         -0.808  -31.665  -11.217  -0.575 -0.791 -0.208   -0.703  0.347  0.621   -0.419  0.503 -0.756
   172        palca-        -22.901    0.283  -21.971   0.673 -0.736  0.069   -0.078  0.022  0.997   -0.735 -0.676 -0.043
   173        palca-         30.519   45.165  -20.989  -0.565 -0.568  0.599    0.601  0.215  0.770   -0.566  0.795  0.220
   174        palca-        -22.596   62.279   13.007   0.061  0.137 -0.989    0.507 -0.858 -0.088   -0.860 -0.496 -0.122
   175        palca-        -60.299   -6.477  -21.833   0.829  0.524 -0.195    0.271 -0.071  0.960    0.489 -0.849 -0.200
   176        palca-         15.813  -40.084    5.906  -0.551  0.802 -0.233   -0.238  0.117  0.964    0.800  0.586  0.126
   177        palca-        -46.930   65.074   25.311   0.242 -0.599  0.763    0.794 -0.330 -0.511    0.558  0.729  0.396
   178        palca-         -0.688  -63.332  -38.865  -0.669 -0.438 -0.601   -0.448 -0.408  0.796   -0.594  0.801  0.077
   179        palca-         51.306  -28.951   11.001  -0.689 -0.572 -0.444    0.254 -0.766  0.591   -0.678  0.295  0.673
   180        palca-        -17.724  -42.393  -27.799  -0.689 -0.720  0.083    0.207 -0.086  0.975   -0.694  0.689  0.208
   181        palca-        -30.561   61.373   -5.904  -0.479 -0.247  0.842    0.816  0.227  0.531   -0.322  0.942  0.093
   182        palca-         35.458  -28.571  -15.886   0.850 -0.283  0.445    0.026 -0.821 -0.571    0.527  0.496 -0.690
   183        palca-        -17.069   14.525  -35.846   0.213  0.891 -0.401   -0.667 -0.167 -0.726   -0.714  0.422  0.559
   184        palca-        -16.041   41.465   30.983   0.335  0.539 -0.773   -0.159 -0.776 -0.610   -0.928  0.328 -0.174
   185        palca-         -9.422   16.663   -0.165   0.725  0.006 -0.689   -0.481  0.720 -0.500    0.493  0.694  0.524
   186        palca-         62.299  -47.358   -1.585  -0.142  0.719 -0.681   -0.972 -0.230 -0.039   -0.184  0.656  0.732
   187        palca-         -2.680   -2.433   19.519  -0.589  0.759 -0.277    0.519  0.093 -0.849   -0.619 -0.644 -0.449
   188        palca-         -1.843  -32.298   10.093   0.098  0.068 -0.993    0.865 -0.499  0.051   -0.492 -0.864 -0.108
   189        palca-         -1.181    5.034   12.679   0.453  0.668 -0.590   -0.822  0.570  0.014    0.346  0.479  0.807
   190        palca-        -47.000   -3.361   25.647   0.928  0.033 -0.371   -0.373  0.092 -0.923    0.004  0.995  0.097
   191        palca-         -6.095  -53.150  -16.349   0.750  0.058  0.659   -0.493  0.714  0.497   -0.441 -0.698  0.564
   192        palca-        -35.086  -19.040    6.131   0.724  0.017  0.689   -0.461  0.756  0.466   -0.513 -0.655  0.555
   193        palca-        -21.786  -13.475   37.058   0.852  0.343  0.396    0.274  0.352 -0.895   -0.446  0.871  0.206
   194        palca-        -17.400   56.058   25.126  -0.728 -0.499  0.471    0.676 -0.406  0.615   -0.115  0.766  0.632
   195        palca-         59.076  -24.123    2.132   0.372 -0.762  0.531    0.084 -0.542 -0.836    0.925  0.356 -0.137
   196        palca-          3.077  -26.550   -4.456  -0.029  0.919 -0.392    0.370  0.374  0.850    0.928 -0.121 -0.351
   197        palca-         45.045   -3.185  -11.103  -0.449  0.759  0.472   -0.542 -0.651  0.531    0.710 -0.017  0.703
   198        palca-         -1.162   42.117  -38.604  -0.858 -0.400  0.323    0.234  0.257  0.938   -0.458  0.880 -0.127
   199        palca-        -41.248   30.611  -23.412  -0.676 -0.457  0.578    0.290 -0.886 -0.362    0.678 -0.077  0.731
   200        palca-         64.445   10.106   -4.366   0.568  0.263 -0.780   -0.702  0.650 -0.292    0.430  0.713  0.554
   201        palca-         19.079  -46.866   25.730   0.473 -0.602 -0.643    0.149 -0.665  0.732   -0.868 -0.442 -0.224
   202        palca-        -22.647   30.864  -15.177   0.465  0.265  0.845   -0.629 -0.572  0.526    0.623 -0.776 -0.099
   203        palca-        -60.588  -61.477   24.130   0.919 -0.296  0.261    0.311  0.137 -0.941    0.242  0.945  0.218
   204        palca-        -52.635    9.001   13.337  -0.138  0.505  0.852    0.903 -0.290  0.318    0.408  0.813 -0.416
   205        palca-         19.780  -31.772  -23.803   0.415  0.682  0.602   -0.720 -0.158  0.676    0.556 -0.714  0.425
   206        palca-        -44.838   48.788  -28.266  -0.739 -0.021  0.673    0.632  0.325  0.704   -0.234  0.945 -0.227
   207        palca-         52.530    7.319  -24.560   0.928  0.364  0.085   -0.188  0.258  0.948    0.323 -0.895  0.308
   208        palca-         -2.200  -23.903   -1.926  -0.597  0.529 -0.603    0.679 -0.068 -0.731   -0.428 -0.846 -0.319
   209        palca-        -22.600    4.492  -33.134  -0.240 -0.932 -0.273   -0.432  0.354 -0.829    0.869 -0.081 -0.488
   210        palca-        -42.301   -6.539    2.715   0.606 -0.466  0.645    0.782  0.500 -0.373   -0.148  0.730  0.667
   211        palca-         12.535   23.079  -15.414   0.050  0.759  0.649   -0.105  0.650 -0.752   -0.993 -0.031  0.112
   212        palca-         -4.315   25.009  -14.885   0.605 -0.540 -0.585   -0.657  0.075 -0.750    0.449  0.838 -0.309
   213        palca-         -0.588  -20.980   -6.594  -0.785 -0.176 -0.593   -0.517 -0.339  0.786   -0.340  0.924  0.175
   214        palca-         26.931  -21.505   33.833   0.100 -0.295  0.950    0.851  0.520  0.072   -0.515  0.802  0.303
   215        palca-         57.915   33.909  -31.964  -0.877 -0.286  0.386    0.427 -0.096  0.899   -0.220  0.954  0.206
   216        palca-        -17.013    7.323    9.727  -0.621 -0.313  0.719   -0.186 -0.832 -0.523    0.762 -0.458  0.458
