**************************************************************************************************************
**************************************************************************************************************
**                                                                                                          **
**                                                                                                          **
**                                                  Molsim                                                  **
**                                                                                                          **
**                  integrated md/mc/bd simulation program belonging to the molsim package                  **
**                                                                                                          **
**                                          version 6.4.7, v2.1.2                                           **
**                                                                                                          **
**                                                                                                          **
**                                                Per Linse                                                 **
**                                            Physical Chemistry                                            **
**                                         Department of Chemistry                                          **
**                                             Lund University                                              **
**                                               P.O. Box 124                                               **
**                                          S-221 00 Lund, SWEDEN                                           **
**                                                                                                          **
**                                                                                                          **
**                                         with contributions from                                          **
**                                                                                                          **
**                  Anna Akinchina, Fredrik Carlsson, Samuel Edgecombe, Yoshikatsu Hayashi                  **
**          Pascal Hebbeker, Cornelius Hofzumahaus, Niklas Källrot, Björn Linse, Vladimir Lobaskin          **
**               Thomas M. Nymand, Alberto Pais, Jurij Rescic, Stefanie Schneider, Marie Skepö              **
**          Joakim Stenhammar, Anders Wallqvist, Jos van Rijssel, Erik Wernersson, Per-Olof Åstrand         **
**                                                                                                          **
**                                                                                                          **
**************************************************************************************************************
**************************************************************************************************************
 
2017-01-17     13:28:54

**************************************************************************************************************
*                                                                                                            *
*                                            i n p u t   d a t a                                             *
*                                                                                                            *
**************************************************************************************************************


**************************************************************************************************************
*                                            general information                                             *
**************************************************************************************************************


title   : 2*(60:1) hs system, pmf                                                                   

key data: mode           : simulation
          method         : mc   
          ensemble       : nvt
          boundary cond. : cyl
          start          : setconf 


number of time steps/passes           2  *        10  =         20

temperature                    =     298.000
pressure                       =       0.101
cylindrical cell radius        =      80.000
cylindrical cell length        =     398.000
volume                         =   0.800E+07

seed of random generator       =     9876543

optional subroutine used
------------------------
   ControlAver
   MainAver
   Static

parameters controlling the output interval (0 = no)
-------------------------------------------------
   itest              0
   ipart              1
   iatom              0
   iaver            100
   ishow              1
   iplot              1
   ilist              1

external units
--------------
number        generic name        file name
------        ------------        ---------
   1               fin            FIN       
   2               fout           FOUT      
   3               fcnf           FCNF      
   8               flist          FLIST     

**************************************************************************************************************
*                                                   units                                                    *
**************************************************************************************************************

quantity                unit
--------                ----
length              1.000E-10 m
mass                1.000E-03 kg/mol
temperature         1.000E+00 k
time                1.000E-12 s
energy              1.000E+03 j/mol
heat capacity       1.000E+00 j/mol*k
diff. coeff.        1.000E-09 m**2/s
pressure            1.000E+06 pa
volume              1.000E-30 m**3
linear vel.         1.000E+02 m/s
linear acc.         1.000E+14 m/s**2
force               1.000E+11 n/mol
moment of inertia   1.000E-23 kg*m**2/mol
angle               1.745E-02 rad

**************************************************************************************************************
*                                               particle data                                                *
**************************************************************************************************************

charged atoms enabled

number of particles            =     122
number of atoms                =     122
number of particle types       =       2     (     10 )
number of atom types           =       2     (     10 )

particle       no        atom     no     mass    hard core    no of unit   weak      pK        sigma    epsilon  zatalpha
                                                 radius       charges      charge                              
--------       --        ----     --     ----    ---------    ----------   ------    --        -----    -------  --------
macroion        2
                         macroi   1    230.000   20.000      -60.0000        F      0.0000     0.0000    0.0000    0.0000
ion1          120
                         ion1     1     23.000    2.000        1.0000        F      0.0000     0.0000    0.0000    0.0000

molecular input frame: macroion  
---------------------- --------

atom               coordinate (x,y,z)
----               ------------------
os           0.00000   0.00000   0.00000

principal axis frame: macroion  
--------------------- --------

atom               coordinate (x,y,z)
----               ------------------
os           0.00000   0.00000   0.00000

molecular input frame: ion1      
---------------------- ----

atom               coordinate (x,y,z)
----               ------------------
na           0.00000   0.00000   0.00000

principal axis frame: ion1      
--------------------- ----

atom               coordinate (x,y,z)
----               ------------------
na           0.00000   0.00000   0.00000

particle             mass           moment of inertia (x,y,z)        maximal atom-com distance
--------             ----           -------------------------        -------------------------
macroion          230.000          0.000     0.000     0.000             0.000
ion1               23.000          0.000     0.000     0.000             0.000

**************************************************************************************************************
*                                          two-body potential data                                           *
**************************************************************************************************************

rcut                           =     428.957
utoltab                        =   0.100E-03
ftoltab                        =   0.100E-02
umaxtab                        =   0.200E+06
fmaxtab                        =   0.200E+07

monoatomic energy and force routines

relative permittivity          =   78.402600

system net charge based on zat =    0.00    

particle pair              potential
-------------              ---------
macroion-macroion            default             
macroion-ion1                default             
ion1-ion1                    default             

atom pair         energy coefficients (ipot and ucoff)
---------         ------------------------------------
macroion-macroion      1  0.637948E+05
macroion-ion1          1 -0.106325E+04
ion1-ion1              1  0.177208E+02

number of 1/r coefficients than has been changed/added based on zat =  3

specification of two-body potential tables
------------------------------------------
atom pair          no of grids         iubuflow       rumin     rumax
---------          -----------         --------       -----     -----
macroion-macro       156                   1          0.314   471.853
macroion-ion1        170                1873          0.032   471.853
ion1-ion1             78                3913          0.032   471.853

nbuf (needed, allocated)        =       4849      9000

**************************************************************************************************************
*                                         initial configuration data                                         *
**************************************************************************************************************

start configuration from SetConfiguration
-----------------------------------------
part. type    routine          no of unit cells (x,y,z)     lower (x,y,z)      upper (x,y,z)      shift (x,y,z)
----------    -------          ------------------------     -------------      -------------      -------------
 1  macroion  pclattice               1    1    2         -80.0 -80.0 -45.0   80.0  80.0  45.0    0.5   0.5   0.5
 2  ion1      random                  0    0    0         -80.0 -80.0-199.0   80.0  80.0 199.0    0.0   0.0   0.0

first macrostep                =      1

**************************************************************************************************************
*                                                coordinates                                                 *
**************************************************************************************************************


particle coordinates
--------------------
particle no   particle type       com (x,y,z)              x'-axis (x,y,z)        y'-axis (x,y,z)        z'-axis (x,y,z)
-----------   -------------       -----------              ---------------        ---------------        ---------------
     1        macroion        0.000    0.000  -22.500   1.000  0.000  0.000    0.000  1.000  0.000    0.000  0.000  1.000
     2        macroion        0.000    0.000   22.500   1.000  0.000  0.000    0.000  1.000  0.000    0.000  0.000  1.000
     3        ion1           77.777   -8.724  -71.319   0.373  0.850  0.373   -0.263  0.482 -0.836   -0.890  0.213  0.403
     4        ion1           33.101   20.528  -14.157  -0.025  0.747  0.664   -0.593 -0.546  0.592    0.805 -0.380  0.457
     5        ion1          -20.957  -17.458 -103.568  -0.651  0.656  0.382    0.115 -0.413  0.904    0.750  0.632  0.193
     6        ion1          -47.847   40.867  -35.792  -0.964 -0.012 -0.266    0.261 -0.248 -0.933   -0.055 -0.969  0.242
     7        ion1          -30.701   26.761 -140.842  -0.432 -0.816  0.383    0.041 -0.443 -0.896    0.901 -0.371  0.225
     8        ion1            8.994   40.543  143.194   0.476 -0.786  0.394   -0.263  0.300  0.917   -0.839 -0.540 -0.063
     9        ion1           55.352   40.443  126.779   0.259 -0.416  0.872    0.513 -0.706 -0.489    0.819  0.574  0.030
    10        ion1           -9.577   17.379  148.188   0.348 -0.551 -0.758   -0.842 -0.540  0.006   -0.413  0.636 -0.652
    11        ion1           27.509  -18.981 -165.388  -0.835 -0.541 -0.099   -0.230  0.180  0.956   -0.500  0.821 -0.275
    12        ion1           -8.839   39.781 -124.751  -0.638  0.371 -0.675    0.061 -0.849 -0.525   -0.767 -0.376  0.519
    13        ion1           37.178    0.832 -145.804   0.577 -0.770 -0.273   -0.656 -0.237 -0.717    0.487  0.592 -0.642
    14        ion1            9.556  -29.488   81.765   0.591  0.797 -0.121   -0.340  0.382  0.859    0.731 -0.467  0.497
    15        ion1          -30.755  -37.575   43.013   0.610  0.730 -0.308    0.660 -0.254  0.707    0.438 -0.635 -0.637
    16        ion1           32.993   36.860   33.884   0.653  0.747 -0.125   -0.628  0.441 -0.642   -0.424  0.497  0.757
    17        ion1          -52.727  -56.469  155.841  -0.661 -0.486  0.572   -0.712  0.166 -0.682    0.236 -0.858 -0.456
    18        ion1           60.453   26.100   62.335  -0.009 -0.766  0.643    0.097 -0.641 -0.762    0.995  0.056  0.080
    19        ion1           17.537   34.147   86.964  -0.884  0.461  0.076    0.136  0.098  0.986    0.447  0.882 -0.150
    20        ion1          -45.987   47.652   47.005   0.233  0.682 -0.694    0.966 -0.079  0.246    0.113 -0.727 -0.677
    21        ion1           -6.316   -2.704   46.785   0.448  0.205  0.870   -0.740 -0.461  0.490    0.501 -0.863 -0.055
    22        ion1          -12.595  -59.517  -34.059   0.690 -0.249  0.680   -0.624 -0.679  0.386    0.366 -0.691 -0.624
    23        ion1          -40.200   22.307  -66.401  -0.049 -0.873  0.486   -0.153  0.487  0.860   -0.987 -0.032 -0.157
    24        ion1           41.671  -45.063   63.318   0.527 -0.437  0.729   -0.764 -0.619  0.182    0.372 -0.653 -0.660
    25        ion1          -24.933   29.290  -45.415  -0.572  0.189  0.798    0.820  0.155  0.551   -0.020  0.970 -0.243
    26        ion1           -6.709   75.034   71.884  -0.313 -0.548  0.776   -0.068 -0.802 -0.594    0.947 -0.238  0.213
    27        ion1          -59.107   20.587  -28.394  -0.412 -0.644  0.644    0.743  0.172  0.647   -0.528  0.745  0.408
    28        ion1           -6.327  -26.882   75.139  -0.432  0.588 -0.684    0.731  0.672  0.116    0.528 -0.450 -0.720
    29        ion1          -61.318  -21.456 -104.223  -0.287 -0.693  0.661   -0.622  0.660  0.422   -0.728 -0.290 -0.620
    30        ion1           41.923   10.262  -83.610   0.626  0.733  0.268    0.776 -0.550 -0.308   -0.079  0.401 -0.913
    31        ion1           41.556   24.989  192.871  -0.690  0.410 -0.597   -0.613 -0.770  0.178   -0.386  0.489  0.782
    32        ion1          -58.311   35.980 -159.873  -0.583 -0.322 -0.746    0.686 -0.687 -0.240   -0.435 -0.652  0.621
    33        ion1           50.000   23.529 -124.807   0.822  0.276  0.498    0.564 -0.279 -0.777   -0.075  0.920 -0.385
    34        ion1          -34.724  -53.004 -103.683  -0.333  0.799 -0.500    0.652 -0.188 -0.735   -0.681 -0.570 -0.459
    35        ion1          -21.564  -14.816  125.431   0.140 -0.546  0.826    0.600 -0.617 -0.509    0.787  0.567  0.242
    36        ion1           55.540   37.249   43.356   0.273  0.866 -0.419    0.418 -0.499 -0.759   -0.867  0.032 -0.498
    37        ion1          -65.424    0.670  163.060   0.623  0.300 -0.722   -0.573 -0.453 -0.683   -0.532  0.840 -0.110
    38        ion1           16.309  -29.757   36.642   0.009 -0.994 -0.111   -0.109 -0.111  0.988   -0.994  0.003 -0.109
    39        ion1           18.693   70.602 -167.717   0.779  0.455  0.431    0.569 -0.801 -0.185    0.261  0.390 -0.883
    40        ion1           -4.585   -2.628  -98.763  -0.620  0.060 -0.782   -0.729  0.322  0.603    0.289  0.945 -0.156
    41        ion1           39.776   40.221  -30.800   0.857 -0.354 -0.375    0.500  0.394  0.771   -0.126 -0.848  0.514
    42        ion1           16.328  -52.434   35.834   0.105  0.661 -0.743    0.716 -0.569 -0.405   -0.690 -0.490 -0.533
    43        ion1          -39.129  -33.424  177.761  -0.606  0.369  0.705   -0.786 -0.140 -0.602   -0.123 -0.919  0.375
    44        ion1            0.455  -36.831  -42.472  -0.097 -0.919  0.383    0.475  0.296  0.829   -0.875  0.262  0.407
    45        ion1          -46.618  -17.987  196.699  -0.414  0.906  0.087    0.064 -0.066  0.996    0.908  0.418 -0.030
    46        ion1           49.203    6.525   20.706   0.549 -0.584 -0.598   -0.411  0.435 -0.801    0.728  0.686 -0.002
    47        ion1           48.718   38.874 -186.004  -0.305  0.807  0.506   -0.022 -0.537  0.843    0.952  0.246  0.182
    48        ion1          -36.023   19.977 -159.034  -0.017 -0.592 -0.806    0.425  0.725 -0.541    0.905 -0.352  0.239
    49        ion1          -21.718   69.503   48.949   0.721  0.253 -0.645    0.692 -0.203  0.693    0.044 -0.946 -0.321
    50        ion1          -40.580  -16.562  -68.183   0.762 -0.575 -0.298    0.000  0.461 -0.888    0.648  0.676  0.351
    51        ion1            3.983   78.740  -76.554   0.797 -0.237 -0.556   -0.472  0.331 -0.817    0.378  0.913  0.152
    52        ion1          -14.741  -20.948  -84.403   0.019 -0.016  1.000    0.755  0.656 -0.003   -0.656  0.754  0.024
    53        ion1           10.586   58.806 -151.397  -0.511 -0.807 -0.297    0.511 -0.007 -0.860    0.692 -0.591  0.416
    54        ion1           25.384   30.817  163.563  -0.205  0.163 -0.965    0.971  0.162 -0.178    0.127 -0.973 -0.192
    55        ion1          -28.535    1.626  185.153   0.851  0.223  0.475    0.508 -0.121 -0.853   -0.133  0.967 -0.217
    56        ion1           47.749  -27.260   75.242  -0.043 -0.993 -0.107   -0.040  0.108 -0.993    0.998 -0.038 -0.045
    57        ion1          -52.415    5.694 -195.399   0.392 -0.714 -0.580    0.210  0.683 -0.699    0.896  0.153  0.418
    58        ion1          -14.191   22.847   45.995  -0.242 -0.906 -0.349    0.445 -0.423  0.790   -0.862  0.036  0.505
    59        ion1            4.782  -37.696  -31.278  -0.063 -0.849 -0.524    0.365 -0.509  0.780   -0.929 -0.142  0.342
    60        ion1           20.445  -68.237   92.739   0.632 -0.771 -0.074    0.354  0.373 -0.858    0.689  0.516  0.509
    61        ion1          -36.710   12.262  -59.599  -0.576  0.022  0.817   -0.627 -0.654 -0.424    0.525 -0.757  0.390
    62        ion1           32.262  -41.600  133.114  -0.393 -0.561 -0.728   -0.369 -0.630  0.684   -0.842  0.538  0.041
    63        ion1          -64.965   30.470 -183.682  -0.893 -0.407  0.193    0.006 -0.439 -0.899    0.450 -0.801  0.394
    64        ion1           70.536  -12.485 -113.004   0.574  0.769  0.282   -0.201 -0.202  0.959    0.794 -0.607  0.038
    65        ion1            8.939  -32.671   38.521  -0.778  0.490  0.393   -0.234  0.355 -0.905   -0.583 -0.796 -0.162
    66        ion1           11.672  -73.547  139.730  -0.330 -0.938  0.107   -0.068  0.137  0.988   -0.942  0.319 -0.109
    67        ion1           -8.591   40.182   37.912  -0.260 -0.955 -0.146   -0.124 -0.117  0.985   -0.958  0.274 -0.088
    68        ion1           72.077  -17.441  149.837  -0.681 -0.298 -0.669   -0.041  0.928 -0.371    0.732 -0.225 -0.643
    69        ion1           28.851  -33.625   82.687  -0.143 -0.704 -0.696    0.628  0.479 -0.613    0.765 -0.525  0.374
    70        ion1            8.157   23.174   13.127  -0.236 -0.393 -0.889   -0.770  0.633 -0.075    0.592  0.667 -0.452
    71        ion1           39.094  -60.816  135.089   0.653 -0.306  0.692    0.722  0.527 -0.449   -0.227  0.793  0.565
    72        ion1          -50.895  -32.161  158.366  -0.631  0.435  0.643   -0.067  0.795 -0.603   -0.773 -0.423 -0.472
    73        ion1           20.852  -74.141 -178.846   0.558  0.374 -0.741    0.548  0.505  0.667    0.624 -0.778  0.077
    74        ion1          -28.926  -58.026  -71.143   0.649 -0.599 -0.468   -0.049  0.581 -0.812    0.759  0.550  0.348
    75        ion1          -12.242   23.665  132.522  -0.694  0.419  0.586   -0.422  0.423 -0.802   -0.583 -0.804 -0.117
    76        ion1           10.143  -22.838  -86.107   0.756 -0.227 -0.614    0.653  0.204  0.729   -0.040 -0.952  0.302
    77        ion1          -31.282  -32.554  -35.525  -0.712 -0.386 -0.587   -0.702  0.421  0.574    0.025  0.820 -0.571
    78        ion1           25.220  -41.753   18.431  -0.906 -0.230 -0.354    0.320  0.174 -0.931    0.276 -0.957 -0.084
    79        ion1           12.638  -47.953 -162.373  -0.539  0.431 -0.724   -0.428  0.600  0.676    0.725  0.674 -0.139
    80        ion1           -4.790   70.074  196.683   0.465 -0.613 -0.639   -0.628  0.280 -0.726    0.624  0.738 -0.254
    81        ion1           28.425   -7.690  -72.175   0.335  0.630 -0.700   -0.292  0.776  0.558    0.896  0.018  0.444
    82        ion1           79.020   -2.515   58.092  -0.878 -0.286  0.384   -0.457  0.255 -0.852    0.146 -0.924 -0.355
    83        ion1           26.861  -52.911   47.150   0.043 -0.402  0.915   -0.439  0.815  0.379   -0.897 -0.418 -0.141
    84        ion1           20.057  -68.919 -142.522   0.265  0.924 -0.275    0.184  0.231  0.955    0.947 -0.303 -0.109
    85        ion1           53.978   24.629  103.835   0.648  0.756 -0.090    0.092  0.039  0.995    0.756 -0.653 -0.045
    86        ion1          -49.324  -41.350  188.698   0.295 -0.953  0.061   -0.639 -0.245 -0.729    0.710  0.176 -0.682
    87        ion1           23.450  -37.188  -14.481  -0.476  0.326  0.817    0.712  0.688  0.141   -0.516  0.649 -0.559
    88        ion1           36.852   45.533   35.740   0.560  0.294 -0.775   -0.717 -0.297 -0.631   -0.416  0.908  0.044
    89        ion1          -39.539  -66.966  -23.198  -0.429  0.852  0.300    0.332  0.457 -0.825   -0.840 -0.255 -0.479
    90        ion1           41.045  -24.846  -56.458  -0.178 -0.971  0.157    0.002 -0.160 -0.987    0.984 -0.175  0.031
    91        ion1           11.779   47.952  115.944  -0.556  0.812 -0.177   -0.058  0.174  0.983    0.829  0.557 -0.050
    92        ion1           77.838   14.222  -21.941   0.349 -0.818  0.457    0.505  0.575  0.644   -0.790  0.006  0.613
    93        ion1           15.647   35.506  -22.558   0.005  0.692  0.722   -0.212  0.706 -0.675   -0.977 -0.149  0.150
    94        ion1           52.883   12.098  146.077  -0.005 -0.795 -0.607    0.968  0.148 -0.201    0.249 -0.589  0.769
    95        ion1          -11.528  -16.960  -96.629  -0.693  0.640  0.332   -0.231  0.238 -0.943   -0.682 -0.731 -0.017
    96        ion1           45.351  -44.592 -160.893   0.189 -0.610 -0.770   -0.612  0.540 -0.578    0.768  0.580 -0.271
    97        ion1          -49.677   51.711   77.627   0.708 -0.686  0.165    0.093  0.323  0.942   -0.700 -0.652  0.292
    98        ion1           28.482  -43.330  177.981  -0.989  0.101  0.113   -0.072  0.339 -0.938   -0.133 -0.935 -0.328
    99        ion1           19.379   63.704   29.013  -0.801 -0.305 -0.515   -0.397 -0.373  0.838   -0.448  0.876  0.178
   100        ion1          -37.226   24.527    9.166   0.922 -0.181  0.341    0.381  0.276 -0.883    0.065  0.944  0.323
   101        ion1           40.235   58.091 -104.766  -0.537  0.537  0.651   -0.213  0.660 -0.721   -0.816 -0.525 -0.240
   102        ion1          -11.593   55.562  162.847  -0.772  0.083  0.630   -0.635 -0.079 -0.768   -0.014 -0.993  0.114
   103        ion1           64.539    5.152   11.277   0.751  0.623  0.218    0.365 -0.116 -0.924   -0.550  0.773 -0.315
   104        ion1          -14.157  -65.042  189.762  -0.738  0.052  0.673    0.485  0.734  0.475   -0.469  0.677 -0.567
   105        ion1          -16.322   -7.670  -51.182   0.663  0.093 -0.743   -0.434  0.856 -0.280    0.610  0.508  0.608
   106        ion1           45.244   -4.403  129.635  -0.729  0.442  0.522    0.651  0.213  0.729    0.211  0.871 -0.443
   107        ion1           33.804  -33.631 -166.951  -0.444  0.421  0.791   -0.665  0.437 -0.606   -0.601 -0.795  0.087
   108        ion1           52.660  -55.687   -8.558  -0.630  0.218 -0.745   -0.773 -0.083  0.629    0.075  0.973  0.220
   109        ion1          -23.637   67.847 -158.936  -0.051 -0.967 -0.250   -0.121  0.255 -0.959    0.991 -0.019 -0.130
   110        ion1           10.713   14.140 -122.819  -0.678  0.713 -0.177   -0.183  0.070  0.981    0.712  0.697  0.083
   111        ion1          -27.239   39.109   80.987  -0.785 -0.451  0.425   -0.192 -0.475 -0.859    0.589 -0.756  0.286
   112        ion1           10.807  -62.577  116.613   0.072  0.759 -0.647    0.404 -0.616 -0.677   -0.912 -0.213 -0.350
   113        ion1          -31.610  -35.987 -110.125  -0.426 -0.074 -0.902    0.065  0.992 -0.112    0.902 -0.106 -0.418
   114        ion1          -37.890   58.608 -116.127  -0.826 -0.379  0.417    0.330  0.274  0.903   -0.457  0.884 -0.101
   115        ion1          -14.124   -5.664 -174.717  -0.799 -0.475 -0.368   -0.204 -0.362  0.910   -0.566  0.802  0.193
   116        ion1           28.303  -46.948 -116.158  -0.857 -0.201  0.475   -0.422 -0.257 -0.870    0.296 -0.945  0.136
   117        ion1           29.253   35.362  158.490  -0.531  0.842  0.100    0.342  0.105  0.934    0.776  0.530 -0.343
   118        ion1          -40.160   20.620   86.332  -0.452 -0.538 -0.711   -0.639 -0.361  0.679   -0.622  0.762 -0.181
   119        ion1          -72.396    9.633 -162.373  -0.514  0.735 -0.443   -0.268 -0.627 -0.731   -0.815 -0.257  0.519
   120        ion1           15.926   38.829  -13.996  -0.922 -0.383  0.057    0.075 -0.034  0.997   -0.380  0.923  0.060
   121        ion1           65.197   30.870  -88.174   0.095 -0.811  0.578   -0.531 -0.532 -0.659    0.842 -0.244 -0.481
   122        ion1           51.845  -52.699  161.150   0.944  0.007  0.329    0.321 -0.232 -0.918    0.070  0.973 -0.222

**************************************************************************************************************
*                                                  mc data                                                   *
**************************************************************************************************************

uniform sampling, sequence
cubic displacement volume

single-particle move                   macroion       ion1      
-------------------                    ----------     ----------
probability                    =       1.000          1.000
tran. displacement parameter   =           10.000         20.000
rot. displacement parameter    =            0.000          0.000
 cluster1 move                 =                T              F
 fixed xy-coordinates         =                 T              F
 z_com = 0 if possible        =                 T              F


 radius of primary cluster     =      25.000          0.000
 particle selection prob.      =            1.000          0.000
apply weighting function based on the position of two particles

**************************************************************************************************************
*                                                  MCWeight                                                  *
**************************************************************************************************************

 weighting function is applied on the separation between two particles
note!!! at this stage averages are not generally reweighted

partice 1                      =           1
partice 2                      =           2
exponential weighting function (acoeffmcw(0)*exp(-acoeffmcw(1)*(r-acoeffmcw(2))))
coefficients                   =   -95.000     0.37000E-01  40.000    

**************************************************************************************************************
*                                               neighbour list                                               *
**************************************************************************************************************

verlet list
automatic control of update frequency
layer thickness                =       200.000
factor used to calculate nneigh=         2.000
maximal number of neighbours   =          2000

**************************************************************************************************************
*                                          thermodynamic quantities                                          *
**************************************************************************************************************

quantity                            initial value
&-------                            -------------
total potential energy         =         -1.78187
 total two-body energy         =         -1.78187
  macroion-macroion            =         11.62018
  macroion-ion1                =        -22.43381
  ion1-ion1                    =          9.03177
enthalpy                       =          0.10129
temperature                    =        298.00000
pressure (excl. cont. contr.)  =          0.04767
number of particles            =        122.00000
volume                         =      8.00226E+06

total potential energy (NkT)   =         -0.71916
pressure (NkT/V)(excl. contact)=          0.76004
pressure (kT) (excl. contact)  =      1.15873E-05
 
total cpu time since start (s)        0.02

**************************************************************************************************************
*                                                                                                            *
*                              r e s u l t   o f   m a c r o s t e p         1                               *
*                                                                                                            *
**************************************************************************************************************

 
  step/pass   pot. energy    temperature    pressure       volume

**************************************************************************************************************
*                                               mc statistics                                                *
**************************************************************************************************************

single-particle move                             total          macroion            ion1      
-------------------                              -----          ----------          ----------
total number of conf.          =             1220 1.00             20 1.00           1200 1.00
accepted number of conf.       =              924 0.76              5 0.25            919 0.77
energy rejected conf.          =              198 0.16             14 0.70            184 0.15
outside-box rejected conf.     =               84 0.07              0 0.00             84 0.07
hard-core rejected conf.       =               14 0.01              1 0.05             13 0.01

average no of displaced part.  =                                      1.60                1.00
average no of net joining part.=                                      0.00                0.29

**************************************************************************************************************
*                                             control statistics                                             *
**************************************************************************************************************

quantity                                    macroion            ion1      
--------                                    ----------          ----------

<dr**2>/step (macrostep)       =            0.2211E+01          0.7642E+02
precision                      =            0.1009E+01          0.6078E+01
<dr**2>/step (from start)      =            0.2211E+01          0.7642E+02
precision                      =            0.1009E+01          0.6078E+01

orientation order, x'-axis     =                1.0000              1.0000
orientation order, y'-axis     =                1.0000              1.0000
orientation order, z'-axis     =                1.0000              1.0000

<ro> (x,y,z)                   =     0.000 0.000-0.139   5.361-0.121 1.883
<x'> (x,y,z)                   =      1.00  0.00  0.00   -0.08 -0.06 -0.01
<y'> (x,y,z)                   =      0.00  1.00  0.00    0.00  0.05 -0.06
<z'> (x,y,z)                   =      0.00  0.00  1.00    0.05  0.02 -0.03

**************************************************************************************************************
*                                          thermodynamic quantities                                          *
**************************************************************************************************************

quantity                                  average    fluctuation          check
&&------                                  -------    -----------          -----
total potential energy         =         -4.33535        1.68115      0.745E-14
 total two-body energy         =         -4.33535        1.68115      0.745E-14
  macroion-macroion            =         10.63218        0.70949      0.000E+00
  macroion-ion1                =        -24.17867        1.13971      0.567E-15
  ion1-ion1                    =          9.21114        0.14747      0.451E-14
enthalpy                       =         -2.45220        1.68115
cv                             =        466.98961
temperature                    =        298.00000        0.00000
pressure (excl. cont. contr.)  =          0.04767        0.00000
number of particles            =        122.00000        0.00000
volume                         =      8.00226E+06    0.00000E+00

total potential energy (NkT)   =         -1.74974
pressure (NkT/V)(excl. contact)=          0.76004
pressure (kT) (excl. contact)  =      1.15873E-05
number density                 =      1.52457E-05

**************************************************************************************************************
*                                                                                                            *
*                              r e s u l t   o f   m a c r o s t e p         2                               *
*                                                                                                            *
**************************************************************************************************************

 
  step/pass   pot. energy    temperature    pressure       volume

**************************************************************************************************************
*                                               mc statistics                                                *
**************************************************************************************************************

single-particle move                             total          macroion            ion1      
-------------------                              -----          ----------          ----------
total number of conf.          =             1220 1.00             20 1.00           1200 1.00
accepted number of conf.       =              858 0.70              5 0.25            853 0.71
energy rejected conf.          =              207 0.17             13 0.65            194 0.16
outside-box rejected conf.     =               96 0.08              0 0.00             96 0.08
hard-core rejected conf.       =               59 0.05              2 0.10             57 0.05

average no of displaced part.  =                                      4.40                1.00
average no of net joining part.=                                      0.00                0.50

**************************************************************************************************************
*                                             control statistics                                             *
**************************************************************************************************************

quantity                                    macroion            ion1      
--------                                    ----------          ----------

<dr**2>/step (macrostep)       =            0.4084E+01          0.6989E+02
precision                      =            0.4024E+01          0.5678E+01
<dr**2>/step (from start)      =            0.5837E+01          0.7548E+02
precision                      =            0.4936E+01          0.5346E+01

orientation order, x'-axis     =                1.0000              1.0000
orientation order, y'-axis     =                1.0000              1.0000
orientation order, z'-axis     =                1.0000              1.0000

<ro> (x,y,z)                   =     0.000 0.000 0.003   3.233 0.089-3.050
<x'> (x,y,z)                   =      1.00  0.00  0.00   -0.08 -0.06 -0.01
<y'> (x,y,z)                   =      0.00  1.00  0.00    0.00  0.05 -0.06
<z'> (x,y,z)                   =      0.00  0.00  1.00    0.05  0.02 -0.03

**************************************************************************************************************
*                                          thermodynamic quantities                                          *
**************************************************************************************************************

quantity                                  average    fluctuation          check
&&------                                  -------    -----------          -----
total potential energy         =         -9.74301        0.98111      0.000E+00
 total two-body energy         =         -9.74301        0.98111      0.000E+00
  macroion-macroion            =          8.48560        0.39521      0.000E+00
  macroion-ion1                =        -27.95606        0.72776      0.116E-14
  ion1-ion1                    =          9.72744        0.13330      0.561E-15
enthalpy                       =         -9.64268        0.98111
cv                             =        159.04643
temperature                    =        298.00000        0.00000
pressure (excl. cont. contr.)  =          0.00254        0.00000
number of particles            =        122.00000        0.00000
volume                         =      8.00226E+06    0.00000E+00

total potential energy (NkT)   =         -3.93226
pressure (NkT/V)(excl. contact)=          0.04050
pressure (kT) (excl. contact)  =      6.17400E-07
number density                 =      1.52457E-05

**************************************************************************************************************
*                                                                                                            *
*                                          f i n a l   r e s u l t                                           *
*                                                                                                            *
**************************************************************************************************************

2017-01-17     13:28:54

