**************************************************************************************************************
**************************************************************************************************************
**                                                                                                          **
**                                                                                                          **
**                                                  Molsim                                                  **
**                                                                                                          **
**                  integrated md/mc/bd simulation program belonging to the molsim package                  **
**                                                                                                          **
**                                          version 6.4.7, v2.2.0                                           **
**                                                                                                          **
**                                                                                                          **
**                                                Per Linse                                                 **
**                                            Physical Chemistry                                            **
**                                         Department of Chemistry                                          **
**                                             Lund University                                              **
**                                               P.O. Box 124                                               **
**                                          S-221 00 Lund, SWEDEN                                           **
**                                                                                                          **
**                                                                                                          **
**                                         with contributions from                                          **
**                                                                                                          **
**                  Anna Akinchina, Fredrik Carlsson, Samuel Edgecombe, Yoshikatsu Hayashi                  **
**          Pascal Hebbeker, Cornelius Hofzumahaus, Niklas Källrot, Björn Linse, Vladimir Lobaskin          **
**               Thomas M. Nymand, Alberto Pais, Jurij Rescic, Stefanie Schneider, Marie Skepö              **
**          Joakim Stenhammar, Anders Wallqvist, Jos van Rijssel, Erik Wernersson, Per-Olof Åstrand         **
**                                                                                                          **
**                                                                                                          **
**************************************************************************************************************
**************************************************************************************************************
 
2017-01-05     15:50:42

**************************************************************************************************************
*                                                                                                            *
*                                            i n p u t   d a t a                                             *
*                                                                                                            *
**************************************************************************************************************


**************************************************************************************************************
*                                            general information                                             *
**************************************************************************************************************


title   : 2*(60:1) hs system, ucorr                                                                 

key data: mode           : simulation
          method         : mc   
          ensemble       : nvt
          boundary cond. : cyl
          start          : setconf 
          txuser         : twocomponentmodel_corr                                                          


number of time steps/passes           2  *       100  =        200

temperature                    =     298.000
pressure                       =       0.101
cylindrical cell radius        =      80.000
cylindrical cell length        =     398.000
volume                         =   0.800E+07

seed of random generator       =     9876543

optional subroutine used
------------------------
   ControlAver
   MainAver
   Static

parameters controlling the output interval (0 = no)
-------------------------------------------------
   itest              0
   ipart              1
   iatom              0
   iaver          10000
   ishow              1
   iplot              1
   ilist              1

external units
--------------
number        generic name        file name
------        ------------        ---------
   1               fin            FIN       
   2               fout           FOUT      
   3               fcnf           FCNF      
   8               flist          FLIST     

**************************************************************************************************************
*                                                   units                                                    *
**************************************************************************************************************

quantity                unit
--------                ----
length              1.000E-10 m
mass                1.000E-03 kg/mol
temperature         1.000E+00 k
time                1.000E-12 s
energy              1.000E+03 j/mol
heat capacity       1.000E+00 j/mol*k
diff. coeff.        1.000E-09 m**2/s
pressure            1.000E+06 pa
volume              1.000E-30 m**3
linear vel.         1.000E+02 m/s
linear acc.         1.000E+14 m/s**2
force               1.000E+11 n/mol
moment of inertia   1.000E-23 kg*m**2/mol
angle               1.745E-02 rad

**************************************************************************************************************
*                                               particle data                                                *
**************************************************************************************************************

charged atoms enabled

number of particles            =     122
number of atoms                =     122
number of particle types       =       3     (     10 )
number of atom types           =       3     (     10 )

particle       no        atom     no     mass    hard core    no of unit   weak      pK        sigma    epsilon  zatalpha
                                                 radius       charges      charge                              
--------       --        ----     --     ----    ---------    ----------   ------    --        -----    -------  --------
macroion        2
                         macroi   1    230.000   20.000      -60.0000        F      0.0000     0.0000    0.0000    0.0000
ion1           60
                         ion1     1     23.000    2.000        1.0000        F      0.0000     0.0000    0.0000    0.0000
ion2           60
                         ion2     1     23.000    2.000        1.0000        F      0.0000     0.0000    0.0000    0.0000

molecular input frame: macroion  
---------------------- --------

atom               coordinate (x,y,z)
----               ------------------
os           0.00000   0.00000   0.00000

principal axis frame: macroion  
--------------------- --------

atom               coordinate (x,y,z)
----               ------------------
os           0.00000   0.00000   0.00000

molecular input frame: ion1      
---------------------- ----

atom               coordinate (x,y,z)
----               ------------------
na           0.00000   0.00000   0.00000

principal axis frame: ion1      
--------------------- ----

atom               coordinate (x,y,z)
----               ------------------
na           0.00000   0.00000   0.00000

molecular input frame: ion2      
---------------------- ----

atom               coordinate (x,y,z)
----               ------------------
na           0.00000   0.00000   0.00000

principal axis frame: ion2      
--------------------- ----

atom               coordinate (x,y,z)
----               ------------------
na           0.00000   0.00000   0.00000

particle             mass           moment of inertia (x,y,z)        maximal atom-com distance
--------             ----           -------------------------        -------------------------
macroion          230.000          0.000     0.000     0.000             0.000
ion1               23.000          0.000     0.000     0.000             0.000
ion2               23.000          0.000     0.000     0.000             0.000

**************************************************************************************************************
*                                          two-body potential data                                           *
**************************************************************************************************************

rcut                           =     428.957
utoltab                        =   0.100E-03
ftoltab                        =   0.100E-02
umaxtab                        =   0.200E+06
fmaxtab                        =   0.200E+07

monoatomic energy and force routines

relative permittivity          =   78.402600

system net charge based on zat =    0.00    

particle pair              potential
-------------              ---------
macroion-macroion            default             
macroion-ion1                default             
macroion-ion2                default             
ion1-ion1                    default             
ion1-ion2                    default             
ion2-ion2                    default             

atom pair         energy coefficients (ipot and ucoff)
---------         ------------------------------------
macroion-macroion      1  0.637948E+05
macroion-ion1          1 -0.106325E+04
macroion-ion2          1 -0.106325E+04
ion1-ion1              1  0.177208E+02
ion1-ion2              1  0.177208E+02
ion2-ion2              1  0.177208E+02

number of 1/r coefficients than has been changed/added based on zat =  6

specification of two-body potential tables
------------------------------------------
atom pair          no of grids         iubuflow       rumin     rumax
---------          -----------         --------       -----     -----
macroion-macro       156                   1          0.314   471.853
macroion-ion1        170                1873          0.032   471.853
macroion-ion2        170                3913          0.032   471.853
ion1-ion1             78                5953          0.032   471.853
ion1-ion2             78                6889          0.032   471.853
ion2-ion2             78                7825          0.032   471.853

nbuf (needed, allocated)        =       8761      9000

**************************************************************************************************************
*                                         initial configuration data                                         *
**************************************************************************************************************

start configuration from SetConfiguration
-----------------------------------------
part. type    routine          no of unit cells (x,y,z)     lower (x,y,z)      upper (x,y,z)      shift (x,y,z)
----------    -------          ------------------------     -------------      -------------      -------------
 1  macroion  pclattice               1    1    2         -80.0 -80.0 -45.0   80.0  80.0  45.0    0.5   0.5   0.5
 2  ion1      random                  0    0    0         -80.0 -80.0-198.0   80.0  80.0   0.0    0.0   0.0   0.0
 3  ion2      random                  0    0    0         -80.0 -80.0   0.0   80.0  80.0 198.0    0.0   0.0   0.0

first macrostep                =      1

**************************************************************************************************************
*                                                coordinates                                                 *
**************************************************************************************************************


particle coordinates
--------------------
particle no   particle type       com (x,y,z)              x'-axis (x,y,z)        y'-axis (x,y,z)        z'-axis (x,y,z)
-----------   -------------       -----------              ---------------        ---------------        ---------------
     1        macroion        0.000    0.000  -22.500   1.000  0.000  0.000    0.000  1.000  0.000    0.000  0.000  1.000
     2        macroion        0.000    0.000   22.500   1.000  0.000  0.000    0.000  1.000  0.000    0.000  0.000  1.000
     3        ion1          -19.878  -21.606  -22.709  -0.295 -0.955 -0.035    0.016 -0.042  0.999   -0.956  0.294  0.027
     4        ion1          -20.797    3.720 -161.920  -0.083  0.984  0.155    0.123 -0.144  0.982    0.989  0.100 -0.109
     5        ion1          -55.953  -51.382 -131.017  -0.106  0.444  0.890    0.335  0.858 -0.389   -0.936  0.257 -0.240
     6        ion1          -13.178   41.503 -180.589  -0.923  0.229 -0.310   -0.222  0.340  0.914    0.315  0.912 -0.263
     7        ion1           -3.574  -40.750  -58.967  -0.393  0.750 -0.532    0.042  0.593  0.804    0.918  0.294 -0.265
     8        ion1          -13.855    4.764  -94.797   0.129 -0.734 -0.667   -0.288 -0.671  0.683   -0.949  0.104 -0.298
     9        ion1           70.178   32.162  -77.881   0.728  0.655 -0.201   -0.176 -0.106 -0.979   -0.663  0.748  0.038
    10        ion1           66.203  -37.557 -150.697  -0.455 -0.732 -0.507    0.876 -0.263 -0.406    0.164 -0.628  0.760
    11        ion1            9.769   71.817 -130.999  -0.965  0.201 -0.169    0.151 -0.102 -0.983   -0.215 -0.974  0.069
    12        ion1          -67.309   15.771  -80.278   0.680  0.312 -0.663    0.733 -0.318  0.602   -0.023 -0.895 -0.445
    13        ion1           42.132   64.494 -111.244   0.330 -0.872  0.361    0.937  0.349 -0.013   -0.115  0.342  0.933
    14        ion1          -37.496    3.758   -7.772  -0.670  0.708  0.223   -0.110  0.202 -0.973   -0.734 -0.677 -0.058
    15        ion1          -20.412  -53.939 -121.276   0.579 -0.645  0.499   -0.290  0.409  0.865   -0.762 -0.646  0.050
    16        ion1          -53.273  -10.554  -61.295  -0.047  0.726  0.686    0.805 -0.379  0.456    0.591  0.574 -0.567
    17        ion1           56.905  -39.285  -52.418   0.547 -0.833 -0.079    0.017  0.106 -0.994    0.837  0.543  0.072
    18        ion1          -27.005    6.980   -0.411   0.381  0.744  0.550   -0.924  0.277  0.265    0.045 -0.609  0.792
    19        ion1            4.815    7.530  -70.869   0.952  0.290  0.103   -0.148  0.136  0.980    0.270 -0.947  0.173
    20        ion1          -47.686   36.560  -51.204   0.743 -0.666 -0.066   -0.145 -0.257  0.956   -0.653 -0.701 -0.287
    21        ion1           23.291   39.188  -34.485   0.379 -0.923 -0.072   -0.234 -0.171  0.957   -0.895 -0.345 -0.281
    22        ion1          -64.616   42.850   -4.559  -0.659 -0.420  0.624    0.157  0.734  0.661   -0.736  0.533 -0.418
    23        ion1           -0.944  -23.557 -144.060  -0.570  0.208 -0.795   -0.743  0.282  0.607    0.351  0.936 -0.006
    24        ion1           74.221   -2.613  -78.322  -0.971  0.232 -0.050   -0.059 -0.029  0.998    0.230  0.972  0.042
    25        ion1           54.471  -14.060 -162.437  -0.388  0.699  0.601   -0.774 -0.601  0.198    0.499 -0.388  0.774
    26        ion1           73.601  -12.133 -184.625  -0.910  0.035 -0.413    0.393  0.384 -0.836    0.129 -0.923 -0.363
    27        ion1          -65.723  -18.085 -189.950   0.124  0.788  0.603    0.786 -0.449  0.425    0.606  0.421 -0.675
    28        ion1           36.408   41.311   -2.259   0.817 -0.269  0.510    0.471 -0.198 -0.860    0.332  0.943 -0.035
    29        ion1           54.976   12.676  -69.375   0.419 -0.685  0.596    0.859  0.087 -0.505    0.294  0.723  0.625
    30        ion1          -22.924  -61.600 -139.626  -0.133  0.661  0.738   -0.036 -0.748  0.663    0.990  0.062  0.123
    31        ion1          -34.247   19.984 -144.419   0.888  0.444 -0.116    0.140 -0.021  0.990    0.437 -0.896 -0.081
    32        ion1          -41.223   -7.316 -143.077   0.410  0.718  0.562   -0.213 -0.524  0.825    0.887 -0.458 -0.062
    33        ion1          -50.039   58.461 -119.408  -0.374  0.652  0.659    0.763  0.620 -0.181   -0.527  0.436 -0.730
    34        ion1          -51.483   -7.713  -39.214  -0.998  0.044  0.047    0.046 -0.021  0.999    0.045  0.999  0.019
    35        ion1          -37.147   13.474  -54.657  -0.623 -0.593  0.510    0.765 -0.597  0.240    0.162  0.540  0.826
    36        ion1           -7.714  -49.942 -181.971   0.237  0.750 -0.617   -0.440 -0.483 -0.757   -0.866  0.451  0.216
    37        ion1           14.136  -77.403 -147.649  -0.954  0.121  0.275    0.299  0.297  0.907    0.028  0.947 -0.320
    38        ion1           14.911   77.353  -83.594  -0.046 -0.555  0.830    0.579  0.662  0.475   -0.814  0.503  0.291
    39        ion1          -17.167   52.080  -47.092   0.034  0.622  0.782   -0.790  0.496 -0.360   -0.612 -0.605  0.509
    40        ion1           16.513  -62.609  -11.063  -0.648  0.586  0.486    0.263 -0.427  0.865    0.714  0.689  0.123
    41        ion1          -70.959  -27.700 -120.101   0.019  0.860  0.510    0.940  0.158 -0.301   -0.340  0.485 -0.806
    42        ion1           46.034  -17.432  -29.518   0.360 -0.821  0.443   -0.870 -0.467 -0.158    0.336 -0.328 -0.883
    43        ion1           12.273   -7.434 -119.242   0.477  0.604  0.639   -0.801 -0.002  0.599    0.363 -0.797  0.483
    44        ion1          -11.176   31.740  -45.363  -0.291 -0.952  0.100   -0.008  0.107  0.994   -0.957  0.288 -0.039
    45        ion1          -32.181   64.182  -65.541   0.763  0.246  0.598    0.469  0.426 -0.774   -0.445  0.870  0.210
    46        ion1           13.849  -30.328 -160.666  -0.199  0.460 -0.865   -0.845 -0.528 -0.086   -0.497  0.714  0.494
    47        ion1           57.482   34.598 -169.990   0.817  0.544 -0.189   -0.227  0.003 -0.974   -0.530  0.839  0.126
    48        ion1            4.524  -41.007  -74.880  -0.219  0.821  0.528    0.775 -0.183  0.605    0.593  0.541 -0.596
    49        ion1          -59.906  -11.658 -148.258  -0.047  0.491 -0.870    0.936  0.325  0.133    0.348 -0.808 -0.475
    50        ion1          -14.551   62.395 -175.717  -0.180 -0.779  0.601   -0.946 -0.031 -0.324    0.271 -0.626 -0.731
    51        ion1           13.420  -60.126  -40.053  -0.760 -0.104 -0.642    0.650 -0.116 -0.751    0.004 -0.988  0.156
    52        ion1          -18.982   68.846 -137.151   0.366  0.037  0.930   -0.190 -0.975  0.113    0.911 -0.218 -0.350
    53        ion1          -13.540  -45.435 -149.069  -0.440  0.495 -0.749   -0.480 -0.835 -0.270   -0.759  0.241  0.605
    54        ion1           -2.795  -15.128 -104.437   0.067  0.071  0.995    0.782 -0.624 -0.008    0.620  0.778 -0.098
    55        ion1           45.748   29.767 -129.116   0.210  0.800 -0.562   -0.491 -0.411 -0.768   -0.846  0.437  0.306
    56        ion1            7.535    0.217 -142.527   0.908 -0.395  0.138    0.230  0.197 -0.953    0.349  0.897  0.270
    57        ion1          -51.229  -40.434  -59.700  -0.486  0.869  0.092    0.162  0.192 -0.968   -0.859 -0.455 -0.234
    58        ion1           29.156  -53.565 -111.019   0.046  0.332 -0.942    0.490 -0.830 -0.268   -0.871 -0.449 -0.201
    59        ion1          -45.564   24.105 -185.414  -0.151 -0.536  0.831   -0.607 -0.613 -0.506    0.780 -0.580 -0.233
    60        ion1          -59.796  -14.478  -72.586  -0.849  0.098 -0.519   -0.507  0.122  0.853    0.147  0.988 -0.054
    61        ion1           -6.449  -23.222 -167.647   0.724 -0.622 -0.299   -0.656 -0.754 -0.019   -0.214  0.210 -0.954
    62        ion1           68.383   -1.758 -179.802   0.217 -0.835  0.505    0.667 -0.251 -0.702    0.713  0.489  0.503
    63        ion2           11.199   -8.331  169.343  -0.976  0.139  0.164   -0.001  0.759 -0.651   -0.216 -0.636 -0.741
    64        ion2          -24.858  -45.573   52.985  -0.301  0.254 -0.919    0.438  0.893  0.104    0.847 -0.371 -0.380
    65        ion2          -16.357   50.460   40.961   0.299 -0.671  0.678   -0.944 -0.312  0.108    0.139 -0.672 -0.727
    66        ion2          -30.520  -44.813   35.108  -0.918 -0.376 -0.128   -0.087 -0.124  0.988   -0.388  0.918  0.081
    67        ion2           56.973   34.595  110.668   0.971 -0.205 -0.122   -0.108  0.077 -0.991    0.213  0.976  0.053
    68        ion2           21.329   -2.497  133.709   0.471  0.796  0.381   -0.232 -0.305  0.924    0.851 -0.523  0.041
    69        ion2           64.350   12.269  149.646  -0.368 -0.454  0.812    0.194 -0.891 -0.410    0.909  0.007  0.416
    70        ion2           33.363   43.349  119.191   0.310  0.698 -0.645   -0.637  0.657  0.404    0.706  0.285  0.648
    71        ion2          -29.663   16.989  165.820  -0.014  0.610 -0.792   -0.991 -0.114 -0.070   -0.133  0.784  0.606
    72        ion2            5.439   12.009   69.787  -0.592 -0.629 -0.503    0.329 -0.759  0.562   -0.736  0.168  0.656
    73        ion2          -34.996  -31.956   56.844   0.695  0.377  0.612    0.579 -0.799 -0.166    0.426  0.469 -0.773
    74        ion2            8.383   25.312   63.428  -0.432  0.900  0.055   -0.031  0.046 -0.998   -0.901 -0.433  0.008
    75        ion2           14.338   12.000  168.826   0.489  0.693  0.531   -0.321 -0.422  0.848    0.811 -0.585  0.016
    76        ion2            5.103   71.296   13.239   0.522 -0.526 -0.671   -0.484 -0.831  0.275   -0.702  0.182 -0.688
    77        ion2           40.873   15.752   80.078   0.074  0.514  0.854   -0.080  0.857 -0.509   -0.994 -0.030  0.105
    78        ion2           69.867   16.861   91.012  -0.032  0.389 -0.921    0.911  0.390  0.132    0.410 -0.835 -0.367
    79        ion2          -45.956   36.675  192.373   0.472 -0.211  0.856    0.037 -0.965 -0.258    0.881  0.153 -0.447
    80        ion2           50.167  -34.341   88.593   0.402  0.049  0.914   -0.810  0.484  0.331   -0.426 -0.874  0.235
    81        ion2          -49.085  -55.346   29.227   0.432 -0.781 -0.451   -0.339 -0.604  0.721   -0.836 -0.158 -0.525
    82        ion2           -2.309   -9.549  156.848  -0.083  0.215 -0.973    0.301  0.936  0.181    0.950 -0.278 -0.143
    83        ion2           -0.824   71.440   58.194  -0.806 -0.520  0.282    0.134  0.304  0.943   -0.577  0.798 -0.175
    84        ion2          -24.429   -3.420   78.870   0.051  0.346  0.937    0.175 -0.927  0.333    0.983  0.148 -0.108
    85        ion2          -20.630  -67.515  175.230   0.523 -0.326  0.788   -0.843 -0.336  0.420    0.128 -0.883 -0.451
    86        ion2            5.596   36.439  140.877  -0.547  0.501 -0.670   -0.243  0.672  0.700    0.801  0.545 -0.246
    87        ion2           63.653  -45.168   42.755   0.446 -0.413  0.794    0.630  0.775  0.049   -0.635  0.479  0.606
    88        ion2          -17.918  -13.582  151.203   0.695  0.086  0.714    0.476  0.689 -0.546   -0.539  0.719  0.438
    89        ion2           -6.468   31.862  150.133   0.110 -0.800  0.589   -0.706  0.355  0.613   -0.700 -0.484 -0.526
    90        ion2           47.786   17.270  162.158   0.459  0.888  0.029    0.041 -0.054  0.998    0.888 -0.456 -0.061
    91        ion2          -11.279  -54.578  116.717   0.893  0.448  0.032   -0.009 -0.053  0.999    0.449 -0.892 -0.043
    92        ion2          -32.333   46.375   62.430   0.495 -0.427 -0.757   -0.864 -0.328 -0.381   -0.086  0.843 -0.531
    93        ion2          -41.456  -47.975   60.308  -0.469  0.594 -0.654    0.146  0.782  0.605    0.871  0.188 -0.454
    94        ion2          -45.905   46.304   85.441  -0.492  0.581 -0.648   -0.870 -0.306  0.387    0.027  0.754  0.656
    95        ion2           20.992  -30.522  134.190   0.092 -0.486  0.869    0.985  0.170 -0.010   -0.143  0.857  0.494
    96        ion2           -6.427   10.767  182.864   0.596  0.506 -0.624   -0.421 -0.464 -0.779   -0.684  0.727 -0.063
    97        ion2          -16.306  -21.184   56.361  -0.001  0.792 -0.611    0.511  0.526  0.680    0.860 -0.311 -0.405
    98        ion2           60.803  -41.909    6.522   0.642 -0.636  0.428   -0.732 -0.675  0.094    0.229 -0.373 -0.899
    99        ion2           43.957   49.316   83.621   0.445  0.744  0.499    0.192  0.465 -0.864   -0.874  0.481  0.064
   100        ion2            5.486  -65.664  112.009   0.398  0.108  0.911    0.398 -0.915 -0.065    0.826  0.389 -0.407
   101        ion2           77.352  -15.787  121.783   0.585 -0.538  0.607   -0.587  0.235  0.775   -0.559 -0.810 -0.178
   102        ion2           69.738  -23.414   71.215   0.218 -0.722  0.656    0.358  0.685  0.635   -0.908  0.096  0.407
   103        ion2          -13.430  -68.180  182.469   0.678  0.316  0.664    0.663  0.129 -0.738   -0.319  0.940 -0.122
   104        ion2           47.820  -24.460   98.987  -0.808 -0.239 -0.539   -0.460 -0.317  0.830   -0.369  0.918  0.146
   105        ion2           68.711   24.606    5.958   0.331  0.137 -0.934   -0.838  0.497 -0.224    0.433  0.857  0.280
   106        ion2          -38.687  -64.499   18.177   0.792  0.610  0.010    0.048 -0.078  0.996    0.608 -0.788 -0.091
   107        ion2            8.006   68.029   36.766   0.844  0.121  0.522    0.487  0.232 -0.842   -0.223  0.965  0.137
   108        ion2           53.389   17.324   37.901   0.541  0.694  0.476    0.809 -0.583 -0.070    0.229  0.423 -0.877
   109        ion2            6.305   22.996   56.011   0.845  0.521 -0.119   -0.238  0.169 -0.956   -0.478  0.837  0.267
   110        ion2           20.467   51.782   35.004   0.091  0.974  0.207    0.028 -0.210  0.977    0.995 -0.083 -0.046
   111        ion2          -17.299  -60.981   55.820  -0.448  0.355 -0.821    0.756  0.641 -0.135    0.478 -0.681 -0.555
   112        ion2          -23.474  -15.920   51.677   0.104  0.892 -0.441    0.609  0.293  0.737    0.786 -0.345 -0.513
   113        ion2          -15.995   -2.611  188.321  -0.716 -0.050  0.696    0.672 -0.315  0.670    0.185  0.948  0.259
   114        ion2           18.120   13.322   81.196   0.298 -0.951 -0.080   -0.070  0.061 -0.996    0.952  0.302 -0.049
   115        ion2          -18.677   59.570  172.018  -0.042  0.818 -0.574    0.142  0.574  0.807    0.989 -0.047 -0.140
   116        ion2          -12.018  -58.590  166.816  -0.172  0.478 -0.861    0.969 -0.074 -0.235   -0.176 -0.875 -0.451
   117        ion2          -33.149  -71.133   61.033   0.292 -0.528  0.797    0.389 -0.696 -0.603    0.874  0.486  0.002
   118        ion2          -51.981   18.879  190.617   0.729  0.261 -0.632   -0.463  0.869 -0.176    0.503  0.421  0.755
   119        ion2          -11.664  -61.696  137.610   0.623 -0.619  0.477    0.394 -0.278 -0.876    0.675  0.734  0.071
   120        ion2          -69.853   -0.831  173.341  -0.465 -0.709 -0.530   -0.290  0.688 -0.666    0.837 -0.156 -0.525
   121        ion2           44.925  -16.155   11.114   0.574 -0.486  0.659    0.814  0.254 -0.522    0.086  0.836  0.542
   122        ion2            7.848  -45.810  179.175   0.835  0.198 -0.513   -0.369 -0.489 -0.791   -0.407  0.850 -0.335

**************************************************************************************************************
*                                                  mc data                                                   *
**************************************************************************************************************

uniform sampling, sequence

single-particle move                   macroion       ion1           ion2      
-------------------                    ----------     ----------     ----------
probability                    =       1.000          1.000          1.000
tran. displacement parameter   =            0.000         20.000         20.000
rot. displacement parameter    =            0.000          0.000          0.000


**************************************************************************************************************
*                                               neighbour list                                               *
**************************************************************************************************************

verlet list
automatic control of update frequency
layer thickness                =       200.000
factor used to calculate nneigh=         2.000
maximal number of neighbours   =          2000

**************************************************************************************************************
*                                          thermodynamic quantities                                          *
**************************************************************************************************************

quantity                            initial value
&-------                            -------------
total potential energy         =         -0.66049
 total two-body energy         =         -0.66049
  macroion-macroion            =         11.62018
  macroion-ion1                =        -10.67957
  macroion-ion2                =        -10.46709
  ion1-ion1                    =          2.96424
  ion1-ion2                    =          2.74151
  ion2-ion2                    =          3.16024
enthalpy                       =          1.59675
temperature                    =        298.00000
pressure (excl. cont. contr.)  =          0.05714
number of particles            =        122.00000
volume                         =      8.00226E+06

total potential energy (NkT)   =         -0.26657
pressure (NkT/V)(excl. contact)=          0.91102
pressure (kT) (excl. contact)  =      1.38891E-05
 
total cpu time since start (s)        0.01

**************************************************************************************************************
*                                                                                                            *
*                              r e s u l t   o f   m a c r o s t e p         1                               *
*                                                                                                            *
**************************************************************************************************************

 
  step/pass   pot. energy    temperature    pressure       volume

**************************************************************************************************************
*                                               mc statistics                                                *
**************************************************************************************************************

single-particle move                             total          macroion            ion1                ion2      
-------------------                              -----          ----------          ----------          ----------
total number of conf.          =            12200 1.00            200 1.00           6000 1.00           6000 1.00
accepted number of conf.       =             7589 0.62            200 1.00           3686 0.61           3703 0.62
energy rejected conf.          =             2628 0.22              0 0.00           1281 0.21           1347 0.22
outside-box rejected conf.     =              546 0.04              0 0.00            306 0.05            240 0.04
hard-core rejected conf.       =             1437 0.12              0 0.00            727 0.12            710 0.12

average no of displaced part.  =                                      1.00                1.00                1.00
average no of net joining part.=                                      0.00                0.00                0.00

**************************************************************************************************************
*                                             control statistics                                             *
**************************************************************************************************************

quantity                                    macroion            ion1                ion2      
--------                                    ----------          ----------          ----------

<dr**2>/step (macrostep)       =            0.0000E+00          0.6206E+02          0.6213E+02
precision                      =            0.0000E+00          0.6725E+01          0.6607E+01
<dr**2>/step (from start)      =            0.0000E+00          0.6206E+02          0.6213E+02
precision                      =            0.0000E+00          0.6725E+01          0.6607E+01

orientation order, x'-axis     =                1.0000              1.0000              1.0000
orientation order, y'-axis     =                1.0000              1.0000              1.0000
orientation order, z'-axis     =                1.0000              1.0000              1.0000

<ro> (x,y,z)                   =      0.00  0.00  0.00    1.57 -1.97-78.05   -1.78 -1.79 77.00
<x'> (x,y,z)                   =      1.00  0.00  0.00   -0.02  0.09  0.12    0.18  0.09  0.04
<y'> (x,y,z)                   =      0.00  1.00  0.00    0.06 -0.08  0.09    0.01  0.03  0.07
<z'> (x,y,z)                   =      0.00  0.00  1.00   -0.03  0.10 -0.03    0.15  0.13 -0.08

**************************************************************************************************************
*                                          thermodynamic quantities                                          *
**************************************************************************************************************

quantity                                  average    fluctuation          check
&&------                                  -------    -----------          -----
total potential energy         =        -12.97563        5.11726     -0.430E-14
 total two-body energy         =        -12.97563        5.11726     -0.430E-14
  macroion-macroion            =         11.62018        0.00000      0.000E+00
  macroion-ion1                =        -18.46963        3.45693     -0.132E-14
  macroion-ion2                =        -18.81711        3.92468     -0.653E-15
  ion1-ion1                    =          3.70325        0.44976      0.855E-15
  ion1-ion2                    =          5.11899        1.34646     -0.678E-15
  ion2-ion2                    =          3.86869        0.53171     -0.849E-15
enthalpy                       =        -10.71839        5.11726
cv                             =       4326.81494
temperature                    =        298.00000        0.00000
pressure (excl. cont. contr.)  =          0.05714        0.00000
number of particles            =        122.00000        0.00000
volume                         =      8.00226E+06    4.67707E-01

total potential energy (NkT)   =         -5.23694
pressure (NkT/V)(excl. contact)=          0.91102
pressure (kT) (excl. contact)  =      1.38891E-05
number density                 =      1.52457E-05

**************************************************************************************************************
*                                 integration of electrostatic field squared                                 *
**************************************************************************************************************

plane, point   x          y           w          elfield2s2(1:3)      integrand
-----  -----   -          -           -          ---------------      ---------
    1    1    0.0000    0.0000    0.1111    0.0048    0.0017    0.0004   -0.0030
    1    2   38.5650   28.0191    0.0512    0.0003    0.0002    0.0000   -0.0002
    1    3   14.7305   45.3358    0.0512    0.0000    0.0004    0.0000   -0.0002
    1    4  -14.7305   45.3358    0.0512    0.0001    0.0004    0.0000   -0.0002
    1    5  -38.5650   28.0191    0.0512    0.0004    0.0002    0.0000   -0.0003
    1    6  -47.6689    0.0000    0.0512    0.0005    0.0000    0.0000   -0.0003
    1    7  -38.5650  -28.0191    0.0512    0.0003    0.0002    0.0000   -0.0002
    1    8  -14.7305  -45.3358    0.0512    0.0001    0.0004    0.0000   -0.0002
    1    9   14.7305  -45.3358    0.0512    0.0001    0.0004    0.0000   -0.0002
    1   10   38.5650  -28.0191    0.0512    0.0003    0.0001    0.0000   -0.0002
    1   11   47.6689   -0.0000    0.0512    0.0005    0.0000    0.0000   -0.0002
    1   12   59.4926   43.2239    0.0376    0.0001    0.0000    0.0000   -0.0000
    1   13   22.7241   69.9377    0.0376    0.0000    0.0001    0.0000   -0.0000
    1   14  -22.7241   69.9377    0.0376    0.0000    0.0001    0.0000   -0.0000
    1   15  -59.4926   43.2239    0.0376    0.0000    0.0000    0.0000   -0.0000
    1   16  -73.5369    0.0000    0.0376    0.0001    0.0000    0.0000   -0.0000
    1   17  -59.4926  -43.2239    0.0376    0.0000    0.0000    0.0000   -0.0000
    1   18  -22.7241  -69.9377    0.0376    0.0000    0.0001    0.0000   -0.0000
    1   19   22.7241  -69.9377    0.0376    0.0000    0.0001    0.0000   -0.0000
    1   20   59.4926  -43.2239    0.0376    0.0000    0.0000    0.0000   -0.0000
    1   21   73.5369   -0.0000    0.0376    0.0001    0.0000    0.0000   -0.0000
    2    1    0.0000    0.0000    0.1111    0.0000    0.0000    0.0000    0.0000
    2    2   38.5650   28.0191    0.0512    0.0000    0.0000    0.0000   -0.0000
    2    3   14.7305   45.3358    0.0512    0.0000    0.0000    0.0000    0.0000
    2    4  -14.7305   45.3358    0.0512    0.0000    0.0000    0.0000   -0.0000
    2    5  -38.5650   28.0191    0.0512    0.0000    0.0000    0.0000   -0.0000
    2    6  -47.6689    0.0000    0.0512    0.0000    0.0000    0.0000   -0.0000
    2    7  -38.5650  -28.0191    0.0512    0.0000    0.0000    0.0000    0.0000
    2    8  -14.7305  -45.3358    0.0512    0.0000    0.0000    0.0000    0.0000
    2    9   14.7305  -45.3358    0.0512    0.0000    0.0000    0.0000   -0.0000
    2   10   38.5650  -28.0191    0.0512    0.0000    0.0001    0.0000   -0.0000
    2   11   47.6689   -0.0000    0.0512    0.0000    0.0002    0.0001   -0.0001
    2   12   59.4926   43.2239    0.0376    0.0000    0.0000    0.0000   -0.0000
    2   13   22.7241   69.9377    0.0376    0.0000    0.0000    0.0000   -0.0000
    2   14  -22.7241   69.9377    0.0376    0.0000    0.0000    0.0000   -0.0000
    2   15  -59.4926   43.2239    0.0376    0.0000    0.0000    0.0000   -0.0000
    2   16  -73.5369    0.0000    0.0376    0.0000    0.0001    0.0000   -0.0000
    2   17  -59.4926  -43.2239    0.0376    0.0000    0.0000    0.0000   -0.0000
    2   18  -22.7241  -69.9377    0.0376    0.0000    0.0000    0.0000   -0.0000
    2   19   22.7241  -69.9377    0.0376    0.0000    0.0000    0.0000   -0.0000
    2   20   59.4926  -43.2239    0.0376    0.0000    0.0000    0.0000   -0.0000
    2   21   73.5369   -0.0000    0.0376    0.0000    0.0000    0.0000   -0.0000
    3    1    0.0000    0.0000    0.1111    0.0000    0.0000    0.0000    0.0000
    3    2   38.5650   28.0191    0.0512    0.0000    0.0000    0.0000   -0.0000
    3    3   14.7305   45.3358    0.0512    0.0000    0.0000    0.0000   -0.0000
