**************************************************************************************************************
**************************************************************************************************************
**                                                                                                          **
**                                                                                                          **
**                                                  Molsim                                                  **
**                                                                                                          **
**                  integrated md/mc/bd simulation program belonging to the molsim package                  **
**                                                                                                          **
**                                          version 6.4.7, v2.1.2                                           **
**                                                                                                          **
**                                                                                                          **
**                                                Per Linse                                                 **
**                                            Physical Chemistry                                            **
**                                         Department of Chemistry                                          **
**                                             Lund University                                              **
**                                               P.O. Box 124                                               **
**                                          S-221 00 Lund, SWEDEN                                           **
**                                                                                                          **
**                                                                                                          **
**                                         with contributions from                                          **
**                                                                                                          **
**                  Anna Akinchina, Fredrik Carlsson, Samuel Edgecombe, Yoshikatsu Hayashi                  **
**          Pascal Hebbeker, Cornelius Hofzumahaus, Niklas Källrot, Björn Linse, Vladimir Lobaskin          **
**               Thomas M. Nymand, Alberto Pais, Jurij Rescic, Stefanie Schneider, Marie Skepö              **
**          Joakim Stenhammar, Anders Wallqvist, Jos van Rijssel, Erik Wernersson, Per-Olof Åstrand         **
**                                                                                                          **
**                                                                                                          **
**************************************************************************************************************
**************************************************************************************************************
 
2017-01-17     13:28:53

**************************************************************************************************************
*                                                                                                            *
*                                            i n p u t   d a t a                                             *
*                                                                                                            *
**************************************************************************************************************


**************************************************************************************************************
*                                            general information                                             *
**************************************************************************************************************


title   : 2*(60:1) hs system, ucorr                                                                 

key data: mode           : simulation
          method         : mc   
          ensemble       : nvt
          boundary cond. : cyl
          start          : setconf 
          txuser         : twocomponentmodel_corr                                                          


number of time steps/passes           2  *       100  =        200

temperature                    =     298.000
pressure                       =       0.101
cylindrical cell radius        =      80.000
cylindrical cell length        =     398.000
volume                         =   0.800E+07

seed of random generator       =     9876543

optional subroutine used
------------------------
   ControlAver
   MainAver
   Static

parameters controlling the output interval (0 = no)
-------------------------------------------------
   itest              0
   ipart              1
   iatom              0
   iaver          10000
   ishow              1
   iplot              1
   ilist              1

external units
--------------
number        generic name        file name
------        ------------        ---------
   1               fin            FIN       
   2               fout           FOUT      
   3               fcnf           FCNF      
   8               flist          FLIST     

**************************************************************************************************************
*                                                   units                                                    *
**************************************************************************************************************

quantity                unit
--------                ----
length              1.000E-10 m
mass                1.000E-03 kg/mol
temperature         1.000E+00 k
time                1.000E-12 s
energy              1.000E+03 j/mol
heat capacity       1.000E+00 j/mol*k
diff. coeff.        1.000E-09 m**2/s
pressure            1.000E+06 pa
volume              1.000E-30 m**3
linear vel.         1.000E+02 m/s
linear acc.         1.000E+14 m/s**2
force               1.000E+11 n/mol
moment of inertia   1.000E-23 kg*m**2/mol
angle               1.745E-02 rad

**************************************************************************************************************
*                                               particle data                                                *
**************************************************************************************************************

charged atoms enabled

number of particles            =     122
number of atoms                =     122
number of particle types       =       3     (     10 )
number of atom types           =       3     (     10 )

particle       no        atom     no     mass    hard core    no of unit   weak      pK        sigma    epsilon  zatalpha
                                                 radius       charges      charge                              
--------       --        ----     --     ----    ---------    ----------   ------    --        -----    -------  --------
macroion        2
                         macroi   1    230.000   20.000      -60.0000        F      0.0000     0.0000    0.0000    0.0000
ion1           60
                         ion1     1     23.000    2.000        1.0000        F      0.0000     0.0000    0.0000    0.0000
ion2           60
                         ion2     1     23.000    2.000        1.0000        F      0.0000     0.0000    0.0000    0.0000

molecular input frame: macroion  
---------------------- --------

atom               coordinate (x,y,z)
----               ------------------
os           0.00000   0.00000   0.00000

principal axis frame: macroion  
--------------------- --------

atom               coordinate (x,y,z)
----               ------------------
os           0.00000   0.00000   0.00000

molecular input frame: ion1      
---------------------- ----

atom               coordinate (x,y,z)
----               ------------------
na           0.00000   0.00000   0.00000

principal axis frame: ion1      
--------------------- ----

atom               coordinate (x,y,z)
----               ------------------
na           0.00000   0.00000   0.00000

molecular input frame: ion2      
---------------------- ----

atom               coordinate (x,y,z)
----               ------------------
na           0.00000   0.00000   0.00000

principal axis frame: ion2      
--------------------- ----

atom               coordinate (x,y,z)
----               ------------------
na           0.00000   0.00000   0.00000

particle             mass           moment of inertia (x,y,z)        maximal atom-com distance
--------             ----           -------------------------        -------------------------
macroion          230.000          0.000     0.000     0.000             0.000
ion1               23.000          0.000     0.000     0.000             0.000
ion2               23.000          0.000     0.000     0.000             0.000

**************************************************************************************************************
*                                          two-body potential data                                           *
**************************************************************************************************************

rcut                           =     428.957
utoltab                        =   0.100E-03
ftoltab                        =   0.100E-02
umaxtab                        =   0.200E+06
fmaxtab                        =   0.200E+07

monoatomic energy and force routines

relative permittivity          =   78.402600

system net charge based on zat =    0.00    

particle pair              potential
-------------              ---------
macroion-macroion            default             
macroion-ion1                default             
macroion-ion2                default             
ion1-ion1                    default             
ion1-ion2                    default             
ion2-ion2                    default             

atom pair         energy coefficients (ipot and ucoff)
---------         ------------------------------------
macroion-macroion      1  0.637948E+05
macroion-ion1          1 -0.106325E+04
macroion-ion2          1 -0.106325E+04
ion1-ion1              1  0.177208E+02
ion1-ion2              1  0.177208E+02
ion2-ion2              1  0.177208E+02

number of 1/r coefficients than has been changed/added based on zat =  6

specification of two-body potential tables
------------------------------------------
atom pair          no of grids         iubuflow       rumin     rumax
---------          -----------         --------       -----     -----
macroion-macro       156                   1          0.314   471.853
macroion-ion1        170                1873          0.032   471.853
macroion-ion2        170                3913          0.032   471.853
ion1-ion1             78                5953          0.032   471.853
ion1-ion2             78                6889          0.032   471.853
ion2-ion2             78                7825          0.032   471.853

nbuf (needed, allocated)        =       8761      9000

**************************************************************************************************************
*                                         initial configuration data                                         *
**************************************************************************************************************

start configuration from SetConfiguration
-----------------------------------------
part. type    routine          no of unit cells (x,y,z)     lower (x,y,z)      upper (x,y,z)      shift (x,y,z)
----------    -------          ------------------------     -------------      -------------      -------------
 1  macroion  pclattice               1    1    2         -80.0 -80.0 -45.0   80.0  80.0  45.0    0.5   0.5   0.5
 2  ion1      random                  0    0    0         -80.0 -80.0-198.0   80.0  80.0   0.0    0.0   0.0   0.0
 3  ion2      random                  0    0    0         -80.0 -80.0   0.0   80.0  80.0 198.0    0.0   0.0   0.0

first macrostep                =      1

**************************************************************************************************************
*                                                coordinates                                                 *
**************************************************************************************************************


particle coordinates
--------------------
particle no   particle type       com (x,y,z)              x'-axis (x,y,z)        y'-axis (x,y,z)        z'-axis (x,y,z)
-----------   -------------       -----------              ---------------        ---------------        ---------------
     1        macroion        0.000    0.000  -22.500   1.000  0.000  0.000    0.000  1.000  0.000    0.000  0.000  1.000
     2        macroion        0.000    0.000   22.500   1.000  0.000  0.000    0.000  1.000  0.000    0.000  0.000  1.000
     3        ion1           77.777   -8.724 -133.490   0.373  0.850  0.373   -0.263  0.482 -0.836   -0.890  0.213  0.403
     4        ion1           33.101   20.528 -105.053  -0.025  0.747  0.664   -0.593 -0.546  0.592    0.805 -0.380  0.457
     5        ion1          -20.957  -17.458 -149.534  -0.651  0.656  0.382    0.115 -0.413  0.904    0.750  0.632  0.193
     6        ion1          -47.847   40.867 -115.816  -0.964 -0.012 -0.266    0.261 -0.248 -0.933   -0.055 -0.969  0.242
     7        ion1          -30.701   26.761 -168.077  -0.432 -0.816  0.383    0.041 -0.443 -0.896    0.901 -0.371  0.225
     8        ion1            8.994   40.543  -26.773   0.476 -0.786  0.394   -0.263  0.300  0.917   -0.839 -0.540 -0.063
     9        ion1           55.352   40.443  -34.939   0.259 -0.416  0.872    0.513 -0.706 -0.489    0.819  0.574  0.030
    10        ion1           27.509  -18.981 -180.289  -0.835 -0.541 -0.099   -0.230  0.180  0.956   -0.500  0.821 -0.275
    11        ion1           -8.839   39.781 -160.072  -0.638  0.371 -0.675    0.061 -0.849 -0.525   -0.767 -0.376  0.519
    12        ion1           37.178    0.832 -170.546   0.577 -0.770 -0.273   -0.656 -0.237 -0.717    0.487  0.592 -0.642
    13        ion1            9.556  -29.488  -57.333   0.591  0.797 -0.121   -0.340  0.382  0.859    0.731 -0.467  0.497
    14        ion1          -30.755  -37.575  -76.611   0.610  0.730 -0.308    0.660 -0.254  0.707    0.438 -0.635 -0.637
    15        ion1           32.993   36.860  -81.153   0.653  0.747 -0.125   -0.628  0.441 -0.642   -0.424  0.497  0.757
    16        ion1          -52.727  -56.469  -20.481  -0.661 -0.486  0.572   -0.712  0.166 -0.682    0.236 -0.858 -0.456
    17        ion1           60.453   26.100  -66.999  -0.009 -0.766  0.643    0.097 -0.641 -0.762    0.995  0.056  0.080
    18        ion1           17.537   34.147  -54.746  -0.884  0.461  0.076    0.136  0.098  0.986    0.447  0.882 -0.150
    19        ion1          -45.987   47.652  -74.626   0.233  0.682 -0.694    0.966 -0.079  0.246    0.113 -0.727 -0.677
    20        ion1           -6.316   -2.704  -74.735   0.448  0.205  0.870   -0.740 -0.461  0.490    0.501 -0.863 -0.055
    21        ion1          -12.595  -59.517 -114.954   0.690 -0.249  0.680   -0.624 -0.679  0.386    0.366 -0.691 -0.624
    22        ion1          -40.200   22.307 -131.044  -0.049 -0.873  0.486   -0.153  0.487  0.860   -0.987 -0.032 -0.157
    23        ion1           41.671  -45.063  -66.510   0.527 -0.437  0.729   -0.764 -0.619  0.182    0.372 -0.653 -0.660
    24        ion1          -24.933   29.290 -120.603  -0.572  0.189  0.798    0.820  0.155  0.551   -0.020  0.970 -0.243
    25        ion1           -6.709   75.034  -62.248  -0.313 -0.548  0.776   -0.068 -0.802 -0.594    0.947 -0.238  0.213
    26        ion1          -59.107   20.587 -112.135  -0.412 -0.644  0.644    0.743  0.172  0.647   -0.528  0.745  0.408
    27        ion1           -6.327  -26.882  -60.629  -0.432  0.588 -0.684    0.731  0.672  0.116    0.528 -0.450 -0.720
    28        ion1          -61.318  -21.456 -149.859  -0.287 -0.693  0.661   -0.622  0.660  0.422   -0.728 -0.290 -0.620
    29        ion1           41.923   10.262 -139.605   0.626  0.733  0.268    0.776 -0.550 -0.308   -0.079  0.401 -0.913
    30        ion1           41.556   24.989   -2.059  -0.690  0.410 -0.597   -0.613 -0.770  0.178   -0.386  0.489  0.782
    31        ion1          -58.311   35.980 -177.545  -0.583 -0.322 -0.746    0.686 -0.687 -0.240   -0.435 -0.652  0.621
    32        ion1           50.000   23.529 -160.100   0.822  0.276  0.498    0.564 -0.279 -0.777   -0.075  0.920 -0.385
    33        ion1          -34.724  -53.004 -149.591  -0.333  0.799 -0.500    0.652 -0.188 -0.735   -0.681 -0.570 -0.459
    34        ion1          -21.564  -14.816  -35.610   0.140 -0.546  0.826    0.600 -0.617 -0.509    0.787  0.567  0.242
    35        ion1           55.540   37.249  -76.441   0.273  0.866 -0.419    0.418 -0.499 -0.759   -0.867  0.032 -0.498
    36        ion1          -65.424    0.670  -16.890   0.623  0.300 -0.722   -0.573 -0.453 -0.683   -0.532  0.840 -0.110
    37        ion1           16.309  -29.757  -79.781   0.009 -0.994 -0.111   -0.109 -0.111  0.988   -0.994  0.003 -0.109
    38        ion1           18.693   70.602 -181.447   0.779  0.455  0.431    0.569 -0.801 -0.185    0.261  0.390 -0.883
    39        ion1           -4.585   -2.628 -147.143  -0.620  0.060 -0.782   -0.729  0.322  0.603    0.289  0.945 -0.156
    40        ion1           39.776   40.221 -113.333   0.857 -0.354 -0.375    0.500  0.394  0.771   -0.126 -0.848  0.514
    41        ion1           16.328  -52.434  -80.183   0.105  0.661 -0.743    0.716 -0.569 -0.405   -0.690 -0.490 -0.533
    42        ion1          -39.129  -33.424   -9.576  -0.606  0.369  0.705   -0.786 -0.140 -0.602   -0.123 -0.919  0.375
    43        ion1            0.455  -36.831 -119.139  -0.097 -0.919  0.383    0.475  0.296  0.829   -0.875  0.262  0.407
    44        ion1          -46.618  -17.987   -0.155  -0.414  0.906  0.087    0.064 -0.066  0.996    0.908  0.418 -0.030
    45        ion1           49.203    6.525  -87.709   0.549 -0.584 -0.598   -0.411  0.435 -0.801    0.728  0.686 -0.002
    46        ion1           48.718   38.874 -190.545  -0.305  0.807  0.506   -0.022 -0.537  0.843    0.952  0.246  0.182
    47        ion1          -36.023   19.977 -177.127  -0.017 -0.592 -0.806    0.425  0.725 -0.541    0.905 -0.352  0.239
    48        ion1          -21.718   69.503  -73.659   0.721  0.253 -0.645    0.692 -0.203  0.693    0.044 -0.946 -0.321
    49        ion1          -40.580  -16.562 -131.930   0.762 -0.575 -0.298    0.000  0.461 -0.888    0.648  0.676  0.351
    50        ion1            3.983   78.740 -136.094   0.797 -0.237 -0.556   -0.472  0.331 -0.817    0.378  0.913  0.152
    51        ion1          -14.741  -20.948 -139.999   0.019 -0.016  1.000    0.755  0.656 -0.003   -0.656  0.754  0.024
    52        ion1           10.586   58.806 -173.328  -0.511 -0.807 -0.297    0.511 -0.007 -0.860    0.692 -0.591  0.416
    53        ion1           25.384   30.817  -16.640  -0.205  0.163 -0.965    0.971  0.162 -0.178    0.127 -0.973 -0.192
    54        ion1          -28.535    1.626   -5.899   0.851  0.223  0.475    0.508 -0.121 -0.853   -0.133  0.967 -0.217
    55        ion1           47.749  -27.260  -60.578  -0.043 -0.993 -0.107   -0.040  0.108 -0.993    0.998 -0.038 -0.045
    56        ion1          -52.415    5.694 -195.219   0.392 -0.714 -0.580    0.210  0.683 -0.699    0.896  0.153  0.418
    57        ion1          -14.191   22.847  -75.128  -0.242 -0.906 -0.349    0.445 -0.423  0.790   -0.862  0.036  0.505
    58        ion1            4.782  -37.696 -113.571  -0.063 -0.849 -0.524    0.365 -0.509  0.780   -0.929 -0.142  0.342
    59        ion1           20.445  -68.237  -51.874   0.632 -0.771 -0.074    0.354  0.373 -0.858    0.689  0.516  0.509
    60        ion1          -36.710   12.262 -127.660  -0.576  0.022  0.817   -0.627 -0.654 -0.424    0.525 -0.757  0.390
    61        ion1           32.262  -41.600  -31.787  -0.393 -0.561 -0.728   -0.369 -0.630  0.684   -0.842  0.538  0.041
    62        ion1          -64.965   30.470 -189.389  -0.893 -0.407  0.193    0.006 -0.439 -0.899    0.450 -0.801  0.394
    63        ion2           70.536  -12.485   41.792   0.574  0.769  0.282   -0.201 -0.202  0.959    0.794 -0.607  0.038
    64        ion2            8.939  -32.671  117.174  -0.778  0.490  0.393   -0.234  0.355 -0.905   -0.583 -0.796 -0.162
    65        ion2           11.672  -73.547  167.524  -0.330 -0.938  0.107   -0.068  0.137  0.988   -0.942  0.319 -0.109
    66        ion2           -8.591   40.182  116.871  -0.260 -0.955 -0.146   -0.124 -0.117  0.985   -0.958  0.274 -0.088
    67        ion2           72.077  -17.441  172.552  -0.681 -0.298 -0.669   -0.041  0.928 -0.371    0.732 -0.225 -0.643
    68        ion2           28.851  -33.625  139.146  -0.143 -0.704 -0.696    0.628  0.479 -0.613    0.765 -0.525  0.374
    69        ion2            8.157   23.174  104.540  -0.236 -0.393 -0.889   -0.770  0.633 -0.075    0.592  0.667 -0.452
    70        ion2           39.094  -60.816  165.215   0.653 -0.306  0.692    0.722  0.527 -0.449   -0.227  0.793  0.565
    71        ion2          -50.895  -32.161  176.795  -0.631  0.435  0.643   -0.067  0.795 -0.603   -0.773 -0.423 -0.472
    72        ion2           20.852  -74.141    9.036   0.558  0.374 -0.741    0.548  0.505  0.667    0.624 -0.778  0.077
    73        ion2          -28.926  -58.026   62.617   0.649 -0.599 -0.468   -0.049  0.581 -0.812    0.759  0.550  0.348
    74        ion2          -12.242   23.665  163.938  -0.694  0.419  0.586   -0.422  0.423 -0.802   -0.583 -0.804 -0.117
    75        ion2           10.143  -22.838   55.173   0.756 -0.227 -0.614    0.653  0.204  0.729   -0.040 -0.952  0.302
    76        ion2          -31.282  -32.554   80.337  -0.712 -0.386 -0.587   -0.702  0.421  0.574    0.025  0.820 -0.571
    77        ion2           25.220  -41.753  107.179  -0.906 -0.230 -0.354    0.320  0.174 -0.931    0.276 -0.957 -0.084
    78        ion2           12.638  -47.953   17.231  -0.539  0.431 -0.724   -0.428  0.600  0.676    0.725  0.674 -0.139
    79        ion2           -4.790   70.074  195.857   0.465 -0.613 -0.639   -0.628  0.280 -0.726    0.624  0.738 -0.254
    80        ion2           28.425   -7.690   62.104   0.335  0.630 -0.700   -0.292  0.776  0.558    0.896  0.018  0.444
    81        ion2           79.020   -2.515  126.910  -0.878 -0.286  0.384   -0.457  0.255 -0.852    0.146 -0.924 -0.355
    82        ion2           26.861  -52.911  121.466   0.043 -0.402  0.915   -0.439  0.815  0.379   -0.897 -0.418 -0.141
    83        ion2           20.057  -68.919   27.107   0.265  0.924 -0.275    0.184  0.231  0.955    0.947 -0.303 -0.109
    84        ion2           53.978   24.629  149.667   0.648  0.756 -0.090    0.092  0.039  0.995    0.756 -0.653 -0.045
    85        ion2          -49.324  -41.350  191.885   0.295 -0.953  0.061   -0.639 -0.245 -0.729    0.710  0.176 -0.682
    86        ion2           23.450  -37.188   90.806  -0.476  0.326  0.817    0.712  0.688  0.141   -0.516  0.649 -0.559
    87        ion2           36.852   45.533  115.790   0.560  0.294 -0.775   -0.717 -0.297 -0.631   -0.416  0.908  0.044
    88        ion2          -39.539  -66.966   86.469  -0.429  0.852  0.300    0.332  0.457 -0.825   -0.840 -0.255 -0.479
    89        ion2           41.045  -24.846   69.923  -0.178 -0.971  0.157    0.002 -0.160 -0.987    0.984 -0.175  0.031
    90        ion2           11.779   47.952  155.691  -0.556  0.812 -0.177   -0.058  0.174  0.983    0.829  0.557 -0.050
    91        ion2           77.838   14.222   87.095   0.349 -0.818  0.457    0.505  0.575  0.644   -0.790  0.006  0.613
    92        ion2           15.647   35.506   86.788   0.005  0.692  0.722   -0.212  0.706 -0.675   -0.977 -0.149  0.150
    93        ion2           52.883   12.098  170.681  -0.005 -0.795 -0.607    0.968  0.148 -0.201    0.249 -0.589  0.769
    94        ion2          -11.528  -16.960   49.938  -0.693  0.640  0.332   -0.231  0.238 -0.943   -0.682 -0.731 -0.017
    95        ion2           45.351  -44.592   17.968   0.189 -0.610 -0.770   -0.612  0.540 -0.578    0.768  0.580 -0.271
    96        ion2          -49.677   51.711  136.629   0.708 -0.686  0.165    0.093  0.323  0.942   -0.700 -0.652  0.292
    97        ion2           28.482  -43.330  186.553  -0.989  0.101  0.113   -0.072  0.339 -0.938   -0.133 -0.935 -0.328
    98        ion2           19.379   63.704  112.444  -0.801 -0.305 -0.515   -0.397 -0.373  0.838   -0.448  0.876  0.178
    99        ion2           -6.187  -15.019   93.306  -0.226  0.973 -0.041   -0.028  0.036  0.999    0.974  0.227  0.020
   100        ion2          -37.226   24.527  102.570   0.922 -0.181  0.341    0.381  0.276 -0.883    0.065  0.944  0.323
   101        ion2           40.235   58.091   45.890  -0.537  0.537  0.651   -0.213  0.660 -0.721   -0.816 -0.525 -0.240
   102        ion2          -11.593   55.562  179.024  -0.772  0.083  0.630   -0.635 -0.079 -0.768   -0.014 -0.993  0.114
   103        ion2           64.539    5.152  103.620   0.751  0.623  0.218    0.365 -0.116 -0.924   -0.550  0.773 -0.315
   104        ion2          -14.157  -65.042  192.414  -0.738  0.052  0.673    0.485  0.734  0.475   -0.469  0.677 -0.567
   105        ion2          -16.322   -7.670   72.547   0.663  0.093 -0.743   -0.434  0.856 -0.280    0.610  0.508  0.608
   106        ion2           45.244   -4.403  162.502  -0.729  0.442  0.522    0.651  0.213  0.729    0.211  0.871 -0.443
   107        ion2           33.804  -33.631   14.954  -0.444  0.421  0.791   -0.665  0.437 -0.606   -0.601 -0.795  0.087
   108        ion2           52.660  -55.687   93.753  -0.630  0.218 -0.745   -0.773 -0.083  0.629    0.075  0.973  0.220
   109        ion2          -23.637   67.847   18.941  -0.051 -0.967 -0.250   -0.121  0.255 -0.959    0.991 -0.019 -0.130
   110        ion2           10.713   14.140   36.909  -0.678  0.713 -0.177   -0.183  0.070  0.981    0.712  0.697  0.083
   111        ion2          -27.239   39.109  138.300  -0.785 -0.451  0.425   -0.192 -0.475 -0.859    0.589 -0.756  0.286
   112        ion2           10.807  -62.577  156.023   0.072  0.759 -0.647    0.404 -0.616 -0.677   -0.912 -0.213 -0.350
   113        ion2          -31.610  -35.987   43.224  -0.426 -0.074 -0.902    0.065  0.992 -0.112    0.902 -0.106 -0.418
   114        ion2          -37.890   58.608   40.238  -0.826 -0.379  0.417    0.330  0.274  0.903   -0.457  0.884 -0.101
   115        ion2           28.303  -46.948   40.223  -0.857 -0.201  0.475   -0.422 -0.257 -0.870    0.296 -0.945  0.136
   116        ion2           29.253   35.362  176.857  -0.531  0.842  0.100    0.342  0.105  0.934    0.776  0.530 -0.343
   117        ion2          -40.160   20.620  140.959  -0.452 -0.538 -0.711   -0.639 -0.361  0.679   -0.622  0.762 -0.181
   118        ion2          -72.396    9.633   17.231  -0.514  0.735 -0.443   -0.268 -0.627 -0.731   -0.815 -0.257  0.519
   119        ion2           15.926   38.829   91.047  -0.922 -0.383  0.057    0.075 -0.034  0.997   -0.380  0.923  0.060
   120        ion2           65.197   30.870   54.144   0.095 -0.811  0.578   -0.531 -0.532 -0.659    0.842 -0.244 -0.481
   121        ion2           51.845  -52.699  178.180   0.944  0.007  0.329    0.321 -0.232 -0.918    0.070  0.973 -0.222
   122        ion2           31.035   61.937  162.957   0.123  0.735 -0.667   -0.008 -0.671 -0.741   -0.992  0.096 -0.077

**************************************************************************************************************
*                                                  mc data                                                   *
**************************************************************************************************************

uniform sampling, sequence

single-particle move                   macroion       ion1           ion2      
-------------------                    ----------     ----------     ----------
probability                    =       1.000          1.000          1.000
tran. displacement parameter   =            0.000         20.000         20.000
rot. displacement parameter    =            0.000          0.000          0.000


**************************************************************************************************************
*                                               neighbour list                                               *
**************************************************************************************************************

verlet list
automatic control of update frequency
layer thickness                =       200.000
factor used to calculate nneigh=         2.000
maximal number of neighbours   =          2000

**************************************************************************************************************
*                                          thermodynamic quantities                                          *
**************************************************************************************************************

quantity                            initial value
&-------                            -------------
total potential energy         =         -0.73766
 total two-body energy         =         -0.73766
  macroion-macroion            =         11.62018
  macroion-ion1                =        -10.95819
  macroion-ion2                =        -10.32995
  ion1-ion1                    =          3.16068
  ion1-ion2                    =          2.70986
  ion2-ion2                    =          3.05977
enthalpy                       =          1.49372
temperature                    =        298.00000
pressure (excl. cont. contr.)  =          0.05649
number of particles            =        122.00000
volume                         =      8.00226E+06

total potential energy (NkT)   =         -0.29772
pressure (NkT/V)(excl. contact)=          0.90058
pressure (kT) (excl. contact)  =      1.37299E-05
 
total cpu time since start (s)        0.02

**************************************************************************************************************
*                                                                                                            *
*                              r e s u l t   o f   m a c r o s t e p         1                               *
*                                                                                                            *
**************************************************************************************************************

 
  step/pass   pot. energy    temperature    pressure       volume

**************************************************************************************************************
*                                               mc statistics                                                *
**************************************************************************************************************

single-particle move                             total          macroion            ion1                ion2      
-------------------                              -----          ----------          ----------          ----------
total number of conf.          =            12200 1.00            200 1.00           6000 1.00           6000 1.00
accepted number of conf.       =             7747 0.64            200 1.00           3755 0.63           3792 0.63
energy rejected conf.          =             2432 0.20              0 0.00           1192 0.20           1240 0.21
outside-box rejected conf.     =              662 0.05              0 0.00            330 0.06            332 0.06
hard-core rejected conf.       =             1359 0.11              0 0.00            723 0.12            636 0.11

average no of displaced part.  =                                      1.00                1.00                1.00
average no of net joining part.=                                      0.00                0.00                0.00

**************************************************************************************************************
*                                             control statistics                                             *
**************************************************************************************************************

quantity                                    macroion            ion1                ion2      
--------                                    ----------          ----------          ----------

<dr**2>/step (macrostep)       =            0.0000E+00          0.5090E+02          0.6610E+02
precision                      =            0.0000E+00          0.4876E+01          0.6159E+01
<dr**2>/step (from start)      =            0.0000E+00          0.5090E+02          0.6610E+02
precision                      =            0.0000E+00          0.4876E+01          0.6159E+01

orientation order, x'-axis     =                1.0000              1.0000              1.0000
orientation order, y'-axis     =                1.0000              1.0000              1.0000
orientation order, z'-axis     =                1.0000              1.0000              1.0000

<ro> (x,y,z)                   =      0.00  0.00  0.00   -2.12  7.12-81.54    8.87 -4.96 79.25
<x'> (x,y,z)                   =      1.00  0.00  0.00    0.01 -0.08  0.02   -0.17  0.01 -0.04
<y'> (x,y,z)                   =      0.00  1.00  0.00    0.08 -0.12 -0.05   -0.06  0.21 -0.08
<z'> (x,y,z)                   =      0.00  0.00  1.00    0.08  0.00  0.00    0.04  0.03 -0.06

**************************************************************************************************************
*                                          thermodynamic quantities                                          *
**************************************************************************************************************

quantity                                  average    fluctuation          check
&&------                                  -------    -----------          -----
total potential energy         =        -12.06955        4.51073      0.000E+00
 total two-body energy         =        -12.06955        4.51073      0.000E+00
  macroion-macroion            =         11.62018        0.00000      0.000E+00
  macroion-ion1                =        -18.09314        2.88917      0.000E+00
  macroion-ion2                =        -17.72402        3.41149      0.425E-14
  ion1-ion1                    =          3.61393        0.29571      0.371E-14
  ion1-ion2                    =          4.88779        1.24126     -0.711E-14
  ion2-ion2                    =          3.62571        0.31950     -0.315E-14
enthalpy                       =         -9.83818        4.51073
cv                             =       3361.91847
temperature                    =        298.00000        0.00000
pressure (excl. cont. contr.)  =          0.05649        0.00000
number of particles            =        122.00000        0.00000
volume                         =      8.00226E+06    4.67707E-01

total potential energy (NkT)   =         -4.87125
pressure (NkT/V)(excl. contact)=          0.90058
pressure (kT) (excl. contact)  =      1.37299E-05
number density                 =      1.52457E-05

**************************************************************************************************************
*                                 integration of electrostatic field squared                                 *
**************************************************************************************************************

plane, point   x          y           w          elfield2s2(1:3)      integrand
-----  -----   -          -           -          ---------------      ---------
    1    1    0.0000    0.0000    0.1111    0.0110    0.0094    0.0011   -0.0096
    1    2   38.5650   28.0191    0.0512    0.0003    0.0002    0.0000   -0.0003
    1    3   14.7305   45.3358    0.0512    0.0001    0.0004    0.0000   -0.0002
    1    4  -14.7305   45.3358    0.0512    0.0001    0.0004    0.0000   -0.0002
    1    5  -38.5650   28.0191    0.0512    0.0004    0.0001    0.0001   -0.0002
    1    6  -47.6689    0.0000    0.0512    0.0004    0.0000    0.0000   -0.0002
    1    7  -38.5650  -28.0191    0.0512    0.0003    0.0002    0.0000   -0.0002
    1    8  -14.7305  -45.3358    0.0512    0.0001    0.0005    0.0000   -0.0003
    1    9   14.7305  -45.3358    0.0512    0.0001    0.0004    0.0000   -0.0003
    1   10   38.5650  -28.0191    0.0512    0.0003    0.0002    0.0000   -0.0002
    1   11   47.6689   -0.0000    0.0512    0.0005    0.0000    0.0000   -0.0002
    1   12   59.4926   43.2239    0.0376    0.0001    0.0000    0.0000   -0.0001
    1   13   22.7241   69.9377    0.0376    0.0000    0.0001    0.0000   -0.0000
    1   14  -22.7241   69.9377    0.0376    0.0000    0.0001    0.0000   -0.0000
    1   15  -59.4926   43.2239    0.0376    0.0001    0.0000    0.0000   -0.0000
    1   16  -73.5369    0.0000    0.0376    0.0001    0.0000    0.0000   -0.0000
    1   17  -59.4926  -43.2239    0.0376    0.0000    0.0000    0.0000   -0.0000
    1   18  -22.7241  -69.9377    0.0376    0.0000    0.0001    0.0000   -0.0000
    1   19   22.7241  -69.9377    0.0376    0.0000    0.0001    0.0000   -0.0000
    1   20   59.4926  -43.2239    0.0376    0.0001    0.0000    0.0000   -0.0000
    1   21   73.5369   -0.0000    0.0376    0.0001    0.0000    0.0000   -0.0000
    2    1    0.0000    0.0000    0.1111    0.0000    0.0000    0.0000    0.0000
    2    2   38.5650   28.0191    0.0512    0.0001    0.0000    0.0000   -0.0000
    2    3   14.7305   45.3358    0.0512    0.0001    0.0000    0.0001    0.0000
    2    4  -14.7305   45.3358    0.0512    0.0000    0.0000    0.0000    0.0000
    2    5  -38.5650   28.0191    0.0512    0.0000    0.0000    0.0000   -0.0000
    2    6  -47.6689    0.0000    0.0512    0.0000    0.0000    0.0000   -0.0000
    2    7  -38.5650  -28.0191    0.0512    0.0000    0.0000    0.0000   -0.0000
    2    8  -14.7305  -45.3358    0.0512    0.0000    0.0000    0.0000   -0.0000
    2    9   14.7305  -45.3358    0.0512    0.0000    0.0000    0.0000   -0.0000
    2   10   38.5650  -28.0191    0.0512    0.0000    0.0002    0.0001   -0.0001
    2   11   47.6689   -0.0000    0.0512    0.0000    0.0000    0.0000   -0.0000
    2   12   59.4926   43.2239    0.0376    0.0000    0.0000    0.0000   -0.0000
    2   13   22.7241   69.9377    0.0376    0.0000    0.0000    0.0000   -0.0000
    2   14  -22.7241   69.9377    0.0376    0.0000    0.0000    0.0000   -0.0000
    2   15  -59.4926   43.2239    0.0376    0.0000    0.0000    0.0000   -0.0000
    2   16  -73.5369    0.0000    0.0376    0.0000    0.0000    0.0000   -0.0000
    2   17  -59.4926  -43.2239    0.0376    0.0000    0.0000    0.0000   -0.0000
    2   18  -22.7241  -69.9377    0.0376    0.0000    0.0000    0.0000   -0.0000
    2   19   22.7241  -69.9377    0.0376    0.0000    0.0000    0.0000   -0.0000
    2   20   59.4926  -43.2239    0.0376    0.0000    0.0000    0.0000   -0.0000
    2   21   73.5369   -0.0000    0.0376    0.0000    0.0000    0.0000   -0.0000
    3    1    0.0000    0.0000    0.1111    0.0001    0.0000    0.0000   -0.0000
    3    2   38.5650   28.0191    0.0512    0.0000    0.0000    0.0000    0.0000
    3    3   14.7305   45.3358    0.0512    0.0000    0.0000    0.0000   -0.0000
