**************************************************************************************************************
**************************************************************************************************************
**                                                                                                          **
**                                                                                                          **
**                                                  Molsim                                                  **
**                                                                                                          **
**                  integrated md/mc/bd simulation program belonging to the molsim package                  **
**                                                                                                          **
**                                          version 6.4.7, v2.2.0                                           **
**                                                                                                          **
**                                                                                                          **
**                                                Per Linse                                                 **
**                                            Physical Chemistry                                            **
**                                         Department of Chemistry                                          **
**                                             Lund University                                              **
**                                               P.O. Box 124                                               **
**                                          S-221 00 Lund, SWEDEN                                           **
**                                                                                                          **
**                                                                                                          **
**                                         with contributions from                                          **
**                                                                                                          **
**                  Anna Akinchina, Fredrik Carlsson, Samuel Edgecombe, Yoshikatsu Hayashi                  **
**          Pascal Hebbeker, Cornelius Hofzumahaus, Niklas Källrot, Björn Linse, Vladimir Lobaskin          **
**               Thomas M. Nymand, Alberto Pais, Jurij Rescic, Stefanie Schneider, Marie Skepö              **
**          Joakim Stenhammar, Anders Wallqvist, Jos van Rijssel, Erik Wernersson, Per-Olof Åstrand         **
**                                                                                                          **
**                                                                                                          **
**************************************************************************************************************
**************************************************************************************************************
 
2017-01-05     15:50:43

**************************************************************************************************************
*                                                                                                            *
*                                            i n p u t   d a t a                                             *
*                                                                                                            *
**************************************************************************************************************


**************************************************************************************************************
*                                            general information                                             *
**************************************************************************************************************


title   : 2*(60:1) hs system, pmf                                                                   

key data: mode           : simulation
          method         : mc   
          ensemble       : nvt
          boundary cond. : cyl
          start          : setconf 


number of time steps/passes           2  *        10  =         20

temperature                    =     298.000
pressure                       =       0.101
cylindrical cell radius        =      80.000
cylindrical cell length        =     398.000
volume                         =   0.800E+07

seed of random generator       =     9876543

optional subroutine used
------------------------
   ControlAver
   MainAver
   Static

parameters controlling the output interval (0 = no)
-------------------------------------------------
   itest              0
   ipart              1
   iatom              0
   iaver            100
   ishow              1
   iplot              1
   ilist              1

external units
--------------
number        generic name        file name
------        ------------        ---------
   1               fin            FIN       
   2               fout           FOUT      
   3               fcnf           FCNF      
   8               flist          FLIST     

**************************************************************************************************************
*                                                   units                                                    *
**************************************************************************************************************

quantity                unit
--------                ----
length              1.000E-10 m
mass                1.000E-03 kg/mol
temperature         1.000E+00 k
time                1.000E-12 s
energy              1.000E+03 j/mol
heat capacity       1.000E+00 j/mol*k
diff. coeff.        1.000E-09 m**2/s
pressure            1.000E+06 pa
volume              1.000E-30 m**3
linear vel.         1.000E+02 m/s
linear acc.         1.000E+14 m/s**2
force               1.000E+11 n/mol
moment of inertia   1.000E-23 kg*m**2/mol
angle               1.745E-02 rad

**************************************************************************************************************
*                                               particle data                                                *
**************************************************************************************************************

charged atoms enabled

number of particles            =     122
number of atoms                =     122
number of particle types       =       2     (     10 )
number of atom types           =       2     (     10 )

particle       no        atom     no     mass    hard core    no of unit   weak      pK        sigma    epsilon  zatalpha
                                                 radius       charges      charge                              
--------       --        ----     --     ----    ---------    ----------   ------    --        -----    -------  --------
macroion        2
                         macroi   1    230.000   20.000      -60.0000        F      0.0000     0.0000    0.0000    0.0000
ion1          120
                         ion1     1     23.000    2.000        1.0000        F      0.0000     0.0000    0.0000    0.0000

molecular input frame: macroion  
---------------------- --------

atom               coordinate (x,y,z)
----               ------------------
os           0.00000   0.00000   0.00000

principal axis frame: macroion  
--------------------- --------

atom               coordinate (x,y,z)
----               ------------------
os           0.00000   0.00000   0.00000

molecular input frame: ion1      
---------------------- ----

atom               coordinate (x,y,z)
----               ------------------
na           0.00000   0.00000   0.00000

principal axis frame: ion1      
--------------------- ----

atom               coordinate (x,y,z)
----               ------------------
na           0.00000   0.00000   0.00000

particle             mass           moment of inertia (x,y,z)        maximal atom-com distance
--------             ----           -------------------------        -------------------------
macroion          230.000          0.000     0.000     0.000             0.000
ion1               23.000          0.000     0.000     0.000             0.000

**************************************************************************************************************
*                                          two-body potential data                                           *
**************************************************************************************************************

rcut                           =     428.957
utoltab                        =   0.100E-03
ftoltab                        =   0.100E-02
umaxtab                        =   0.200E+06
fmaxtab                        =   0.200E+07

monoatomic energy and force routines

relative permittivity          =   78.402600

system net charge based on zat =    0.00    

particle pair              potential
-------------              ---------
macroion-macroion            default             
macroion-ion1                default             
ion1-ion1                    default             

atom pair         energy coefficients (ipot and ucoff)
---------         ------------------------------------
macroion-macroion      1  0.637948E+05
macroion-ion1          1 -0.106325E+04
ion1-ion1              1  0.177208E+02

number of 1/r coefficients than has been changed/added based on zat =  3

specification of two-body potential tables
------------------------------------------
atom pair          no of grids         iubuflow       rumin     rumax
---------          -----------         --------       -----     -----
macroion-macro       156                   1          0.314   471.853
macroion-ion1        170                1873          0.032   471.853
ion1-ion1             78                3913          0.032   471.853

nbuf (needed, allocated)        =       4849      9000

**************************************************************************************************************
*                                         initial configuration data                                         *
**************************************************************************************************************

start configuration from SetConfiguration
-----------------------------------------
part. type    routine          no of unit cells (x,y,z)     lower (x,y,z)      upper (x,y,z)      shift (x,y,z)
----------    -------          ------------------------     -------------      -------------      -------------
 1  macroion  pclattice               1    1    2         -80.0 -80.0 -45.0   80.0  80.0  45.0    0.5   0.5   0.5
 2  ion1      random                  0    0    0         -80.0 -80.0-199.0   80.0  80.0 199.0    0.0   0.0   0.0

first macrostep                =      1

**************************************************************************************************************
*                                                coordinates                                                 *
**************************************************************************************************************


particle coordinates
--------------------
particle no   particle type       com (x,y,z)              x'-axis (x,y,z)        y'-axis (x,y,z)        z'-axis (x,y,z)
-----------   -------------       -----------              ---------------        ---------------        ---------------
     1        macroion        0.000    0.000  -22.500   1.000  0.000  0.000    0.000  1.000  0.000    0.000  0.000  1.000
     2        macroion        0.000    0.000   22.500   1.000  0.000  0.000    0.000  1.000  0.000    0.000  0.000  1.000
     3        ion1          -19.878  -21.606  151.363  -0.295 -0.955 -0.035    0.016 -0.042  0.999   -0.956  0.294  0.027
     4        ion1          -20.797    3.720 -128.466  -0.083  0.984  0.155    0.123 -0.144  0.982    0.989  0.100 -0.109
     5        ion1          -55.953  -51.382  -66.347  -0.106  0.444  0.890    0.335  0.858 -0.389   -0.936  0.257 -0.240
     6        ion1          -13.178   41.503 -165.992  -0.923  0.229 -0.310   -0.222  0.340  0.914    0.315  0.912 -0.263
     7        ion1           -3.574  -40.750   78.480  -0.393  0.750 -0.532    0.042  0.593  0.804    0.918  0.294 -0.265
     8        ion1           70.178   32.162   40.461   0.728  0.655 -0.201   -0.176 -0.106 -0.979   -0.663  0.748  0.038
     9        ion1           66.203  -37.557 -105.905  -0.455 -0.732 -0.507    0.876 -0.263 -0.406    0.164 -0.628  0.760
    10        ion1            9.769   71.817  -66.312  -0.965  0.201 -0.169    0.151 -0.102 -0.983   -0.215 -0.974  0.069
    11        ion1          -67.309   15.771   35.643   0.680  0.312 -0.663    0.733 -0.318  0.602   -0.023 -0.895 -0.445
    12        ion1           42.132   64.494  -26.602   0.330 -0.872  0.361    0.937  0.349 -0.013   -0.115  0.342  0.933
    13        ion1          -37.496    3.758  181.388  -0.670  0.708  0.223   -0.110  0.202 -0.973   -0.734 -0.677 -0.058
    14        ion1          -20.412  -53.939  -46.766   0.579 -0.645  0.499   -0.290  0.409  0.865   -0.762 -0.646  0.050
    15        ion1          -53.273  -10.554   73.801  -0.047  0.726  0.686    0.805 -0.379  0.456    0.591  0.574 -0.567
    16        ion1           56.905  -39.285   91.645   0.547 -0.833 -0.079    0.017  0.106 -0.994    0.837  0.543  0.072
    17        ion1          -27.005    6.980  196.183   0.381  0.744  0.550   -0.924  0.277  0.265    0.045 -0.609  0.792
    18        ion1            4.815    7.530   54.556   0.952  0.290  0.103   -0.148  0.136  0.980    0.270 -0.947  0.173
    19        ion1          -47.686   36.560   94.086   0.743 -0.666 -0.066   -0.145 -0.257  0.956   -0.653 -0.701 -0.287
    20        ion1           23.291   39.188  127.691   0.379 -0.923 -0.072   -0.234 -0.171  0.957   -0.895 -0.345 -0.281
    21        ion1          -64.616   42.850  187.846  -0.659 -0.420  0.624    0.157  0.734  0.661   -0.736  0.533 -0.418
    22        ion1           -0.944  -23.557  -92.565  -0.570  0.208 -0.795   -0.743  0.282  0.607    0.351  0.936 -0.006
    23        ion1           74.221   -2.613   39.574  -0.971  0.232 -0.050   -0.059 -0.029  0.998    0.230  0.972  0.042
    24        ion1           54.471  -14.060 -129.505  -0.388  0.699  0.601   -0.774 -0.601  0.198    0.499 -0.388  0.774
    25        ion1           73.601  -12.133 -174.106  -0.910  0.035 -0.413    0.393  0.384 -0.836    0.129 -0.923 -0.363
    26        ion1          -65.723  -18.085 -184.808   0.124  0.788  0.603    0.786 -0.449  0.425    0.606  0.421 -0.675
    27        ion1           36.408   41.311  192.470   0.817 -0.269  0.510    0.471 -0.198 -0.860    0.332  0.943 -0.035
    28        ion1           54.976   12.676   57.559   0.419 -0.685  0.596    0.859  0.087 -0.505    0.294  0.723  0.625
    29        ion1          -22.924  -61.600  -83.652  -0.133  0.661  0.738   -0.036 -0.748  0.663    0.990  0.062  0.123
    30        ion1          -34.247   19.984  -93.286   0.888  0.444 -0.116    0.140 -0.021  0.990    0.437 -0.896 -0.081
    31        ion1          -41.223   -7.316  -90.590   0.410  0.718  0.562   -0.213 -0.524  0.825    0.887 -0.458 -0.062
    32        ion1          -50.039   58.461  -43.013  -0.374  0.652  0.659    0.763  0.620 -0.181   -0.527  0.436 -0.730
    33        ion1          -51.483   -7.713  118.185  -0.998  0.044  0.047    0.046 -0.021  0.999    0.045  0.999  0.019
    34        ion1          -37.147   13.474   87.144  -0.623 -0.593  0.510    0.765 -0.597  0.240    0.162  0.540  0.826
    35        ion1           13.978    6.530  162.811   0.670 -0.737 -0.087   -0.026  0.093 -0.995    0.742  0.669  0.043
    36        ion1           -7.714  -49.942 -168.771   0.237  0.750 -0.617   -0.440 -0.483 -0.757   -0.866  0.451  0.216
    37        ion1           14.136  -77.403  -99.779  -0.954  0.121  0.275    0.299  0.297  0.907    0.028  0.947 -0.320
    38        ion1           14.911   77.353   28.977  -0.046 -0.555  0.830    0.579  0.662  0.475   -0.814  0.503  0.291
    39        ion1          -17.167   52.080  102.351   0.034  0.622  0.782   -0.790  0.496 -0.360   -0.612 -0.605  0.509
    40        ion1           16.513  -62.609  174.772  -0.648  0.586  0.486    0.263 -0.427  0.865    0.714  0.689  0.123
    41        ion1          -70.959  -27.700  -44.406   0.019  0.860  0.510    0.940  0.158 -0.301   -0.340  0.485 -0.806
    42        ion1           46.034  -17.432  137.676   0.360 -0.821  0.443   -0.870 -0.467 -0.158    0.336 -0.328 -0.883
    43        ion1           12.273   -7.434  -42.678   0.477  0.604  0.639   -0.801 -0.002  0.599    0.363 -0.797  0.483
    44        ion1          -11.176   31.740  105.826  -0.291 -0.952  0.100   -0.008  0.107  0.994   -0.957  0.288 -0.039
    45        ion1          -32.181   64.182   65.265   0.763  0.246  0.598    0.469  0.426 -0.774   -0.445  0.870  0.210
    46        ion1           13.849  -30.328 -125.946  -0.199  0.460 -0.865   -0.845 -0.528 -0.086   -0.497  0.714  0.494
    47        ion1           57.482   34.598 -144.688   0.817  0.544 -0.189   -0.227  0.003 -0.974   -0.530  0.839  0.126
    48        ion1            4.524  -41.007   46.493  -0.219  0.821  0.528    0.775 -0.183  0.605    0.593  0.541 -0.596
    49        ion1          -59.906  -11.658 -101.004  -0.047  0.491 -0.870    0.936  0.325  0.133    0.348 -0.808 -0.475
    50        ion1          -14.551   62.395 -156.199  -0.180 -0.779  0.601   -0.946 -0.031 -0.324    0.271 -0.626 -0.731
    51        ion1           13.420  -60.126  116.500  -0.760 -0.104 -0.642    0.650 -0.116 -0.751    0.004 -0.988  0.156
    52        ion1          -18.982   68.846  -78.678   0.366  0.037  0.930   -0.190 -0.975  0.113    0.911 -0.218 -0.350
    53        ion1          -13.540  -45.435 -102.634  -0.440  0.495 -0.749   -0.480 -0.835 -0.270   -0.759  0.241  0.605
    54        ion1           45.748   29.767  -62.526   0.210  0.800 -0.562   -0.491 -0.411 -0.768   -0.846  0.437  0.306
    55        ion1            7.535    0.217  -89.484   0.908 -0.395  0.138    0.230  0.197 -0.953    0.349  0.897  0.270
    56        ion1          -51.229  -40.434   77.007  -0.486  0.869  0.092    0.162  0.192 -0.968   -0.859 -0.455 -0.234
    57        ion1           29.156  -53.565  -26.149   0.046  0.332 -0.942    0.490 -0.830 -0.268   -0.871 -0.449 -0.201
    58        ion1          -45.564   24.105 -175.691  -0.151 -0.536  0.831   -0.607 -0.613 -0.506    0.780 -0.580 -0.233
    59        ion1          -59.796  -14.478   51.104  -0.849  0.098 -0.519   -0.507  0.122  0.853    0.147  0.988 -0.054
    60        ion1           -6.449  -23.222 -139.977   0.724 -0.622 -0.299   -0.656 -0.754 -0.019   -0.214  0.210 -0.954
    61        ion1           68.383   -1.758 -164.410   0.217 -0.835  0.505    0.667 -0.251 -0.702    0.713  0.489  0.503
    62        ion1           11.199   -8.331  143.387  -0.976  0.139  0.164   -0.001  0.759 -0.651   -0.216 -0.636 -0.741
    63        ion1          -24.858  -45.573  -90.504  -0.301  0.254 -0.919    0.438  0.893  0.104    0.847 -0.371 -0.380
    64        ion1          -16.357   50.460 -114.675   0.299 -0.671  0.678   -0.944 -0.312  0.108    0.139 -0.672 -0.727
    65        ion1          -30.520  -44.813 -126.439  -0.918 -0.376 -0.128   -0.087 -0.124  0.988   -0.388  0.918  0.081
    66        ion1           56.973   34.595   25.443   0.971 -0.205 -0.122   -0.108  0.077 -0.991    0.213  0.976  0.053
    67        ion1           21.329   -2.497   71.758   0.471  0.796  0.381   -0.232 -0.305  0.924    0.851 -0.523  0.041
    68        ion1           64.350   12.269  103.793  -0.368 -0.454  0.812    0.194 -0.891 -0.410    0.909  0.007  0.416
    69        ion1           33.363   43.349   42.576   0.310  0.698 -0.645   -0.637  0.657  0.404    0.706  0.285  0.648
    70        ion1          -29.663   16.989  136.306  -0.014  0.610 -0.792   -0.991 -0.114 -0.070   -0.133  0.784  0.606
    71        ion1            5.439   12.009  -56.731  -0.592 -0.629 -0.503    0.329 -0.759  0.562   -0.736  0.168  0.656
    72        ion1          -34.996  -31.956  -82.748   0.695  0.377  0.612    0.579 -0.799 -0.166    0.426  0.469 -0.773
    73        ion1            8.383   25.312  -69.514  -0.432  0.900  0.055   -0.031  0.046 -0.998   -0.901 -0.433  0.008
    74        ion1           14.338   12.000  142.347   0.489  0.693  0.531   -0.321 -0.422  0.848    0.811 -0.585  0.016
    75        ion1            5.103   71.296 -170.399   0.522 -0.526 -0.671   -0.484 -0.831  0.275   -0.702  0.182 -0.688
    76        ion1           40.873   15.752  -36.045   0.074  0.514  0.854   -0.080  0.857 -0.509   -0.994 -0.030  0.105
    77        ion1           69.867   16.861  -14.067  -0.032  0.389 -0.921    0.911  0.390  0.132    0.410 -0.835 -0.367
    78        ion1          -45.956   36.675  189.679   0.472 -0.211  0.856    0.037 -0.965 -0.258    0.881  0.153 -0.447
    79        ion1           50.167  -34.341  -18.929   0.402  0.049  0.914   -0.810  0.484  0.331   -0.426 -0.874  0.235
    80        ion1          -49.085  -55.346 -138.261   0.432 -0.781 -0.451   -0.339 -0.604  0.721   -0.836 -0.158 -0.525
    81        ion1           -2.309   -9.549  118.271  -0.083  0.215 -0.973    0.301  0.936  0.181    0.950 -0.278 -0.143
    82        ion1           -0.824   71.440  -80.034  -0.806 -0.520  0.282    0.134  0.304  0.943   -0.577  0.798 -0.175
    83        ion1          -24.429   -3.420  -38.474   0.051  0.346  0.937    0.175 -0.927  0.333    0.983  0.148 -0.108
    84        ion1          -20.630  -67.515  155.221   0.523 -0.326  0.788   -0.843 -0.336  0.420    0.128 -0.883 -0.451
    85        ion1            5.596   36.439   86.167  -0.547  0.501 -0.670   -0.243  0.672  0.700    0.801  0.545 -0.246
    86        ion1           63.653  -45.168 -111.069   0.446 -0.413  0.794    0.630  0.775  0.049   -0.635  0.479  0.606
    87        ion1          -17.918  -13.582  106.922   0.695  0.086  0.714    0.476  0.689 -0.546   -0.539  0.719  0.438
    88        ion1           -6.468   31.862  104.773   0.110 -0.800  0.589   -0.706  0.355  0.613   -0.700 -0.484 -0.526
    89        ion1           47.786   17.270  128.944   0.459  0.888  0.029    0.041 -0.054  0.998    0.888 -0.456 -0.061
    90        ion1          -11.279  -54.578   37.603   0.893  0.448  0.032   -0.009 -0.053  0.999    0.449 -0.892 -0.043
    91        ion1          -32.333   46.375  -71.518   0.495 -0.427 -0.757   -0.864 -0.328 -0.381   -0.086  0.843 -0.531
    92        ion1          -41.456  -47.975  -75.784  -0.469  0.594 -0.654    0.146  0.782  0.605    0.871  0.188 -0.454
    93        ion1          -45.905   46.304  -25.266  -0.492  0.581 -0.648   -0.870 -0.306  0.387    0.027  0.754  0.656
    94        ion1           20.992  -30.522   72.726   0.092 -0.486  0.869    0.985  0.170 -0.010   -0.143  0.857  0.494
    95        ion1           -6.427   10.767  170.566   0.596  0.506 -0.624   -0.421 -0.464 -0.779   -0.684  0.727 -0.063
    96        ion1          -16.306  -21.184  -83.719  -0.001  0.792 -0.611    0.511  0.526  0.680    0.860 -0.311 -0.405
    97        ion1           60.803  -41.909 -183.901   0.642 -0.636  0.428   -0.732 -0.675  0.094    0.229 -0.373 -0.899
    98        ion1           43.957   49.316  -28.922   0.445  0.744  0.499    0.192  0.465 -0.864   -0.874  0.481  0.064
    99        ion1            5.486  -65.664   28.139   0.398  0.108  0.911    0.398 -0.915 -0.065    0.826  0.389 -0.407
   100        ion1           77.352  -15.787   47.785   0.585 -0.538  0.607   -0.587  0.235  0.775   -0.559 -0.810 -0.178
   101        ion1           69.738  -23.414  -53.860   0.218 -0.722  0.656    0.358  0.685  0.635   -0.908  0.096  0.407
   102        ion1          -13.430  -68.180  169.772   0.678  0.316  0.664    0.663  0.129 -0.738   -0.319  0.940 -0.122
   103        ion1           47.820  -24.460    1.963  -0.808 -0.239 -0.539   -0.460 -0.317  0.830   -0.369  0.918  0.146
   104        ion1           68.711   24.606 -185.034   0.331  0.137 -0.934   -0.838  0.497 -0.224    0.433  0.857  0.280
   105        ion1          -38.687  -64.499 -160.472   0.792  0.610  0.010    0.048 -0.078  0.996    0.608 -0.788 -0.091
   106        ion1            8.006   68.029 -123.107   0.844  0.121  0.522    0.487  0.232 -0.842   -0.223  0.965  0.137
   107        ion1           53.389   17.324 -120.824   0.541  0.694  0.476    0.809 -0.583 -0.070    0.229  0.423 -0.877
   108        ion1            6.305   22.996  -84.422   0.845  0.521 -0.119   -0.238  0.169 -0.956   -0.478  0.837  0.267
   109        ion1           20.467   51.782 -126.649   0.091  0.974  0.207    0.028 -0.210  0.977    0.995 -0.083 -0.046
   110        ion1          -17.299  -60.981  -84.807  -0.448  0.355 -0.821    0.756  0.641 -0.135    0.478 -0.681 -0.555
   111        ion1          -23.474  -15.920  -93.135   0.104  0.892 -0.441    0.609  0.293  0.737    0.786 -0.345 -0.513
   112        ion1          -15.995   -2.611  181.534  -0.716 -0.050  0.696    0.672 -0.315  0.670    0.185  0.948  0.259
   113        ion1           18.120   13.322  -33.798   0.298 -0.951 -0.080   -0.070  0.061 -0.996    0.952  0.302 -0.049
   114        ion1          -18.677   59.570  148.764  -0.042  0.818 -0.574    0.142  0.574  0.807    0.989 -0.047 -0.140
   115        ion1          -12.018  -58.590  138.307  -0.172  0.478 -0.861    0.969 -0.074 -0.235   -0.176 -0.875 -0.451
   116        ion1          -33.149  -71.133  -74.327   0.292 -0.528  0.797    0.389 -0.696 -0.603    0.874  0.486  0.002
   117        ion1          -51.981   18.879  186.149   0.729  0.261 -0.632   -0.463  0.869 -0.176    0.503  0.421  0.755
   118        ion1          -11.664  -61.696   79.601   0.623 -0.619  0.477    0.394 -0.278 -0.876    0.675  0.734  0.071
   119        ion1          -69.853   -0.831  151.423  -0.465 -0.709 -0.530   -0.290  0.688 -0.666    0.837 -0.156 -0.525
   120        ion1           44.925  -16.155 -174.669   0.574 -0.486  0.659    0.814  0.254 -0.522    0.086  0.836  0.542
   121        ion1            7.848  -45.810  163.151   0.835  0.198 -0.513   -0.369 -0.489 -0.791   -0.407  0.850 -0.335
   122        ion1          -33.815   17.359  113.038  -0.078 -0.790  0.608   -0.760 -0.348 -0.549    0.645 -0.505 -0.573

**************************************************************************************************************
*                                                  mc data                                                   *
**************************************************************************************************************

uniform sampling, sequence
cubic displacement volume

single-particle move                   macroion       ion1      
-------------------                    ----------     ----------
probability                    =       1.000          1.000
tran. displacement parameter   =           10.000         20.000
rot. displacement parameter    =            0.000          0.000
 cluster1 move                 =                T              F
 fixed xy-coordinates         =                 T              F
 z_com = 0 if possible        =                 T              F


 radius of primary cluster     =      25.000          0.000
 particle selection prob.      =            1.000          0.000
apply weighting function based on the position of two particles

**************************************************************************************************************
*                                                  MCWeight                                                  *
**************************************************************************************************************

 weighting function is applied on the separation between two particles
note!!! at this stage averages are not generally reweighted

partice 1                      =           1
partice 2                      =           2
exponential weighting function (acoeffmcw(0)*exp(-acoeffmcw(1)*(r-acoeffmcw(2))))
coefficients                   =   -95.000     0.37000E-01  40.000    

**************************************************************************************************************
*                                               neighbour list                                               *
**************************************************************************************************************

verlet list
automatic control of update frequency
layer thickness                =       200.000
factor used to calculate nneigh=         2.000
maximal number of neighbours   =          2000

**************************************************************************************************************
*                                          thermodynamic quantities                                          *
**************************************************************************************************************

quantity                            initial value
&-------                            -------------
total potential energy         =          0.02906
 total two-body energy         =          0.02906
  macroion-macroion            =         11.62018
  macroion-ion1                =        -20.66679
  ion1-ion1                    =          9.07567
enthalpy                       =          2.51613
temperature                    =        298.00000
pressure (excl. cont. contr.)  =          0.06296
number of particles            =        122.00000
volume                         =      8.00226E+06

total potential energy (NkT)   =          0.01173
pressure (NkT/V)(excl. contact)=          1.00377
pressure (kT) (excl. contact)  =      1.53032E-05
 
total cpu time since start (s)        0.01

**************************************************************************************************************
*                                                                                                            *
*                              r e s u l t   o f   m a c r o s t e p         1                               *
*                                                                                                            *
**************************************************************************************************************

 
  step/pass   pot. energy    temperature    pressure       volume

**************************************************************************************************************
*                                               mc statistics                                                *
**************************************************************************************************************

single-particle move                             total          macroion            ion1      
-------------------                              -----          ----------          ----------
total number of conf.          =             1220 1.00             20 1.00           1200 1.00
accepted number of conf.       =              966 0.79              6 0.30            960 0.80
energy rejected conf.          =              180 0.15             14 0.70            166 0.14
outside-box rejected conf.     =               62 0.05              0 0.00             62 0.05
hard-core rejected conf.       =               12 0.01              0 0.00             12 0.01

average no of displaced part.  =                                      2.17                1.00
average no of net joining part.=                                      0.00                0.19

**************************************************************************************************************
*                                             control statistics                                             *
**************************************************************************************************************

quantity                                    macroion            ion1      
--------                                    ----------          ----------

<dr**2>/step (macrostep)       =            0.4143E+01          0.8359E+02
precision                      =            0.2926E+01          0.5912E+01
<dr**2>/step (from start)      =            0.4143E+01          0.8359E+02
precision                      =            0.2926E+01          0.5912E+01

orientation order, x'-axis     =                1.0000              1.0000
orientation order, y'-axis     =                1.0000              1.0000
orientation order, z'-axis     =                1.0000              1.0000

<ro> (x,y,z)                   =     0.000 0.000-0.237  -0.100-1.128-0.295
<x'> (x,y,z)                   =      1.00  0.00  0.00    0.08  0.08  0.08
<y'> (x,y,z)                   =      0.00  1.00  0.00    0.02 -0.02  0.06
<z'> (x,y,z)                   =      0.00  0.00  1.00    0.08  0.11 -0.06

**************************************************************************************************************
*                                          thermodynamic quantities                                          *
**************************************************************************************************************

quantity                                  average    fluctuation          check
&&------                                  -------    -----------          -----
total potential energy         =         -2.71610        1.71526     -0.374E-14
 total two-body energy         =         -2.71610        1.71526     -0.374E-14
  macroion-macroion            =         10.42311        0.88834      0.000E+00
  macroion-ion1                =        -22.32390        0.90221     -0.315E-15
  ion1-ion1                    =          9.18470        0.07895      0.606E-15
enthalpy                       =         -0.22903        1.71526
cv                             =        486.12774
temperature                    =        298.00000        0.00000
pressure (excl. cont. contr.)  =          0.06296        0.00000
number of particles            =        122.00000        0.00000
volume                         =      8.00226E+06    0.00000E+00

total potential energy (NkT)   =         -1.09621
pressure (NkT/V)(excl. contact)=          1.00377
pressure (kT) (excl. contact)  =      1.53032E-05
number density                 =      1.52457E-05

**************************************************************************************************************
*                                                                                                            *
*                              r e s u l t   o f   m a c r o s t e p         2                               *
*                                                                                                            *
**************************************************************************************************************

 
  step/pass   pot. energy    temperature    pressure       volume

**************************************************************************************************************
*                                               mc statistics                                                *
**************************************************************************************************************

single-particle move                             total          macroion            ion1      
-------------------                              -----          ----------          ----------
total number of conf.          =             1220 1.00             20 1.00           1200 1.00
accepted number of conf.       =              889 0.73              8 0.40            881 0.73
energy rejected conf.          =              213 0.17             12 0.60            201 0.17
outside-box rejected conf.     =               90 0.07              0 0.00             90 0.08
hard-core rejected conf.       =               28 0.02              0 0.00             28 0.02

average no of displaced part.  =                                      4.75                1.00
average no of net joining part.=                                      0.00                0.70

**************************************************************************************************************
*                                             control statistics                                             *
**************************************************************************************************************

quantity                                    macroion            ion1      
--------                                    ----------          ----------

<dr**2>/step (macrostep)       =            0.4080E+01          0.8147E+02
precision                      =            0.3957E+01          0.5740E+01
<dr**2>/step (from start)      =            0.8075E+01          0.8140E+02
precision                      =            0.7016E+01          0.5546E+01

orientation order, x'-axis     =                1.0000              1.0000
orientation order, y'-axis     =                1.0000              1.0000
orientation order, z'-axis     =                1.0000              1.0000

<ro> (x,y,z)                   =     0.000 0.000-0.397  -1.671 0.310 3.310
<x'> (x,y,z)                   =      1.00  0.00  0.00    0.08  0.08  0.08
<y'> (x,y,z)                   =      0.00  1.00  0.00    0.02 -0.02  0.06
<z'> (x,y,z)                   =      0.00  0.00  1.00    0.08  0.11 -0.06

**************************************************************************************************************
*                                          thermodynamic quantities                                          *
**************************************************************************************************************

quantity                                  average    fluctuation          check
&&------                                  -------    -----------          -----
total potential energy         =         -7.43748        1.44373      0.243E-14
 total two-body energy         =         -7.43748        1.44373      0.243E-14
  macroion-macroion            =          8.74864        0.44585      0.000E+00
  macroion-ion1                =        -25.76304        1.28243      0.941E-15
  ion1-ion1                    =          9.57692        0.26472      0.187E-14
enthalpy                       =         -6.70319        1.44373
cv                             =        344.40303
temperature                    =        298.00000        0.00000
pressure (excl. cont. contr.)  =          0.01859        0.00000
number of particles            =        122.00000        0.00000
volume                         =      8.00226E+06    0.00000E+00

total potential energy (NkT)   =         -3.00175
pressure (NkT/V)(excl. contact)=          0.29636
pressure (kT) (excl. contact)  =      4.51816E-06
number density                 =      1.52457E-05

**************************************************************************************************************
*                                                                                                            *
*                                          f i n a l   r e s u l t                                           *
*                                                                                                            *
**************************************************************************************************************

2017-01-05     15:50:43

