**************************************************************************************************************
**************************************************************************************************************
**                                                                                                          **
**                                                                                                          **
**                                                  Molsim                                                  **
**                                                                                                          **
**                  integrated md/mc/bd simulation program belonging to the molsim package                  **
**                                                                                                          **
**                                       version 6.4.7, Sep 18, 2015                                        **
**                                                                                                          **
**                                                                                                          **
**                                                Per Linse                                                 **
**                                            Physical Chemistry                                            **
**                                         Department of Chemistry                                          **
**                                             Lund University                                              **
**                                               P.O. Box 124                                               **
**                                          S-221 00 Lund, SWEDEN                                           **
**                                                                                                          **
**                                                                                                          **
**                                         with contributions from                                          **
**                                                                                                          **
**                  Anna Akinchina, Fredrik Carlsson, Samuel Edgecombe, Yoshikatsu Hayashi                  **
**          Pascal Hebbeker, Cornelius Hofzumahaus, Niklas Källrot, Björn Linse, Vladimir Lobaskin          **
**               Thomas M. Nymand, Alberto Pais, Jurij Rescic, Stefanie Schneider, Marie Skepö              **
**          Joakim Stenhammar, Anders Wallqvist, Jos van Rijssel, Erik Wernersson, Per-Olof Åstrand         **
**                                                                                                          **
**                                                                                                          **
**************************************************************************************************************
**************************************************************************************************************
 
2016-08-16     11:30:53

**************************************************************************************************************
*                                                                                                            *
*                                            i n p u t   d a t a                                             *
*                                                                                                            *
**************************************************************************************************************


**************************************************************************************************************
*                                            general information                                             *
**************************************************************************************************************


title   : hs 60:1 system, spherical cell                                                            

key data: mode           : simulation
          method         : mc   
          ensemble       : nvt
          boundary cond. : sph
          start          : setconf 
          txuser         : twocomponentmodel_corr                                                          


number of time steps/passes           2  *       100  =        200

temperature                    =     298.000
pressure                       =       0.101
spherical cell radius          =      50.000
volume                         =   0.524E+06

seed of random generator       =     9876543

optional subroutine used
------------------------
   ControlAver
   MainAver
   DistFunc
   Group
   Static

parameters controlling the output interval (0 = no)
-------------------------------------------------
   itest              0
   ipart              1
   iatom              0
   iaver             50
   ishow              1
   iplot              1
   ilist              1

external units
--------------
number        generic name        file name
------        ------------        ---------
   1               fin            FIN       
   2               fout           FOUT      
   3               fcnf           FCNF      
   8               flist          FLIST     

**************************************************************************************************************
*                                                   units                                                    *
**************************************************************************************************************

quantity                unit
--------                ----
length              1.000E-10 m
mass                1.000E-03 kg/mol
temperature         1.000E+00 k
time                1.000E-12 s
energy              1.000E+03 j/mol
heat capacity       1.000E+00 j/mol*k
diff. coeff.        1.000E-09 m**2/s
pressure            1.000E+06 pa
volume              1.000E-30 m**3
linear vel.         1.000E+02 m/s
linear acc.         1.000E+14 m/s**2
force               1.000E+11 n/mol
moment of inertia   1.000E-23 kg*m**2/mol
angle               1.745E-02 rad

**************************************************************************************************************
*                                               particle data                                                *
**************************************************************************************************************

charged atoms enabled

number of particles            =      61
number of atoms                =      61
number of particle types       =       2     (     10 )
number of atom types           =       2     (     10 )

particle       no        atom     no     mass    hard core    no of unit   weak      pK        sigma    epsilon  zatalpha
                                                 radius       charges      charge                              
--------       --        ----     --     ----    ---------    ----------   ------    --        -----    -------  --------
micelle         1
                         mic      1    460.000   20.000      -60.0000        F      0.0000     0.0000    0.0000    0.0000
ion            60
                         ion      1     23.000    2.000        1.0000        F      0.0000     0.0000    0.0000    0.0000

molecular input frame: micelle   
---------------------- -------

atom               coordinate (x,y,z)
----               ------------------
mic          0.00000   0.00000   0.00000

principal axis frame: micelle   
--------------------- -------

atom               coordinate (x,y,z)
----               ------------------
mic          0.00000   0.00000   0.00000

molecular input frame: ion       
---------------------- ---

atom               coordinate (x,y,z)
----               ------------------
ion          0.00000   0.00000   0.00000

principal axis frame: ion       
--------------------- ---

atom               coordinate (x,y,z)
----               ------------------
ion          0.00000   0.00000   0.00000

particle             mass           moment of inertia (x,y,z)        maximal atom-com distance
--------             ----           -------------------------        -------------------------
micelle           460.000          0.000     0.000     0.000             0.000
ion                23.000          0.000     0.000     0.000             0.000

**************************************************************************************************************
*                                          two-body potential data                                           *
**************************************************************************************************************

rcut                           =     100.000
utoltab                        =   0.100E-04
ftoltab                        =   0.100E-04
umaxtab                        =   0.200E+05
fmaxtab                        =   0.200E+05

monoatomic energy and force routines

relative permittivity          =   78.402600

system net charge based on zat =    0.00    

particle pair              potential
-------------              ---------
micelle-micelle              default             
micelle-ion                  default             
ion-ion                      default             

atom pair         energy coefficients (ipot and ucoff)
---------         ------------------------------------
mic-mic                1  0.637948E+05
mic-ion                1 -0.106325E+04
ion-ion                1  0.177208E+02

number of 1/r coefficients than has been changed/added based on zat =  3

specification of two-body potential tables
------------------------------------------
atom pair          no of grids         iubuflow       rumin     rumax
---------          -----------         --------       -----     -----
mic-mic              110                   1          3.163   110.000
mic-ion              146                1321          0.316   110.000
ion-ion               66                3073          0.316   110.000

nbuf (needed, allocated)        =       3865      9000

**************************************************************************************************************
*                                         initial configuration data                                         *
**************************************************************************************************************

start configuration from SetConfiguration
-----------------------------------------
part. type    routine          no of unit cells (x,y,z)     lower (x,y,z)      upper (x,y,z)      shift (x,y,z)
----------    -------          ------------------------     -------------      -------------      -------------
 1  micelle   origin                  0    0    0        -50.00-50.00-50.00  50.00 50.00 50.00   0.00  0.00  0.00
 2  ion       random                  0    0    0        -50.00-50.00-50.00  50.00 50.00 50.00   0.00  0.00  0.00

first macrostep                =      1

**************************************************************************************************************
*                                                coordinates                                                 *
**************************************************************************************************************


particle coordinates
--------------------
particle no   particle type       com (x,y,z)              x'-axis (x,y,z)        y'-axis (x,y,z)        z'-axis (x,y,z)
-----------   -------------       -----------              ---------------        ---------------        ---------------
     1        micelle         0.000    0.000    0.000   1.000  0.000  0.000    0.000  1.000  0.000    0.000  0.000  1.000
     2        ion           -20.064   36.838   20.688   0.961 -0.269 -0.060    0.083  0.073  0.994   -0.263 -0.960  0.093
     3        ion           -41.376  -13.098  -10.911  -0.379 -0.652  0.657    0.657  0.311  0.687   -0.652  0.692  0.310
     4        ion            -9.084  -33.170   -0.405  -0.159  0.716 -0.680   -0.750 -0.535 -0.388   -0.642  0.449  0.622
     5        ion           -19.188   16.726  -35.745  -0.432 -0.816  0.383    0.041 -0.443 -0.896    0.901 -0.371  0.225
     6        ion             5.621   25.339   36.342   0.476 -0.786  0.394   -0.263  0.300  0.917   -0.839 -0.540 -0.063
     7        ion            10.343  -16.614   34.800   0.581 -0.800 -0.153    0.068  0.235 -0.970    0.811  0.553  0.191
     8        ion           -21.366  -13.699   17.193  -0.188 -0.663 -0.724   -0.907 -0.166  0.387   -0.377  0.730 -0.571
     9        ion           -37.289   29.222   -5.525   0.488 -0.622 -0.612    0.298 -0.541  0.787   -0.820 -0.566 -0.079
    10        ion             0.520  -37.004   11.685  -0.499 -0.177 -0.848   -0.210 -0.925  0.317   -0.841  0.337  0.425
    11        ion           -43.693    5.973  -18.430   0.379  0.551  0.743   -0.118 -0.768  0.630    0.918 -0.327 -0.226
    12        ion            10.917   14.075   16.827  -0.138  0.924 -0.356    0.353  0.382  0.854    0.926 -0.008 -0.378
    13        ion            20.621   23.038    8.600   0.653  0.747 -0.125   -0.628  0.441 -0.642   -0.424  0.497  0.757
    14        ion           -25.783   30.346  -28.258   0.158  0.906  0.391    0.950 -0.033 -0.309   -0.267  0.421 -0.867
    15        ion           -31.708   10.960   21.342   0.418 -0.805  0.420    0.044  0.480  0.876   -0.908 -0.348  0.236
    16        ion            11.930   12.080   35.411  -0.990  0.141 -0.012    0.011 -0.008 -1.000   -0.141 -0.990  0.006
    17        ion            -7.872  -37.198   -8.644   0.690 -0.249  0.680   -0.624 -0.679  0.386    0.366 -0.691 -0.624
    18        ion           -25.125   13.942  -16.852  -0.049 -0.873  0.486   -0.153  0.487  0.860   -0.987 -0.032 -0.157
    19        ion            26.044  -28.165   16.070   0.527 -0.437  0.729   -0.764 -0.619  0.182    0.372 -0.653 -0.660
    20        ion           -15.583   18.306  -11.526  -0.572  0.189  0.798    0.820  0.155  0.551   -0.020  0.970 -0.243
    21        ion           -11.178  -19.604   27.743  -0.054 -0.638 -0.768    0.825 -0.462  0.326   -0.563 -0.616  0.551
    22        ion            46.902   10.853   -3.955  -0.492  0.558 -0.668    0.436 -0.507 -0.744   -0.754 -0.657  0.006
    23        ion           -13.410  -26.451  -19.049  -0.705  0.673 -0.225    0.241  0.525  0.816    0.667  0.521 -0.533
    24        ion            26.202    6.414  -21.220   0.626  0.733  0.268    0.776 -0.550 -0.308   -0.079  0.401 -0.913
    25        ion            24.207   12.873   -6.375  -0.761 -0.544 -0.354   -0.278 -0.221  0.935   -0.587  0.810  0.017
    26        ion           -15.122   36.338  -22.737   0.905 -0.261 -0.336   -0.155  0.533 -0.832    0.396  0.805  0.442
    27        ion            18.436  -18.939   34.713   0.783  0.370  0.501    0.610 -0.296 -0.735   -0.124  0.881 -0.457
    28        ion            10.193  -18.598    9.299   0.009 -0.994 -0.111   -0.109 -0.111  0.988   -0.994  0.003 -0.109
    29        ion            19.940  -28.041   -2.866  -0.043 -0.661 -0.749    0.058 -0.751  0.658   -0.997 -0.015  0.071
    30        ion           -20.005  -21.166    9.884   0.221  0.290 -0.931    0.886  0.340  0.316    0.408 -0.895 -0.182
    31        ion           -36.808  -24.456  -20.890   0.706 -0.605  0.368    0.274 -0.246 -0.930    0.653  0.758 -0.008
    32        ion            -7.198    0.285  -23.019  -0.266 -0.101 -0.959    0.352  0.916 -0.194    0.897 -0.389 -0.208
    33        ion            26.286  -29.136  -11.242   0.722 -0.288  0.629    0.128  0.949  0.288   -0.680 -0.127  0.722
    34        ion           -32.459   30.752    4.078   0.099  0.681 -0.725   -0.538 -0.576 -0.615   -0.837  0.451  0.310
    35        ion            23.659   -1.662  -39.972  -0.470  0.261 -0.843   -0.027 -0.959 -0.281   -0.882 -0.109  0.458
    36        ion           -13.573   43.440   12.423   0.721  0.253 -0.645    0.692 -0.203  0.693    0.044 -0.946 -0.321
    37        ion           -17.305   21.961  -16.573  -0.397  0.000  0.918    0.051  0.998  0.022   -0.916  0.055 -0.397
    38        ion           -13.093  -21.421    0.901  -0.014  0.841  0.541    0.918  0.225 -0.327   -0.397  0.492 -0.775
    39        ion            -0.583   15.865   19.260   0.972 -0.184  0.147   -0.118  0.159  0.980   -0.203 -0.970  0.133
    40        ion            40.394   10.594   22.567   0.637 -0.152 -0.756   -0.547  0.601 -0.582    0.543  0.784  0.300
    41        ion           -17.037   19.096   -2.154  -0.957 -0.103 -0.270    0.288 -0.249 -0.925    0.028 -0.963  0.268
    42        ion            38.254   -8.870   14.279   0.237 -0.250 -0.939   -0.564  0.751 -0.343    0.791  0.611  0.037
    43        ion           -22.521    2.989  -23.560  -0.200 -0.073 -0.977   -0.751  0.651  0.105    0.629  0.755 -0.185
    44        ion             7.664  -15.126  -29.216   0.023  0.848 -0.530   -0.589  0.440  0.678    0.808  0.296  0.509
    45        ion           -26.000   33.784  -22.853  -0.605 -0.786 -0.126   -0.037 -0.130  0.991   -0.795  0.604  0.050
    46        ion           -35.096    5.587  -20.420   0.297 -0.808  0.508    0.240 -0.452 -0.859    0.924  0.378  0.060
    47        ion            35.463  -10.426  -29.651   0.118 -0.441  0.890   -0.186  0.870  0.456   -0.975 -0.219  0.020
    48        ion             9.622  -12.591  -46.286  -0.249 -0.704 -0.665    0.966 -0.234 -0.114   -0.075 -0.670  0.738
    49        ion           -47.106   -0.360    8.169   0.519 -0.605  0.604   -0.155 -0.761 -0.630    0.841  0.233 -0.489
    50        ion           -34.095   12.576    9.586   0.324  0.922  0.212   -0.111 -0.185  0.976    0.939 -0.340  0.043
    51        ion            -3.081   36.513   -7.651   0.273  0.622 -0.734    0.431  0.603  0.671    0.860 -0.500 -0.103
    52        ion           -15.931   15.951    6.340  -0.289 -0.442  0.849   -0.296 -0.802 -0.519    0.910 -0.401  0.101
    53        ion           -39.154   23.511   15.763  -0.465  0.083 -0.881   -0.533 -0.821  0.203   -0.707  0.564  0.426
    54        ion            28.036   15.280    7.899  -0.486 -0.669 -0.562    0.442 -0.743  0.502   -0.754 -0.004  0.657
    55        ion           -20.836    9.307   17.766  -0.159 -0.605  0.781    0.612 -0.681 -0.403    0.775  0.414  0.478
    56        ion            -1.572   14.743  -24.697  -0.172  0.231 -0.958    0.564 -0.774 -0.288   -0.808 -0.590  0.003
    57        ion           -14.153   19.514   24.500   0.742  0.338  0.579    0.401  0.468 -0.787   -0.538  0.816  0.212
    58        ion            -5.170   27.327   11.523  -0.493 -0.413  0.766    0.281 -0.908 -0.309    0.823  0.063  0.564
    59        ion             2.540  -39.971  -15.303   0.529 -0.838 -0.133   -0.119  0.081 -0.990    0.840  0.539 -0.057
    60        ion            39.629   14.018   13.540   0.611  0.754  0.240    0.231  0.121 -0.965   -0.758  0.645 -0.100
    61        ion           -26.532  -19.774   -8.208  -0.587  0.592  0.552    0.401 -0.379  0.834    0.703  0.711 -0.015

**************************************************************************************************************
*                                                  mc data                                                   *
**************************************************************************************************************

uniform sampling, random

single-particle move                   micelle        ion       
-------------------                    ----------     ----------
probability                    =       1.000          1.000
tran. displacement parameter   =            0.000         15.000
rot. displacement parameter    =            0.000          0.000


**************************************************************************************************************
*                                               neighbour list                                               *
**************************************************************************************************************

verlet list
automatic control of update frequency
layer thickness                =        30.000
factor used to calculate nneigh=         2.000
maximal number of neighbours   =          2000

**************************************************************************************************************
*                                          thermodynamic quantities                                          *
**************************************************************************************************************

quantity                            initial value
&-------                            -------------
total potential energy         =        -16.78620
 total two-body energy         =        -16.78620
  micelle-micelle              =          0.00000
  micelle-ion                  =        -28.97881
  ion-ion                      =         12.19261
enthalpy                       =        -19.90391
temperature                    =        298.00000
pressure (excl. cont. contr.)  =         -0.60314
number of particles            =         61.00000
volume                         =      5.23599E+05

total potential energy (NkT)   =         -6.77488
pressure (NkT/V)(excl. contact)=         -1.25830
pressure (kT) (excl. contact)  =     -1.46594E-04
 
total cpu time since start (s)        0.01

**************************************************************************************************************
*                                                                                                            *
*                              r e s u l t   o f   m a c r o s t e p         1                               *
*                                                                                                            *
**************************************************************************************************************

 
  step/pass   pot. energy    temperature    pressure       volume
    50        -21.190        298.000         -0.879     523598.776
   100        -21.793        298.000         -0.922     523598.776

**************************************************************************************************************
*                                               mc statistics                                                *
**************************************************************************************************************

single-particle move                             total          micelle             ion       
-------------------                              -----          ----------          ----------
total number of conf.          =             6100 1.00             93 1.00           6007 1.00
accepted number of conf.       =             3082 0.51             93 1.00           2989 0.50
energy rejected conf.          =             1677 0.27              0 0.00           1677 0.28
outside-box rejected conf.     =              236 0.04              0 0.00            236 0.04
hard-core rejected conf.       =             1105 0.18              0 0.00           1105 0.18

average no of displaced part.  =                                      1.00                1.00
average no of net joining part.=                                      0.00                0.00

**************************************************************************************************************
*                                             control statistics                                             *
**************************************************************************************************************

quantity                                    micelle             ion       
--------                                    ----------          ----------

<dr**2>/step (macrostep)       =            0.0000E+00          0.1463E+02
precision                      =            0.0000E+00          0.1445E+01
<dr**2>/step (from start)      =            0.0000E+00          0.1463E+02
precision                      =            0.0000E+00          0.1445E+01

orientation order, x'-axis     =                1.0000              1.0000
orientation order, y'-axis     =                1.0000              1.0000
orientation order, z'-axis     =                1.0000              1.0000

<ro> (x,y,z)                   =     0.000 0.000 0.000  -2.233-0.470-0.315
<x'> (x,y,z)                   =      1.00  0.00  0.00    0.07 -0.08 -0.06
<y'> (x,y,z)                   =      0.00  1.00  0.00    0.08 -0.08  0.05
<z'> (x,y,z)                   =      0.00  0.00  1.00   -0.05  0.06  0.02

**************************************************************************************************************
*                                          thermodynamic quantities                                          *
**************************************************************************************************************

quantity                                  average    fluctuation          check
&&------                                  -------    -----------          -----
total potential energy         =        -21.79317        1.23380      0.116E-14
 total two-body energy         =        -21.79317        1.23380      0.116E-14
  micelle-micelle              =          0.00000        0.00000      0.000E+00
  micelle-ion                  =        -36.82896        2.22447     -0.317E-14
  ion-ion                      =         15.03580        1.01949      0.159E-14
enthalpy                       =        -26.56095        1.67392
cv                             =        125.76222
temperature                    =        298.00000        0.00000
pressure (excl. cont. contr.)  =         -0.92235        0.08568
number of particles            =         61.00000        0.00000
volume                         =      5.23599E+05    0.00000E+00

total potential energy (NkT)   =         -8.79568
pressure (NkT/V)(excl. contact)=         -1.92427
pressure (kT) (excl. contact)  =     -2.24180E-04
number density                 =      1.16501E-04

**************************************************************************************************************
*                                                                                                            *
*                              r e s u l t   o f   m a c r o s t e p         2                               *
*                                                                                                            *
**************************************************************************************************************

 
  step/pass   pot. energy    temperature    pressure       volume
    50        -22.575        298.000         -0.977     523598.776
   100        -22.547        298.000         -0.975     523598.776

**************************************************************************************************************
*                                               mc statistics                                                *
**************************************************************************************************************

single-particle move                             total          micelle             ion       
-------------------                              -----          ----------          ----------
total number of conf.          =             6100 1.00            110 1.00           5990 1.00
accepted number of conf.       =             2736 0.45            110 1.00           2626 0.44
energy rejected conf.          =             1757 0.29              0 0.00           1757 0.29
outside-box rejected conf.     =              173 0.03              0 0.00            173 0.03
hard-core rejected conf.       =             1434 0.24              0 0.00           1434 0.24

average no of displaced part.  =                                      1.00                1.00
average no of net joining part.=                                      0.00                0.00

**************************************************************************************************************
*                                             control statistics                                             *
**************************************************************************************************************

quantity                                    micelle             ion       
--------                                    ----------          ----------

<dr**2>/step (macrostep)       =            0.0000E+00          0.1329E+02
precision                      =            0.0000E+00          0.1400E+01
<dr**2>/step (from start)      =            0.0000E+00          0.1006E+02
precision                      =            0.0000E+00          0.8982E+00

orientation order, x'-axis     =                1.0000              1.0000
orientation order, y'-axis     =                1.0000              1.0000
orientation order, z'-axis     =                1.0000              1.0000

<ro> (x,y,z)                   =     0.000 0.000 0.000   0.999 0.158-0.077
<x'> (x,y,z)                   =      1.00  0.00  0.00    0.07 -0.08 -0.06
<y'> (x,y,z)                   =      0.00  1.00  0.00    0.08 -0.08  0.05
<z'> (x,y,z)                   =      0.00  0.00  1.00   -0.05  0.06  0.02

**************************************************************************************************************
*                                          thermodynamic quantities                                          *
**************************************************************************************************************

quantity                                  average    fluctuation          check
&&------                                  -------    -----------          -----
total potential energy         =        -22.54656        0.22100     -0.250E-14
 total two-body energy         =        -22.54656        0.22100     -0.250E-14
  micelle-micelle              =          0.00000        0.00000      0.000E+00
  micelle-ion                  =        -38.22330        0.61285     -0.514E-14
  ion-ion                      =         15.67674        0.44353      0.485E-15
enthalpy                       =        -27.58482        0.28102
cv                             =          4.03491
temperature                    =        298.00000        0.00000
pressure (excl. cont. contr.)  =         -0.97468        0.01419
number of particles            =         61.00000        0.00000
volume                         =      5.23599E+05    0.00000E+00

total potential energy (NkT)   =         -9.09975
pressure (NkT/V)(excl. contact)=         -2.03343
pressure (kT) (excl. contact)  =     -2.36898E-04
number density                 =      1.16501E-04

**************************************************************************************************************
*                                                                                                            *
*                                          f i n a l   r e s u l t                                           *
*                                                                                                            *
**************************************************************************************************************

2016-08-16     11:30:54

title   : hs 60:1 system, spherical cell                                                            

key data: mode           : simulation
          method         : mc   
          ensemble       : nvt
          boundary cond. : sph
          start          : setconf 
          txuser         : twocomponentmodel_corr                                                          


number of time steps/passes           2  *       100  =        200

temperature                    =     298.000
pressure                       =      -0.961
spherical cell radius          =      50.000
volume                         =   0.524E+06

seed of random generator       =  1677886767


**************************************************************************************************************
*                                                coordinates                                                 *
**************************************************************************************************************


particle coordinates
--------------------
particle no   particle type       com (x,y,z)              x'-axis (x,y,z)        y'-axis (x,y,z)        z'-axis (x,y,z)
-----------   -------------       -----------              ---------------        ---------------        ---------------
     1        micelle         0.000    0.000    0.000   1.000  0.000  0.000    0.000  1.000  0.000    0.000  0.000  1.000
     2        ion            14.736   -5.012  -16.983   0.961 -0.269 -0.060    0.083  0.073  0.994   -0.263 -0.960  0.093
     3        ion           -18.732   13.905    3.846  -0.379 -0.652  0.657    0.657  0.311  0.687   -0.652  0.692  0.310
     4        ion            27.366   10.690   -7.042  -0.159  0.716 -0.680   -0.750 -0.535 -0.388   -0.642  0.449  0.622
     5        ion            39.070   27.698   12.020  -0.432 -0.816  0.383    0.041 -0.443 -0.896    0.901 -0.371  0.225
     6        ion            14.282  -14.613  -10.353   0.476 -0.786  0.394   -0.263  0.300  0.917   -0.839 -0.540 -0.063
     7        ion           -21.024  -13.702   -3.345   0.581 -0.800 -0.153    0.068  0.235 -0.970    0.811  0.553  0.191
     8        ion             0.147  -21.575  -14.497  -0.188 -0.663 -0.724   -0.907 -0.166  0.387   -0.377  0.730 -0.571
     9        ion            -9.020  -26.191   12.489   0.488 -0.622 -0.612    0.298 -0.541  0.787   -0.820 -0.566 -0.079
    10        ion            20.757   -4.410  -15.737  -0.499 -0.177 -0.848   -0.210 -0.925  0.317   -0.841  0.337  0.425
    11        ion           -30.812   25.056   13.439   0.379  0.551  0.743   -0.118 -0.768  0.630    0.918 -0.327 -0.226
    12        ion             7.781   26.851   11.415  -0.138  0.924 -0.356    0.353  0.382  0.854    0.926 -0.008 -0.378
    13        ion            12.436   -9.660   16.413   0.653  0.747 -0.125   -0.628  0.441 -0.642   -0.424  0.497  0.757
    14        ion            22.224   -0.079   -2.121   0.158  0.906  0.391    0.950 -0.033 -0.309   -0.267  0.421 -0.867
    15        ion             7.658   12.774  -16.975   0.418 -0.805  0.420    0.044  0.480  0.876   -0.908 -0.348  0.236
    16        ion            -1.848   30.182   -2.082  -0.990  0.141 -0.012    0.011 -0.008 -1.000   -0.141 -0.990  0.006
    17        ion            -0.511  -35.795   12.307   0.690 -0.249  0.680   -0.624 -0.679  0.386    0.366 -0.691 -0.624
    18        ion            18.897   -2.694   11.910  -0.049 -0.873  0.486   -0.153  0.487  0.860   -0.987 -0.032 -0.157
    19        ion           -42.512   -6.704    1.810   0.527 -0.437  0.729   -0.764 -0.619  0.182    0.372 -0.653 -0.660
    20        ion             8.308    1.964   22.426  -0.572  0.189  0.798    0.820  0.155  0.551   -0.020  0.970 -0.243
    21        ion           -20.464   -6.787    5.303  -0.054 -0.638 -0.768    0.825 -0.462  0.326   -0.563 -0.616  0.551
    22        ion            21.420    7.951   21.017  -0.492  0.558 -0.668    0.436 -0.507 -0.744   -0.754 -0.657  0.006
    23        ion            -5.406   -5.626  -20.714  -0.705  0.673 -0.225    0.241  0.525  0.816    0.667  0.521 -0.533
    24        ion            21.344    5.021   -2.349   0.626  0.733  0.268    0.776 -0.550 -0.308   -0.079  0.401 -0.913
    25        ion            18.190   12.603    2.508  -0.761 -0.544 -0.354   -0.278 -0.221  0.935   -0.587  0.810  0.017
    26        ion           -27.101  -21.491   -3.213   0.905 -0.261 -0.336   -0.155  0.533 -0.832    0.396  0.805  0.442
    27        ion           -18.718  -17.811    3.316   0.783  0.370  0.501    0.610 -0.296 -0.735   -0.124  0.881 -0.457
    28        ion            12.025   18.507   -4.727   0.009 -0.994 -0.111   -0.109 -0.111  0.988   -0.994  0.003 -0.109
    29        ion           -22.992    4.576   -5.695  -0.043 -0.661 -0.749    0.058 -0.751  0.658   -0.997 -0.015  0.071
    30        ion            47.448   -3.790  -11.224   0.221  0.290 -0.931    0.886  0.340  0.316    0.408 -0.895 -0.182
    31        ion             5.295  -22.084   -1.658   0.706 -0.605  0.368    0.274 -0.246 -0.930    0.653  0.758 -0.008
    32        ion           -15.112   13.797   -9.711  -0.266 -0.101 -0.959    0.352  0.916 -0.194    0.897 -0.389 -0.208
    33        ion             6.894  -19.112    8.873   0.722 -0.288  0.629    0.128  0.949  0.288   -0.680 -0.127  0.722
    34        ion           -30.597    8.147  -33.489   0.099  0.681 -0.725   -0.538 -0.576 -0.615   -0.837  0.451  0.310
    35        ion             2.435  -10.663  -20.814  -0.470  0.261 -0.843   -0.027 -0.959 -0.281   -0.882 -0.109  0.458
    36        ion           -19.465   -3.241  -10.771   0.721  0.253 -0.645    0.692 -0.203  0.693    0.044 -0.946 -0.321
    37        ion            16.677   22.733    8.237  -0.397  0.000  0.918    0.051  0.998  0.022   -0.916  0.055 -0.397
    38        ion           -18.525  -22.681   29.009  -0.014  0.841  0.541    0.918  0.225 -0.327   -0.397  0.492 -0.775
    39        ion            -0.036   22.385    8.258   0.972 -0.184  0.147   -0.118  0.159  0.980   -0.203 -0.970  0.133
    40        ion           -12.107    4.125   32.136   0.637 -0.152 -0.756   -0.547  0.601 -0.582    0.543  0.784  0.300
    41        ion            28.899   -9.029   14.720  -0.957 -0.103 -0.270    0.288 -0.249 -0.925    0.028 -0.963  0.268
    42        ion            10.607  -17.767  -14.028   0.237 -0.250 -0.939   -0.564  0.751 -0.343    0.791  0.611  0.037
    43        ion           -19.283  -10.711  -27.939  -0.200 -0.073 -0.977   -0.751  0.651  0.105    0.629  0.755 -0.185
    44        ion            -1.104    3.444   25.893   0.023  0.848 -0.530   -0.589  0.440  0.678    0.808  0.296  0.509
    45        ion             1.654   15.212  -17.606  -0.605 -0.786 -0.126   -0.037 -0.130  0.991   -0.795  0.604  0.050
    46        ion             6.236    1.821  -25.836   0.297 -0.808  0.508    0.240 -0.452 -0.859    0.924  0.378  0.060
    47        ion            -1.984  -17.350  -27.389   0.118 -0.441  0.890   -0.186  0.870  0.456   -0.975 -0.219  0.020
    48        ion            28.045  -20.088  -25.296  -0.249 -0.704 -0.665    0.966 -0.234 -0.114   -0.075 -0.670  0.738
    49        ion            -7.299  -24.250    2.839   0.519 -0.605  0.604   -0.155 -0.761 -0.630    0.841  0.233 -0.489
    50        ion           -27.852  -26.601   17.737   0.324  0.922  0.212   -0.111 -0.185  0.976    0.939 -0.340  0.043
    51        ion           -26.079   -0.203   -9.708   0.273  0.622 -0.734    0.431  0.603  0.671    0.860 -0.500 -0.103
    52        ion            -4.083   22.602   -2.012  -0.289 -0.442  0.849   -0.296 -0.802 -0.519    0.910 -0.401  0.101
    53        ion           -35.223    3.444   16.043  -0.465  0.083 -0.881   -0.533 -0.821  0.203   -0.707  0.564  0.426
    54        ion           -12.962   14.104   14.131  -0.486 -0.669 -0.562    0.442 -0.743  0.502   -0.754 -0.004  0.657
    55        ion            28.196  -22.433   22.829  -0.159 -0.605  0.781    0.612 -0.681 -0.403    0.775  0.414  0.478
    56        ion            16.372   15.429  -11.530  -0.172  0.231 -0.958    0.564 -0.774 -0.288   -0.808 -0.590  0.003
    57        ion            -2.704  -28.524   -1.483   0.742  0.338  0.579    0.401  0.468 -0.787   -0.538  0.816  0.212
