**************************************************************************************************************
**************************************************************************************************************
**                                                                                                          **
**                                                                                                          **
**                                                  Molsim                                                  **
**                                                                                                          **
**                  integrated md/mc/bd simulation program belonging to the molsim package                  **
**                                                                                                          **
**                                          version 6.4.7, v2.2.0                                           **
**                                                                                                          **
**                                                                                                          **
**                                                Per Linse                                                 **
**                                            Physical Chemistry                                            **
**                                         Department of Chemistry                                          **
**                                             Lund University                                              **
**                                               P.O. Box 124                                               **
**                                          S-221 00 Lund, SWEDEN                                           **
**                                                                                                          **
**                                                                                                          **
**                                         with contributions from                                          **
**                                                                                                          **
**                  Anna Akinchina, Fredrik Carlsson, Samuel Edgecombe, Yoshikatsu Hayashi                  **
**          Pascal Hebbeker, Cornelius Hofzumahaus, Niklas Källrot, Björn Linse, Vladimir Lobaskin          **
**               Thomas M. Nymand, Alberto Pais, Jurij Rescic, Stefanie Schneider, Marie Skepö              **
**          Joakim Stenhammar, Anders Wallqvist, Jos van Rijssel, Erik Wernersson, Per-Olof Åstrand         **
**                                                                                                          **
**                                                                                                          **
**************************************************************************************************************
**************************************************************************************************************
 
2017-01-05     15:50:41

**************************************************************************************************************
*                                                                                                            *
*                                            i n p u t   d a t a                                             *
*                                                                                                            *
**************************************************************************************************************


**************************************************************************************************************
*                                            general information                                             *
**************************************************************************************************************


title   : hs 60:1 system, spherical cell                                                            

key data: mode           : simulation
          method         : mc   
          ensemble       : nvt
          boundary cond. : sph
          start          : setconf 
          txuser         : twocomponentmodel_corr                                                          


number of time steps/passes           2  *       100  =        200

temperature                    =     298.000
pressure                       =       0.101
spherical cell radius          =      50.000
volume                         =   0.524E+06

seed of random generator       =     9876543

optional subroutine used
------------------------
   ControlAver
   MainAver
   DistFunc
   Group
   Static

parameters controlling the output interval (0 = no)
-------------------------------------------------
   itest              0
   ipart              1
   iatom              0
   iaver             50
   ishow              1
   iplot              1
   ilist              1

external units
--------------
number        generic name        file name
------        ------------        ---------
   1               fin            FIN       
   2               fout           FOUT      
   3               fcnf           FCNF      
   8               flist          FLIST     

**************************************************************************************************************
*                                                   units                                                    *
**************************************************************************************************************

quantity                unit
--------                ----
length              1.000E-10 m
mass                1.000E-03 kg/mol
temperature         1.000E+00 k
time                1.000E-12 s
energy              1.000E+03 j/mol
heat capacity       1.000E+00 j/mol*k
diff. coeff.        1.000E-09 m**2/s
pressure            1.000E+06 pa
volume              1.000E-30 m**3
linear vel.         1.000E+02 m/s
linear acc.         1.000E+14 m/s**2
force               1.000E+11 n/mol
moment of inertia   1.000E-23 kg*m**2/mol
angle               1.745E-02 rad

**************************************************************************************************************
*                                               particle data                                                *
**************************************************************************************************************

charged atoms enabled

number of particles            =      61
number of atoms                =      61
number of particle types       =       2     (     10 )
number of atom types           =       2     (     10 )

particle       no        atom     no     mass    hard core    no of unit   weak      pK        sigma    epsilon  zatalpha
                                                 radius       charges      charge                              
--------       --        ----     --     ----    ---------    ----------   ------    --        -----    -------  --------
micelle         1
                         mic      1    460.000   20.000      -60.0000        F      0.0000     0.0000    0.0000    0.0000
ion            60
                         ion      1     23.000    2.000        1.0000        F      0.0000     0.0000    0.0000    0.0000

molecular input frame: micelle   
---------------------- -------

atom               coordinate (x,y,z)
----               ------------------
mic          0.00000   0.00000   0.00000

principal axis frame: micelle   
--------------------- -------

atom               coordinate (x,y,z)
----               ------------------
mic          0.00000   0.00000   0.00000

molecular input frame: ion       
---------------------- ---

atom               coordinate (x,y,z)
----               ------------------
ion          0.00000   0.00000   0.00000

principal axis frame: ion       
--------------------- ---

atom               coordinate (x,y,z)
----               ------------------
ion          0.00000   0.00000   0.00000

particle             mass           moment of inertia (x,y,z)        maximal atom-com distance
--------             ----           -------------------------        -------------------------
micelle           460.000          0.000     0.000     0.000             0.000
ion                23.000          0.000     0.000     0.000             0.000

**************************************************************************************************************
*                                          two-body potential data                                           *
**************************************************************************************************************

rcut                           =     100.000
utoltab                        =   0.100E-04
ftoltab                        =   0.100E-04
umaxtab                        =   0.200E+05
fmaxtab                        =   0.200E+05

monoatomic energy and force routines

relative permittivity          =   78.402600

system net charge based on zat =    0.00    

particle pair              potential
-------------              ---------
micelle-micelle              default             
micelle-ion                  default             
ion-ion                      default             

atom pair         energy coefficients (ipot and ucoff)
---------         ------------------------------------
mic-mic                1  0.637948E+05
mic-ion                1 -0.106325E+04
ion-ion                1  0.177208E+02

number of 1/r coefficients than has been changed/added based on zat =  3

specification of two-body potential tables
------------------------------------------
atom pair          no of grids         iubuflow       rumin     rumax
---------          -----------         --------       -----     -----
mic-mic              110                   1          3.163   110.000
mic-ion              146                1321          0.316   110.000
ion-ion               66                3073          0.316   110.000

nbuf (needed, allocated)        =       3865      9000

**************************************************************************************************************
*                                         initial configuration data                                         *
**************************************************************************************************************

start configuration from SetConfiguration
-----------------------------------------
part. type    routine          no of unit cells (x,y,z)     lower (x,y,z)      upper (x,y,z)      shift (x,y,z)
----------    -------          ------------------------     -------------      -------------      -------------
 1  micelle   origin                  0    0    0        -50.00-50.00-50.00  50.00 50.00 50.00   0.00  0.00  0.00
 2  ion       random                  0    0    0        -50.00-50.00-50.00  50.00 50.00 50.00   0.00  0.00  0.00

first macrostep                =      1

**************************************************************************************************************
*                                                coordinates                                                 *
**************************************************************************************************************


particle coordinates
--------------------
particle no   particle type       com (x,y,z)              x'-axis (x,y,z)        y'-axis (x,y,z)        z'-axis (x,y,z)
-----------   -------------       -----------              ---------------        ---------------        ---------------
     1        micelle         0.000    0.000    0.000   1.000  0.000  0.000    0.000  1.000  0.000    0.000  0.000  1.000
     2        ion           -13.504   38.415  -11.616  -0.901 -0.033  0.432   -0.426 -0.115 -0.897    0.080 -0.993  0.089
     3        ion             2.325  -32.604   -3.406   0.969  0.152  0.196   -0.116 -0.421  0.900    0.220 -0.894 -0.391
     4        ion           -32.114  -16.839   -5.391   0.428  0.857  0.289    0.750 -0.158 -0.642   -0.505  0.491 -0.710
     5        ion            11.477  -15.547  -26.470   0.846 -0.047 -0.532    0.475 -0.387  0.790   -0.243 -0.921 -0.305
     6        ion            30.946  -21.977    2.461   0.967 -0.241  0.083    0.203  0.925  0.322   -0.154 -0.295  0.943
     7        ion            10.269   29.935   26.948  -0.157 -0.846 -0.510    0.535 -0.507  0.675   -0.830 -0.167  0.533
     8        ion           -23.473  -26.878  -20.019  -0.576 -0.399  0.713   -0.808  0.412 -0.422   -0.125 -0.819 -0.560
     9        ion             8.277   -6.972   38.591  -0.518 -0.833  0.195    0.045  0.201  0.979   -0.854  0.516 -0.066
    10        ion            26.332   40.309   -6.752   0.330 -0.872  0.361    0.937  0.349 -0.013   -0.115  0.342  0.933
    11        ion           -33.296   -6.596   18.730  -0.047  0.726  0.686    0.805 -0.379  0.456    0.591  0.574 -0.567
    12        ion            35.566  -24.553   23.259   0.547 -0.833 -0.079    0.017  0.106 -0.994    0.837  0.543  0.072
    13        ion           -40.126    3.009    4.706   0.288  0.916  0.279    0.030 -0.300  0.954    0.957 -0.266 -0.113
    14        ion            23.878   22.349  -20.024  -0.037 -0.490 -0.871    0.456  0.767 -0.452    0.889 -0.414  0.195
    15        ion           -14.723  -23.492  -34.838   0.249 -0.951 -0.183    0.020 -0.184  0.983   -0.968 -0.248 -0.026
    16        ion            10.044  -44.232   10.572  -0.111 -0.889 -0.444   -0.594  0.417 -0.688    0.797  0.187 -0.575
    17        ion            34.045   -8.787  -32.868  -0.388  0.699  0.601   -0.774 -0.601  0.198    0.499 -0.388  0.774
    18        ion           -29.405    1.116  -13.329   0.187  0.182 -0.965   -0.228 -0.948 -0.223   -0.955  0.262 -0.136
    19        ion            28.439  -16.255   22.755   0.378  0.715  0.588   -0.368  0.699 -0.613   -0.849  0.015  0.528
    20        ion            25.164  -10.575   34.360   0.365  0.673  0.643   -0.731  0.635 -0.250   -0.577 -0.379  0.724
    21        ion            28.843    2.912  -14.328  -0.864 -0.476 -0.164    0.116  0.129 -0.985    0.490 -0.870 -0.057
    22        ion            -1.305  -27.286  -21.404   0.290 -0.550  0.783    0.852 -0.223 -0.473    0.435  0.805  0.404
    23        ion            -4.573  -22.991   21.800   0.743  0.581 -0.332   -0.266 -0.198 -0.943   -0.614  0.789  0.007
    24        ion            36.538  -10.916  -27.034   0.623  0.629  0.465    0.249  0.404 -0.880   -0.742  0.664  0.095
    25        ion           -31.896  -32.177   -4.821   0.698 -0.716  0.032    0.002  0.046  0.999   -0.716 -0.697  0.033
    26        ion           -17.587  -23.217    8.421   0.728 -0.497 -0.473    0.521  0.849 -0.089    0.446 -0.182  0.877
    27        ion            29.904   -4.821  -31.214  -0.886  0.140  0.442   -0.345 -0.837 -0.425    0.311 -0.529  0.790
    28        ion           -38.638    4.884   11.127   0.603  0.600  0.526   -0.766  0.249  0.593    0.225 -0.760  0.610
    29        ion            48.346    7.354   -2.302  -0.493  0.738  0.461    0.249 -0.388  0.887    0.833  0.553  0.007
    30        ion            25.976    2.123   38.595   0.668 -0.630  0.396    0.115 -0.438 -0.892    0.735  0.641 -0.220
    31        ion           -44.349  -17.313  -11.270   0.019  0.860  0.510    0.940  0.158 -0.301   -0.340  0.485 -0.806
    32        ion            -4.647  -10.831   21.081   0.502  0.530 -0.683   -0.008 -0.787 -0.617   -0.865  0.315 -0.391
    33        ion            19.837   26.858  -10.553  -0.991  0.104 -0.079    0.070 -0.091 -0.993   -0.110 -0.990  0.083
    34        ion            43.048    8.655  -18.955  -0.747 -0.264  0.610   -0.526 -0.324 -0.786    0.406 -0.908  0.103
    35        ion           -18.920   35.926   21.624  -0.564  0.687  0.458   -0.136 -0.624  0.769    0.815  0.372  0.445
    36        ion             0.606    2.828  -25.630   0.273 -0.248  0.930    0.511  0.856  0.078   -0.815  0.454  0.360
    37        ion           -10.235  -37.441   -7.286  -0.876 -0.046  0.480   -0.433  0.513 -0.741   -0.212 -0.857 -0.469
    38        ion             8.387  -37.579   29.567  -0.760 -0.104 -0.642    0.650 -0.116 -0.751    0.004 -0.988  0.156
    39        ion            43.029  -19.968   13.455   0.038  0.976 -0.213   -0.637 -0.141 -0.758   -0.770  0.165  0.616
    40        ion           -28.397  -26.048  -28.352   0.535 -0.809 -0.245   -0.121  0.214 -0.969    0.836  0.548  0.017
    41        ion           -34.130   -1.747   -9.455  -0.717  0.480  0.506    0.645  0.732  0.218   -0.266  0.483 -0.834
    42        ion           -29.390   28.593   18.605  -0.347  0.239  0.907   -0.654 -0.754 -0.052    0.672 -0.612  0.418
    43        ion             4.709    0.136  -22.710   0.908 -0.395  0.138    0.230  0.197 -0.953    0.349  0.897  0.270
    44        ion           -32.018  -25.271   19.544  -0.486  0.869  0.092    0.162  0.192 -0.968   -0.859 -0.455 -0.234
    45        ion            18.223  -33.478   -6.636   0.046  0.332 -0.942    0.490 -0.830 -0.268   -0.871 -0.449 -0.201
    46        ion            -5.063  -18.003   27.893  -0.623 -0.629  0.465    0.744 -0.660  0.103    0.242  0.410  0.879
    47        ion            -9.049   12.970  -34.286   0.100 -0.528 -0.843    0.139 -0.832  0.537   -0.985 -0.171 -0.010
    48        ion           -27.632   -4.031  -14.514  -0.527  0.644 -0.554   -0.483 -0.764 -0.429   -0.699  0.041  0.714
    49        ion            10.309  -39.592   23.936   0.740 -0.278  0.613   -0.120  0.841  0.527   -0.662 -0.464  0.589
    50        ion           -36.534    5.216    6.151  -0.001  0.765 -0.644   -0.800 -0.387 -0.459   -0.601  0.514  0.612
    51        ion           -28.483  -22.969  -15.923   0.245 -0.886  0.392    0.527  0.462  0.714   -0.814  0.032  0.580
    52        ion           -29.104   14.561  -32.670   0.695 -0.683 -0.226   -0.446 -0.655  0.610   -0.564 -0.323 -0.760
    53        ion            13.330   -1.560   18.212   0.471  0.796  0.381   -0.232 -0.305  0.924    0.851 -0.523  0.041
    54        ion            40.219    7.668   26.342  -0.368 -0.454  0.812    0.194 -0.891 -0.410    0.909  0.007  0.416
    55        ion            20.852   27.093   10.805   0.310  0.698 -0.645   -0.637  0.657  0.404    0.706  0.285  0.648
    56        ion           -18.539   10.618   34.594  -0.014  0.610 -0.792   -0.991 -0.114 -0.070   -0.133  0.784  0.606
    57        ion           -19.973  -21.001   13.005   0.312  0.507  0.804   -0.433  0.829 -0.355   -0.846 -0.237  0.478
    58        ion            18.186    5.240   15.820  -0.340 -0.407  0.848    0.091 -0.912 -0.401    0.936 -0.059  0.347
    59        ion             7.500   36.127   27.309   0.683  0.523 -0.509   -0.622  0.052 -0.781   -0.382  0.851  0.361
    60        ion           -37.642   25.545    9.845  -0.294  0.137  0.946    0.952 -0.051  0.303    0.090  0.989 -0.115
    61        ion            26.335    1.263  -33.176   0.819 -0.560 -0.125    0.165  0.020  0.986   -0.550 -0.828  0.109

**************************************************************************************************************
*                                                  mc data                                                   *
**************************************************************************************************************

uniform sampling, random

single-particle move                   micelle        ion       
-------------------                    ----------     ----------
probability                    =       1.000          1.000
tran. displacement parameter   =            0.000         15.000
rot. displacement parameter    =            0.000          0.000


**************************************************************************************************************
*                                               neighbour list                                               *
**************************************************************************************************************

verlet list
automatic control of update frequency
layer thickness                =        30.000
factor used to calculate nneigh=         2.000
maximal number of neighbours   =          2000

**************************************************************************************************************
*                                          thermodynamic quantities                                          *
**************************************************************************************************************

quantity                            initial value
&-------                            -------------
total potential energy         =        -15.46787
 total two-body energy         =        -15.46787
  micelle-micelle              =          0.00000
  micelle-ion                  =        -27.34122
  ion-ion                      =         11.87335
enthalpy                       =        -18.14614
temperature                    =        298.00000
pressure (excl. cont. contr.)  =         -0.51813
number of particles            =         61.00000
volume                         =      5.23599E+05

total potential energy (NkT)   =         -6.24280
pressure (NkT/V)(excl. contact)=         -1.08095
pressure (kT) (excl. contact)  =     -1.25932E-04
 
total cpu time since start (s)        0.01

**************************************************************************************************************
*                                                                                                            *
*                              r e s u l t   o f   m a c r o s t e p         1                               *
*                                                                                                            *
**************************************************************************************************************

 
  step/pass   pot. energy    temperature    pressure       volume
    50        -21.039        298.000         -0.867     523598.776
   100        -21.838        298.000         -0.925     523598.776

**************************************************************************************************************
*                                               mc statistics                                                *
**************************************************************************************************************

single-particle move                             total          micelle             ion       
-------------------                              -----          ----------          ----------
total number of conf.          =             6100 1.00             89 1.00           6011 1.00
accepted number of conf.       =             3045 0.50             89 1.00           2956 0.49
energy rejected conf.          =             1624 0.27              0 0.00           1624 0.27
outside-box rejected conf.     =              211 0.03              0 0.00            211 0.04
hard-core rejected conf.       =             1220 0.20              0 0.00           1220 0.20

average no of displaced part.  =                                      1.00                1.00
average no of net joining part.=                                      0.00                0.00

**************************************************************************************************************
*                                             control statistics                                             *
**************************************************************************************************************

quantity                                    micelle             ion       
--------                                    ----------          ----------

<dr**2>/step (macrostep)       =            0.0000E+00          0.1746E+02
precision                      =            0.0000E+00          0.1848E+01
<dr**2>/step (from start)      =            0.0000E+00          0.1746E+02
precision                      =            0.0000E+00          0.1848E+01

orientation order, x'-axis     =                1.0000              1.0000
orientation order, y'-axis     =                1.0000              1.0000
orientation order, z'-axis     =                1.0000              1.0000

<ro> (x,y,z)                   =     0.000 0.000 0.000  -0.223-2.161 0.385
<x'> (x,y,z)                   =      1.00  0.00  0.00    0.07  0.03  0.11
<y'> (x,y,z)                   =      0.00  1.00  0.00    0.00 -0.06 -0.10
<z'> (x,y,z)                   =      0.00  0.00  1.00   -0.07 -0.04  0.15

**************************************************************************************************************
*                                          thermodynamic quantities                                          *
**************************************************************************************************************

quantity                                  average    fluctuation          check
&&------                                  -------    -----------          -----
total potential energy         =        -21.83813        1.66714     -0.309E-14
 total two-body energy         =        -21.83813        1.66714     -0.309E-14
  micelle-micelle              =          0.00000        0.00000      0.000E+00
  micelle-ion                  =        -37.19571        2.88885     -0.429E-14
  ion-ion                      =         15.35758        1.25266      0.126E-14
enthalpy                       =        -26.61892        2.25945
cv                             =        229.61880
temperature                    =        298.00000        0.00000
pressure (excl. cont. contr.)  =         -0.92487        0.11501
number of particles            =         61.00000        0.00000
volume                         =      5.23599E+05    0.00000E+00

total potential energy (NkT)   =         -8.81383
pressure (NkT/V)(excl. contact)=         -1.92952
pressure (kT) (excl. contact)  =     -2.24792E-04
number density                 =      1.16501E-04

**************************************************************************************************************
*                                                                                                            *
*                              r e s u l t   o f   m a c r o s t e p         2                               *
*                                                                                                            *
**************************************************************************************************************

 
  step/pass   pot. energy    temperature    pressure       volume
    50        -22.390        298.000         -0.964     523598.776
   100        -22.207        298.000         -0.953     523598.776

**************************************************************************************************************
*                                               mc statistics                                                *
**************************************************************************************************************

single-particle move                             total          micelle             ion       
-------------------                              -----          ----------          ----------
total number of conf.          =             6100 1.00            103 1.00           5997 1.00
accepted number of conf.       =             2965 0.49            103 1.00           2862 0.48
energy rejected conf.          =             1661 0.27              0 0.00           1661 0.28
outside-box rejected conf.     =              226 0.04              0 0.00            226 0.04
hard-core rejected conf.       =             1248 0.20              0 0.00           1248 0.21

average no of displaced part.  =                                      1.00                1.00
average no of net joining part.=                                      0.00                0.00

**************************************************************************************************************
*                                             control statistics                                             *
**************************************************************************************************************

quantity                                    micelle             ion       
--------                                    ----------          ----------

<dr**2>/step (macrostep)       =            0.0000E+00          0.1182E+02
precision                      =            0.0000E+00          0.1397E+01
<dr**2>/step (from start)      =            0.0000E+00          0.1213E+02
precision                      =            0.0000E+00          0.1139E+01

orientation order, x'-axis     =                1.0000              1.0000
orientation order, y'-axis     =                1.0000              1.0000
orientation order, z'-axis     =                1.0000              1.0000

<ro> (x,y,z)                   =     0.000 0.000 0.000   0.017-0.243 0.792
<x'> (x,y,z)                   =      1.00  0.00  0.00    0.07  0.03  0.11
<y'> (x,y,z)                   =      0.00  1.00  0.00    0.00 -0.06 -0.10
<z'> (x,y,z)                   =      0.00  0.00  1.00   -0.07 -0.04  0.15

**************************************************************************************************************
*                                          thermodynamic quantities                                          *
**************************************************************************************************************

quantity                                  average    fluctuation          check
&&------                                  -------    -----------          -----
total potential energy         =        -22.20652        0.37693     -0.208E-14
 total two-body energy         =        -22.20652        0.37693     -0.208E-14
  micelle-micelle              =          0.00000        0.00000      0.000E+00
  micelle-ion                  =        -37.54113        0.69786     -0.477E-14
  ion-ion                      =         15.33460        0.36320     -0.465E-14
enthalpy                       =        -27.13178        0.49221
cv                             =         11.73787
temperature                    =        298.00000        0.00000
pressure (excl. cont. contr.)  =         -0.95282        0.02407
number of particles            =         61.00000        0.00000
volume                         =      5.23599E+05    0.00000E+00

total potential energy (NkT)   =         -8.96251
pressure (NkT/V)(excl. contact)=         -1.98782
pressure (kT) (excl. contact)  =     -2.31584E-04
number density                 =      1.16501E-04

**************************************************************************************************************
*                                                                                                            *
*                                          f i n a l   r e s u l t                                           *
*                                                                                                            *
**************************************************************************************************************

2017-01-05     15:50:41

title   : hs 60:1 system, spherical cell                                                            

key data: mode           : simulation
          method         : mc   
          ensemble       : nvt
          boundary cond. : sph
          start          : setconf 
          txuser         : twocomponentmodel_corr                                                          


number of time steps/passes           2  *       100  =        200

temperature                    =     298.000
pressure                       =      -0.908
spherical cell radius          =      50.000
volume                         =   0.524E+06

seed of random generator       =     9876544


**************************************************************************************************************
*                                                coordinates                                                 *
**************************************************************************************************************


particle coordinates
--------------------
particle no   particle type       com (x,y,z)              x'-axis (x,y,z)        y'-axis (x,y,z)        z'-axis (x,y,z)
-----------   -------------       -----------              ---------------        ---------------        ---------------
     1        micelle         0.000    0.000    0.000   1.000  0.000  0.000    0.000  1.000  0.000    0.000  0.000  1.000
     2        ion            14.458   20.483  -10.237  -0.901 -0.033  0.432   -0.426 -0.115 -0.897    0.080 -0.993  0.089
     3        ion            14.310  -12.286  -27.865   0.969  0.152  0.196   -0.116 -0.421  0.900    0.220 -0.894 -0.391
     4        ion            -1.746   -6.669  -43.879   0.428  0.857  0.289    0.750 -0.158 -0.642   -0.505  0.491 -0.710
     5        ion            13.298    3.261  -18.101   0.846 -0.047 -0.532    0.475 -0.387  0.790   -0.243 -0.921 -0.305
     6        ion            20.479   13.107    7.013   0.967 -0.241  0.083    0.203  0.925  0.322   -0.154 -0.295  0.943
     7        ion            -9.270  -22.968  -40.420  -0.157 -0.846 -0.510    0.535 -0.507  0.675   -0.830 -0.167  0.533
     8        ion            -9.009  -22.452  -10.818  -0.576 -0.399  0.713   -0.808  0.412 -0.422   -0.125 -0.819 -0.560
     9        ion            11.025   -8.354   18.574  -0.518 -0.833  0.195    0.045  0.201  0.979   -0.854  0.516 -0.066
    10        ion             9.830  -20.100   10.150   0.330 -0.872  0.361    0.937  0.349 -0.013   -0.115  0.342  0.933
    11        ion            19.225  -31.501    7.757  -0.047  0.726  0.686    0.805 -0.379  0.456    0.591  0.574 -0.567
    12        ion            -9.520   -4.302   21.481   0.547 -0.833 -0.079    0.017  0.106 -0.994    0.837  0.543  0.072
    13        ion             4.279   15.541   30.237   0.288  0.916  0.279    0.030 -0.300  0.954    0.957 -0.266 -0.113
    14        ion           -18.149   -5.087   14.522  -0.037 -0.490 -0.871    0.456  0.767 -0.452    0.889 -0.414  0.195
    15        ion           -22.450   -2.936    9.068   0.249 -0.951 -0.183    0.020 -0.184  0.983   -0.968 -0.248 -0.026
    16        ion             5.606  -22.720    2.280  -0.111 -0.889 -0.444   -0.594  0.417 -0.688    0.797  0.187 -0.575
    17        ion           -17.506  -16.609   30.704  -0.388  0.699  0.601   -0.774 -0.601  0.198    0.499 -0.388  0.774
    18        ion           -12.136  -25.487    1.969   0.187  0.182 -0.965   -0.228 -0.948 -0.223   -0.955  0.262 -0.136
    19        ion            11.031  -34.893   -4.920   0.378  0.715  0.588   -0.368  0.699 -0.613   -0.849  0.015  0.528
    20        ion            24.138    5.370    1.469   0.365  0.673  0.643   -0.731  0.635 -0.250   -0.577 -0.379  0.724
    21        ion           -11.772   18.550   -3.186  -0.864 -0.476 -0.164    0.116  0.129 -0.985    0.490 -0.870 -0.057
    22        ion           -19.081    9.785    7.155   0.290 -0.550  0.783    0.852 -0.223 -0.473    0.435  0.805  0.404
    23        ion            23.233   -0.973   14.374   0.743  0.581 -0.332   -0.266 -0.198 -0.943   -0.614  0.789  0.007
    24        ion            24.578  -12.081   -8.923   0.623  0.629  0.465    0.249  0.404 -0.880   -0.742  0.664  0.095
    25        ion           -22.045    8.287   -5.209   0.698 -0.716  0.032    0.002  0.046  0.999   -0.716 -0.697  0.033
    26        ion           -49.338    7.023   -2.582   0.728 -0.497 -0.473    0.521  0.849 -0.089    0.446 -0.182  0.877
    27        ion            -0.973   23.070   -9.686  -0.886  0.140  0.442   -0.345 -0.837 -0.425    0.311 -0.529  0.790
    28        ion            12.713   18.796    3.437   0.603  0.600  0.526   -0.766  0.249  0.593    0.225 -0.760  0.610
    29        ion            -5.388  -21.890    8.060  -0.493  0.738  0.461    0.249 -0.388  0.887    0.833  0.553  0.007
    30        ion           -21.757  -10.549    9.525   0.668 -0.630  0.396    0.115 -0.438 -0.892    0.735  0.641 -0.220
    31        ion           -26.373   13.057   20.252   0.019  0.860  0.510    0.940  0.158 -0.301   -0.340  0.485 -0.806
    32        ion           -25.449    7.589   -1.424   0.502  0.530 -0.683   -0.008 -0.787 -0.617   -0.865  0.315 -0.391
    33        ion            35.713  -29.679   -4.560  -0.991  0.104 -0.079    0.070 -0.091 -0.993   -0.110 -0.990  0.083
    34        ion           -19.170  -23.275  -27.441  -0.747 -0.264  0.610   -0.526 -0.324 -0.786    0.406 -0.908  0.103
    35        ion             9.277   16.701   13.393  -0.564  0.687  0.458   -0.136 -0.624  0.769    0.815  0.372  0.445
    36        ion           -26.511  -20.126  -11.160   0.273 -0.248  0.930    0.511  0.856  0.078   -0.815  0.454  0.360
    37        ion            25.810  -35.455  -19.536  -0.876 -0.046  0.480   -0.433  0.513 -0.741   -0.212 -0.857 -0.469
    38        ion            26.433   -2.502   23.050  -0.760 -0.104 -0.642    0.650 -0.116 -0.751    0.004 -0.988  0.156
    39        ion            39.959  -29.449    5.748   0.038  0.976 -0.213   -0.637 -0.141 -0.758   -0.770  0.165  0.616
    40        ion             8.306   16.135  -16.615   0.535 -0.809 -0.245   -0.121  0.214 -0.969    0.836  0.548  0.017
    41        ion            14.607   16.573   -4.936  -0.717  0.480  0.506    0.645  0.732  0.218   -0.266  0.483 -0.834
    42        ion           -40.215   11.755   22.477  -0.347  0.239  0.907   -0.654 -0.754 -0.052    0.672 -0.612  0.418
    43        ion            17.204  -18.804   -8.672   0.908 -0.395  0.138    0.230  0.197 -0.953    0.349  0.897  0.270
    44        ion            31.843   18.106   31.481  -0.486  0.869  0.092    0.162  0.192 -0.968   -0.859 -0.455 -0.234
    45        ion            14.932   12.473  -11.749   0.046  0.332 -0.942    0.490 -0.830 -0.268   -0.871 -0.449 -0.201
    46        ion            -8.637   17.209  -34.462  -0.623 -0.629  0.465    0.744 -0.660  0.103    0.242  0.410  0.879
    47        ion            -8.787   20.046   -6.906   0.100 -0.528 -0.843    0.139 -0.832  0.537   -0.985 -0.171 -0.010
    48        ion             9.653  -14.839   35.647  -0.527  0.644 -0.554   -0.483 -0.764 -0.429   -0.699  0.041  0.714
    49        ion            -3.129   15.007   16.787   0.740 -0.278  0.613   -0.120  0.841  0.527   -0.662 -0.464  0.589
    50        ion            -7.143   20.409    4.818  -0.001  0.765 -0.644   -0.800 -0.387 -0.459   -0.601  0.514  0.612
    51        ion            -3.424   -6.954  -24.050   0.245 -0.886  0.392    0.527  0.462  0.714   -0.814  0.032  0.580
    52        ion           -26.778   26.657  -22.594   0.695 -0.683 -0.226   -0.446 -0.655  0.610   -0.564 -0.323 -0.760
    53        ion            22.123    1.835  -12.638   0.471  0.796  0.381   -0.232 -0.305  0.924    0.851 -0.523  0.041
    54        ion            -1.455  -20.899  -21.422  -0.368 -0.454  0.812    0.194 -0.891 -0.410    0.909  0.007  0.416
    55        ion           -44.993    8.533   -9.074   0.310  0.698 -0.645   -0.637  0.657  0.404    0.706  0.285  0.648
    56        ion            15.186    8.486   14.082  -0.014  0.610 -0.792   -0.991 -0.114 -0.070   -0.133  0.784  0.606
    57        ion            38.853   -5.757  -30.737   0.312  0.507  0.804   -0.433  0.829 -0.355   -0.846 -0.237  0.478
