**************************************************************************************************************
**************************************************************************************************************
**                                                                                                          **
**                                                                                                          **
**                                                  Molsim                                                  **
**                                                                                                          **
**                  integrated md/mc/bd simulation program belonging to the molsim package                  **
**                                                                                                          **
**                                          version 6.4.7, v2.2.0                                           **
**                                                                                                          **
**                                                                                                          **
**                                                Per Linse                                                 **
**                                            Physical Chemistry                                            **
**                                         Department of Chemistry                                          **
**                                             Lund University                                              **
**                                               P.O. Box 124                                               **
**                                          S-221 00 Lund, SWEDEN                                           **
**                                                                                                          **
**                                                                                                          **
**                                         with contributions from                                          **
**                                                                                                          **
**                  Anna Akinchina, Fredrik Carlsson, Samuel Edgecombe, Yoshikatsu Hayashi                  **
**          Pascal Hebbeker, Cornelius Hofzumahaus, Niklas Källrot, Björn Linse, Vladimir Lobaskin          **
**               Thomas M. Nymand, Alberto Pais, Jurij Rescic, Stefanie Schneider, Marie Skepö              **
**          Joakim Stenhammar, Anders Wallqvist, Jos van Rijssel, Erik Wernersson, Per-Olof Åstrand         **
**                                                                                                          **
**                                                                                                          **
**************************************************************************************************************
**************************************************************************************************************
 
2017-01-05     15:52:45

**************************************************************************************************************
*                                                                                                            *
*                                            i n p u t   d a t a                                             *
*                                                                                                            *
**************************************************************************************************************


**************************************************************************************************************
*                                            general information                                             *
**************************************************************************************************************


title   : planar pe_brush                                                                           

key data: mode           : simulation
          method         : mc   
          ensemble       : nvt
          boundary cond. : xy 
          start          : setconf 


number of time steps/passes           1  *        10  =         10

temperature                    =     298.000
pressure                       =       0.101
box lengths (x,y,z)            =      50.000      50.000     100.000
volume                         =   0.250E+06

seed of random generator       =           1

optional subroutine used
------------------------
   ControlAver
   MainAver
   DistFunc
   Group
   Static

parameters controlling the output interval (0 = no)
-------------------------------------------------
   itest              0
   ipart              1
   iatom              0
   iaver              0
   ishow              1
   iplot              1
   ilist              0

external units
--------------
number        generic name        file name
------        ------------        ---------
   1               fin            FIN       
   2               fout           FOUT      
   3               fcnf           FCNF      

**************************************************************************************************************
*                                                   units                                                    *
**************************************************************************************************************

quantity                unit
--------                ----
length              1.000E-10 m
mass                1.000E-03 kg/mol
temperature         1.000E+00 k
time                1.000E-12 s
energy              1.000E+03 j/mol
heat capacity       1.000E+00 j/mol*k
diff. coeff.        1.000E-09 m**2/s
pressure            1.000E+06 pa
volume              1.000E-30 m**3
linear vel.         1.000E+02 m/s
linear acc.         1.000E+14 m/s**2
force               1.000E+11 n/mol
moment of inertia   1.000E-23 kg*m**2/mol
angle               1.745E-02 rad

**************************************************************************************************************
*                                               particle data                                                *
**************************************************************************************************************

charged atoms enabled

number of chains               =       2
number of particles            =      64
number of atoms                =      64
number of chains types         =       1     (     10 )
number of particle types       =       4     (     10 )
number of atom types           =       4     (     10 )

chain type         no of chains             topology  npptct(1,ict)  npptct(2,ict)  npptct(3,ict)  npptct(4,ict)
----------         ------------             --------  -------------  -------------  -------------  -------------
diblock                2                    block        10            10             0             0

particle       no        atom     no     mass    hard core    no of unit   weak      pK        sigma    epsilon  zatalpha
                                                 radius       charges      charge                              
--------       --        ----     --     ----    ---------    ----------   ------    --        -----    -------  --------
p+             20
                         p+       1      1.000    2.000        0.0000        F      0.0000     0.0000    0.0000    0.0000
p-             20
                         p-       1      1.000    2.000       -1.0000        F      0.0000     0.0000    0.0000    0.0000
i+             22
                         i+       1      1.000    2.000        1.0000        F      0.0000     0.0000    0.0000    0.0000
i-              2
                         i-       1      1.000    2.000        1.0000        F      0.0000     0.0000    0.0000    0.0000

molecular input frame: p+        
---------------------- --

atom               coordinate (x,y,z)
----               ------------------
p+           0.00000   0.00000   0.00000

principal axis frame: p+        
--------------------- --

atom               coordinate (x,y,z)
----               ------------------
p+           0.00000   0.00000   0.00000

molecular input frame: p-        
---------------------- --

atom               coordinate (x,y,z)
----               ------------------
p-           0.00000   0.00000   0.00000

principal axis frame: p-        
--------------------- --

atom               coordinate (x,y,z)
----               ------------------
p-           0.00000   0.00000   0.00000

molecular input frame: i+        
---------------------- --

atom               coordinate (x,y,z)
----               ------------------
i+           0.00000   0.00000   0.00000

principal axis frame: i+        
--------------------- --

atom               coordinate (x,y,z)
----               ------------------
i+           0.00000   0.00000   0.00000

molecular input frame: i-        
---------------------- --

atom               coordinate (x,y,z)
----               ------------------
i-           0.00000   0.00000   0.00000

principal axis frame: i-        
--------------------- --

atom               coordinate (x,y,z)
----               ------------------
i-           0.00000   0.00000   0.00000

particle             mass           moment of inertia (x,y,z)        maximal atom-com distance
--------             ----           -------------------------        -------------------------
p+                  1.000          0.000     0.000     0.000             0.000
p-                  1.000          0.000     0.000     0.000             0.000
i+                  1.000          0.000     0.000     0.000             0.000
i-                  1.000          0.000     0.000     0.000             0.000

**************************************************************************************************************
*                                          two-body potential data                                           *
**************************************************************************************************************

rcut                           =     106.066
utoltab                        =   0.100E-04
ftoltab                        =   0.100E-04
umaxtab                        =   0.200E+05
fmaxtab                        =   0.200E+05

monoatomic energy and force routines

relative permittivity          =   78.400000

system net charge based on zat =    4.00    
%%%%%%%%%%%%%%%%%%%%%%%%%%%%%%%%%%%%%%%%%%%%%%%%%%%%%%%%%%%%%%%%%%%%%%%%%%%%%%%%%%%%%%%%%%%%%%%%%%%%%%%%%%%%%%
%                                                                                                            %
%                                w a r n i n g   f r o m   p o t e n t i a l                                 %
%                                                                                                            %
%                                            non-zero net charge                                             %
%                                                                                                            %
%%%%%%%%%%%%%%%%%%%%%%%%%%%%%%%%%%%%%%%%%%%%%%%%%%%%%%%%%%%%%%%%%%%%%%%%%%%%%%%%%%%%%%%%%%%%%%%%%%%%%%%%%%%%%%

particle pair              potential
-------------              ---------
p+-p+                        default             
p+-p-                        default             
p+-i+                        default             
p+-i-                        default             
p--p-                        default             
p--i+                        default             
p--i-                        default             
i+-i+                        default             
i+-i-                        default             
i--i-                        default             

atom pair         energy coefficients (ipot and ucoff)
---------         ------------------------------------
p+-p+                  1  0.000000E+00
p+-p-                  1  0.000000E+00
p+-i+                  1  0.000000E+00
p+-i-                  1  0.000000E+00
p--p-                  1  0.177214E+02
p--i+                  1 -0.177214E+02
p--i-                  1 -0.177214E+02
i+-i+                  1  0.177214E+02
i+-i-                  1  0.177214E+02
i--i-                  1  0.177214E+02

number of 1/r coefficients than has been changed/added based on zat = 10

specification of two-body potential tables
------------------------------------------
atom pair          no of grids         iubuflow       rumin     rumax
---------          -----------         --------       -----     -----
p+-p+                  2                   1          0.316   116.673
p+-p-                  2                  25          0.316   116.673
p+-i+                  2                  49          0.316   116.673
p+-i-                  2                  73          0.316   116.673
p--p-                 66                  97          0.316   116.673
p--i+                 66                 889          0.316   116.673
p--i-                 66                1681          0.316   116.673
i+-i+                 66                2473          0.316   116.673
i+-i-                 66                3265          0.316   116.673
i--i-                 66                4057          0.316   116.673

nbuf (needed, allocated)        =       4849      9000

**************************************************************************************************************
*                                               ipotchain data                                               *
**************************************************************************************************************

bond: force constant           =         2.40880
bond: power                    =               2
bond: eqilibrium separation    =         5.00000
angle: force constant          =         0.00000
angle: power                   =               2
angle: eqilibrium separation   =       180.00000
itestpotchain                  =               0

**************************************************************************************************************
*                                         initial configuration data                                         *
**************************************************************************************************************

start configuration from SetConfiguration
-----------------------------------------
part. type    routine          no of unit cells (x,y,z)     lower (x,y,z)      upper (x,y,z)      shift (x,y,z)
----------    -------          ------------------------     -------------      -------------      -------------
 1  p+        planbrushrandom         0    0    0        -25.00-25.00-50.00  25.00 25.00 50.00   0.00  0.00  0.00
 2  p-        planbrushrandom         0    0    0        -25.00-25.00-50.00  25.00 25.00 50.00   0.00  0.00  0.00
 3  i+        random                  0    0    0        -25.00-25.00-50.00  25.00 25.00 50.00   0.00  0.00  0.00
 4  i-        random                  0    0    0        -25.00-25.00-50.00  25.00 25.00 50.00   0.00  0.00  0.00

bond length scaling factor              =      1.000
minimum angle between consecutive beads =     60.000

first macrostep                =      1

**************************************************************************************************************
*                                                coordinates                                                 *
**************************************************************************************************************


particle coordinates
--------------------
particle no   particle type       com (x,y,z)              x'-axis (x,y,z)        y'-axis (x,y,z)        z'-axis (x,y,z)
-----------   -------------       -----------              ---------------        ---------------        ---------------
     1        p+            -13.603   -8.631  -50.000   0.128  0.602 -0.788    0.660 -0.645 -0.385   -0.740 -0.471 -0.480
     2        p+            -13.603   -8.631  -45.000   0.245 -0.572  0.783   -0.162  0.772  0.615   -0.956 -0.277  0.096
     3        p+            -13.603   -8.631  -40.000   0.587 -0.788 -0.187    0.333  0.024  0.943   -0.738 -0.616  0.277
     4        p+            -13.603   -8.631  -35.000   0.749  0.539 -0.385   -0.473  0.028 -0.881   -0.464  0.842  0.276
     5        p+            -13.603   -8.631  -30.000  -0.108 -0.786  0.608   -0.167  0.618  0.768   -0.980 -0.019 -0.199
     6        p+            -13.603   -8.631  -25.000  -0.592  0.557 -0.583   -0.325 -0.826 -0.460   -0.738 -0.083  0.670
     7        p+            -13.603   -8.631  -20.000   0.700 -0.662 -0.268    0.190 -0.189  0.964   -0.688 -0.726 -0.006
     8        p+            -13.603   -8.631  -15.000   0.580  0.561  0.591    0.203  0.603 -0.772   -0.789  0.568  0.236
     9        p+            -13.603   -8.631  -10.000  -0.958 -0.239  0.161    0.137  0.111  0.984   -0.253  0.965 -0.074
    10        p+            -13.603   -8.631   -5.000  -0.968  0.100 -0.232   -0.237 -0.048  0.970    0.086  0.994  0.070
    11        p+            -23.499   18.736  -50.000   0.830  0.522  0.198   -0.209 -0.038  0.977    0.517 -0.852  0.078
    12        p+            -23.499   18.736  -45.000  -0.236  0.675  0.699    0.213  0.738 -0.640   -0.948 -0.002 -0.318
    13        p+            -23.499   18.736  -40.000   0.586 -0.383  0.714   -0.801 -0.137  0.583   -0.125 -0.914 -0.387
    14        p+            -23.499   18.736  -35.000  -0.278  0.940  0.196    0.139  0.241 -0.960   -0.951 -0.240 -0.197
    15        p+            -23.499   18.736  -30.000  -0.019  0.603 -0.797    0.780 -0.489 -0.389   -0.625 -0.630 -0.461
    16        p+            -23.499   18.736  -25.000  -0.428 -0.482  0.765   -0.735  0.678  0.016   -0.526 -0.555 -0.644
    17        p+            -23.499   18.736  -20.000   0.432 -0.768  0.473    0.391  0.632  0.669   -0.812 -0.104  0.574
    18        p+            -23.499   18.736  -15.000  -0.035 -0.532  0.846   -0.556 -0.693 -0.458    0.831 -0.486 -0.271
    19        p+            -23.499   18.736  -10.000  -0.174 -0.803  0.571    0.321 -0.594 -0.738    0.931  0.055  0.361
    20        p+            -23.499   18.736   -5.000  -0.344  0.886  0.310   -0.137  0.279 -0.950   -0.929 -0.370  0.026
    21        p-            -13.603   -8.631    0.000  -0.597 -0.572  0.562   -0.526 -0.249 -0.813    0.605 -0.781 -0.153
    22        p-            -13.603   -8.631    5.000  -0.899 -0.067  0.433    0.232  0.765  0.601   -0.371  0.641 -0.672
    23        p-            -13.603   -8.631   10.000   0.654 -0.744  0.136    0.087  0.253  0.963   -0.751 -0.618  0.231
    24        p-            -13.603   -8.631   15.000   0.274  0.937 -0.216    0.102 -0.251 -0.962   -0.956  0.242 -0.165
    25        p-            -13.603   -8.631   20.000   0.435 -0.590  0.680   -0.781 -0.623 -0.041    0.448 -0.513 -0.732
    26        p-            -13.603   -8.631   25.000   0.509  0.159  0.846   -0.524 -0.723  0.451    0.683 -0.673 -0.285
    27        p-            -13.603   -8.631   30.000  -0.469  0.835  0.287   -0.246  0.189 -0.951   -0.848 -0.517  0.117
    28        p-            -13.603   -8.631   35.000  -0.626  0.410 -0.664   -0.200  0.738  0.644    0.754  0.536 -0.380
    29        p-            -13.603   -8.631   40.000   0.339  0.810  0.479   -0.012 -0.505  0.863    0.941 -0.298 -0.161
    30        p-            -13.603   -8.631   45.000  -0.608  0.217  0.764    0.029  0.968 -0.251   -0.794 -0.130 -0.594
    31        p-            -23.499   18.736    0.000   0.931 -0.299 -0.209    0.271  0.179  0.946   -0.246 -0.937  0.248
    32        p-            -23.499   18.736    5.000   0.884  0.384  0.268    0.430 -0.891 -0.142    0.184  0.241 -0.953
    33        p-            -23.499   18.736   10.000  -0.138  0.303  0.943   -0.501  0.800 -0.330   -0.855 -0.517  0.042
    34        p-            -23.499   18.736   15.000  -0.660 -0.380  0.648    0.466  0.470  0.750   -0.589  0.797 -0.133
    35        p-            -23.499   18.736   20.000  -0.237 -0.352  0.905   -0.887 -0.302 -0.350    0.396 -0.886 -0.241
    36        p-            -23.499   18.736   25.000   0.609  0.030 -0.793   -0.262  0.951 -0.165    0.749  0.308  0.587
    37        p-            -23.499   18.736   30.000  -0.945 -0.324  0.038   -0.030 -0.029 -0.999    0.325 -0.946  0.018
    38        p-            -23.499   18.736   35.000   0.745  0.663  0.070   -0.093 -0.001  0.996    0.660 -0.749  0.061
    39        p-            -23.499   18.736   40.000  -0.367 -0.265  0.892   -0.895 -0.163 -0.416    0.255 -0.951 -0.177
    40        p-            -23.499   18.736   45.000  -0.549 -0.172  0.818   -0.830  0.225 -0.510   -0.097 -0.959 -0.266
    41        i+             22.171   -4.049  -34.953   0.313 -0.644  0.698    0.300 -0.630 -0.716    0.901  0.433 -0.005
    42        i+            -21.422   14.030  -24.142  -0.854 -0.269  0.445    0.045 -0.890 -0.453    0.519 -0.367  0.772
    43        i+            -19.265   24.006  -21.901   0.206 -0.949 -0.239   -0.526 -0.313  0.790   -0.825 -0.037 -0.564
    44        i+             15.052   13.119   10.279  -0.217  0.737  0.640   -0.935  0.032 -0.353   -0.281 -0.675  0.683
    45        i+             15.481    9.640   -2.716  -0.607  0.547  0.576    0.257 -0.551  0.794    0.752  0.630  0.194
    46        i+             16.262   24.205    4.757   0.663  0.408 -0.628   -0.729  0.542 -0.417    0.170  0.734  0.657
    47        i+             -5.878   23.855   -3.695  -0.601 -0.452 -0.660   -0.528 -0.396  0.752   -0.600  0.800 -0.001
    48        i+             -5.860  -12.252   47.599  -0.880  0.156 -0.449   -0.472 -0.181  0.862    0.053  0.971  0.233
    49        i+              6.354   16.480   43.865  -0.434 -0.776 -0.457    0.063 -0.532  0.844   -0.899  0.338  0.280
    50        i+             -4.358   -0.378   11.450  -0.811 -0.399 -0.428   -0.200 -0.498  0.844   -0.550  0.770  0.324
    51        i+            -24.649   -1.241   19.898  -0.107 -0.276  0.955    0.147 -0.954 -0.260    0.983  0.112  0.143
    52        i+            -24.418  -17.883   30.644   0.834 -0.078 -0.546   -0.456  0.459 -0.763    0.310  0.885  0.347
    53        i+             22.284    2.303  -29.058  -0.446  0.895  0.012    0.009 -0.008  1.000    0.895  0.446 -0.005
    54        i+            -17.540    5.107  -17.835  -0.184  0.721 -0.668    0.036  0.684  0.729    0.982  0.110 -0.152
    55        i+              5.196   15.896   13.127   0.477 -0.768 -0.428   -0.873 -0.471 -0.128   -0.103  0.435 -0.895
    56        i+              7.591   -9.597   -4.860  -0.617 -0.669  0.414    0.784 -0.481  0.392   -0.063  0.567  0.822
    57        i+             20.088   23.228   33.544   0.252 -0.959 -0.129    0.113  0.162 -0.980    0.961  0.232  0.149
    58        i+            -19.281   14.440  -15.215  -0.854  0.442 -0.273   -0.305 -0.852 -0.426   -0.421 -0.280  0.863
    59        i+              9.502   -3.350  -30.009  -0.712  0.652  0.262    0.013 -0.360  0.933    0.702  0.667  0.248
    60        i+             22.497    2.326  -49.189   0.263 -0.886  0.382    0.712  0.445  0.543   -0.651  0.129  0.748
    61        i+             -1.915    1.852   30.741   0.388  0.881  0.270    0.862 -0.243 -0.444   -0.326  0.405 -0.854
    62        i+             -9.688  -18.797   29.659   0.752 -0.649 -0.116    0.102 -0.059  0.993   -0.651 -0.758  0.022
    63        i-             22.549  -18.321  -36.391  -0.090 -0.591 -0.802   -0.981  0.190 -0.030    0.170  0.784 -0.597
    64        i-              0.829   -8.738   14.239   0.488  0.615 -0.620   -0.656 -0.210 -0.725   -0.576  0.760  0.301

**************************************************************************************************************
*                                                  mc data                                                   *
**************************************************************************************************************

uniform sampling, random
cubic displacement volume

single-particle move                   p+             p-             i+             i-        
-------------------                    ----------     ----------     ----------     ----------
probability                    =       1.000          1.000          1.000          1.000
tran. displacement parameter   =            2.000          2.000          2.000          2.000
rot. displacement parameter    =            0.000          0.000          0.000          0.000
 no displacement of first chain particle


**************************************************************************************************************
*                                               neighbour list                                               *
**************************************************************************************************************

verlet list
automatic control of update frequency
layer thickness                =         5.000
factor used to calculate nneigh=         2.000
maximal number of neighbours   =          2000

**************************************************************************************************************
*                                          thermodynamic quantities                                          *
**************************************************************************************************************

quantity                            initial value
&-------                            -------------
total potential energy         =          1.10835
 total two-body energy         =          1.10835
  p+-p+                        =          0.00000
  p+-p-                        =          0.00000
  p+-i+                        =          0.00000
  p+-i-                        =          0.00000
  p--p-                        =          3.06021
  p--i+                        =         -4.08486
  p--i-                        =         -0.31388
  i+-i+                        =          2.05883
  i+-i-                        =          0.38309
  i--i-                        =          0.00495
 bond energy                   =          0.00000
 angle energy                  =          0.00000
enthalpy                       =          3.95555
temperature                    =        298.00000
pressure (excl. cont. contr.)  =          1.21034
number of particles            =         64.00000
volume                         =      2.50000E+05

total potential energy (NkT)   =          0.44733
pressure (NkT/V)(excl. contact)=          1.14913
pressure (kT) (excl. contact)  =      2.94176E-04
 
total cpu time since start (s)        0.01

**************************************************************************************************************
*                                                                                                            *
*                              r e s u l t   o f   m a c r o s t e p         1                               *
*                                                                                                            *
**************************************************************************************************************


**************************************************************************************************************
*                                               mc statistics                                                *
**************************************************************************************************************

single-particle move                             total          p+                  p-                  i+                  i-        
-------------------                              -----          ----------          ----------          ----------          ----------
total number of conf.          =              640 1.00            208 1.00            188 1.00            218 1.00             26 1.00
accepted number of conf.       =              503 0.79            143 0.69            124 0.66            210 0.96             26 1.00
energy rejected conf.          =               95 0.15             38 0.18             49 0.26              8 0.04              0 0.00
hard-core rejected conf.       =               42 0.07             27 0.13             15 0.08              0 0.00              0 0.00

average no of displaced part.  =                                      1.00                1.00                1.00                1.00
average no of net joining part.=                                      0.00                0.00                0.00                0.00

**************************************************************************************************************
*                                             control statistics                                             *
**************************************************************************************************************

quantity                                    p+                  p-                  i+                  i-        
--------                                    ----------          ----------          ----------          ----------

<dr**2>/step (macrostep)       =            0.2871E+00          0.4023E+00          0.9478E+00          0.1453E+01
precision                      =            0.6303E-01          0.7912E-01          0.1888E+00          0.2573E+00
<dr**2>/step (from start)      =            0.2871E+00          0.4023E+00          0.9478E+00          0.1453E+01
precision                      =            0.6303E-01          0.7912E-01          0.1888E+00          0.2573E+00

orientation order, x'-axis     =                1.0000              1.0000              1.0000              1.0000
orientation order, y'-axis     =                1.0000              1.0000              1.0000              1.0000
orientation order, z'-axis     =                1.0000              1.0000              1.0000              1.0000

<ro> (x,y,z)                   =    -16.00  5.09-27.75  -18.50  5.33 22.22    2.28  4.81  2.19   11.57-12.15-12.04
<x'> (x,y,z)                   =      0.03 -0.00  0.18   -0.04  0.05  0.34   -0.14 -0.11 -0.02    0.20  0.01 -0.71
<y'> (x,y,z)                   =     -0.02  0.05  0.04   -0.21  0.09  0.01   -0.07 -0.23  0.21   -0.82 -0.01 -0.38
<z'> (x,y,z)                   =     -0.44 -0.15 -0.02    0.02 -0.34 -0.18    0.08  0.30  0.18   -0.20  0.77 -0.15

**************************************************************************************************************
*                                          thermodynamic quantities                                          *
**************************************************************************************************************

quantity                                  average    fluctuation          check
&&------                                  -------    -----------          -----
total potential energy         =          1.44829        0.14684      0.000E+00
 total two-body energy         =          1.04142        0.02321     -0.171E-14
  p+-p+                        =          0.00000        0.00000      0.000E+00
  p+-p-                        =          0.00000        0.00000      0.000E+00
  p+-i+                        =          0.00000        0.00000      0.000E+00
  p+-i-                        =          0.00000        0.00000      0.000E+00
  p--p-                        =          3.03701        0.01128     -0.132E-14
  p--i+                        =         -4.16287        0.03619      0.127E-14
  p--i-                        =         -0.30793        0.00711     -0.184E-15
  i+-i+                        =          2.08374        0.02204     -0.627E-15
  i+-i-                        =          0.38664        0.00456      0.145E-14
  i--i-                        =          0.00484        0.00014      0.000E+00
 bond energy                   =          0.40686        0.15768     -0.334E-15
 angle energy                  =          0.00000        0.00000      0.000E+00
enthalpy                       =          4.29549        0.14684
cv                             =          1.86886
temperature                    =        298.00000        0.00000
pressure (excl. cont. contr.)  =          1.21034        0.00000
number of particles            =         64.00000        0.00000
volume                         =      2.50000E+05    0.00000E+00

total potential energy (NkT)   =          0.58453
pressure (NkT/V)(excl. contact)=          1.14913
pressure (kT) (excl. contact)  =      2.94176E-04
number density                 =      2.56000E-04

**************************************************************************************************************
*                                              chain quantities                                              *
**************************************************************************************************************

quantity                                  average     fluctuation
--------                                  -------     -----------
<r(bb)**2>**0.5                =          5.30655        1.18833
<r(ee)**2>**0.5                =         94.52807        8.30646
<r(g)**2>**0.5                 =         28.76693        1.65138
smallest rms mom. p.a.         =          0.71469        0.52825
intermediate rms mom. p.a.     =          0.94027        0.63683
largest rms mom. p.a.          =         28.74268        1.77199
<persist. l.>  (r(ee))         =         47.01899        1.32865
<persist. l.>  (r(g))          =        588.89136      380.25178
<angle>                        =        152.18958        8.56624
<cos(180-angle)>               =          0.84833        0.06993
<r(ee)**2/r(g)**2>             =         10.79791        0.06698
<asphericity>                  =          0.99495        0.00247
<toroid param>                 =          0.08081        0.02801

persist. l. (<r(ee)**2>)       =         46.96575
persist. l. (<r(g)**2>)        =        467.60184
persist. l. (<cos(180-angle)>) =         34.98709
<r(ee)**2>/<r(g)**2>           =         10.79778
asphericity (<2:nd moments>)   =          0.99495


**************************************************************************************************************
*                                                                                                            *
*                                          f i n a l   r e s u l t                                           *
*                                                                                                            *
**************************************************************************************************************

2017-01-05     15:52:45

title   : planar pe_brush                                                                           

key data: mode           : simulation
          method         : mc   
          ensemble       : nvt
          boundary cond. : xy 
          start          : setconf 


number of time steps/passes           1  *        10  =         10

temperature                    =     298.000
pressure                       =       0.578
box lengths (x,y,z)            =      50.000      50.000     100.000
volume                         =   0.250E+06

seed of random generator       =           2


**************************************************************************************************************
*                                                coordinates                                                 *
**************************************************************************************************************


particle coordinates
--------------------
particle no   particle type       com (x,y,z)              x'-axis (x,y,z)        y'-axis (x,y,z)        z'-axis (x,y,z)
-----------   -------------       -----------              ---------------        ---------------        ---------------
     1        p+            -13.603   -8.631  -50.000   0.128  0.602 -0.788    0.660 -0.645 -0.385   -0.740 -0.471 -0.480
     2        p+            -13.600   -8.562  -43.901   0.245 -0.572  0.783   -0.162  0.772  0.615   -0.956 -0.277  0.096
     3        p+            -14.585   -8.120  -38.829   0.587 -0.788 -0.187    0.333  0.024  0.943   -0.738 -0.616  0.277
     4        p+            -14.729   -7.460  -34.857   0.749  0.539 -0.385   -0.473  0.028 -0.881   -0.464  0.842  0.276
     5        p+            -13.567   -7.995  -30.273  -0.108 -0.786  0.608   -0.167  0.618  0.768   -0.980 -0.019 -0.199
     6        p+            -12.262   -9.736  -26.153  -0.592  0.557 -0.583   -0.325 -0.826 -0.460   -0.738 -0.083  0.670
     7        p+            -11.613   -7.029  -21.034   0.700 -0.662 -0.268    0.190 -0.189  0.964   -0.688 -0.726 -0.006
     8        p+            -13.033   -9.200  -14.627   0.580  0.561  0.591    0.203  0.603 -0.772   -0.789  0.568  0.236
     9        p+            -12.164   -9.392  -10.477  -0.958 -0.239  0.161    0.137  0.111  0.984   -0.253  0.965 -0.074
    10        p+            -15.656   -9.305   -5.683  -0.968  0.100 -0.232   -0.237 -0.048  0.970    0.086  0.994  0.070
    11        p+            -23.499   18.736  -50.000   0.830  0.522  0.198   -0.209 -0.038  0.977    0.517 -0.852  0.078
    12        p+            -24.724   19.124  -46.193  -0.236  0.675  0.699    0.213  0.738 -0.640   -0.948 -0.002 -0.318
    13        p+            -23.564   18.806  -41.688   0.586 -0.383  0.714   -0.801 -0.137  0.583   -0.125 -0.914 -0.387
    14        p+            -21.663   18.505  -35.514  -0.278  0.940  0.196    0.139  0.241 -0.960   -0.951 -0.240 -0.197
    15        p+             23.882   20.401  -31.474  -0.019  0.603 -0.797    0.780 -0.489 -0.389   -0.625 -0.630 -0.461
    16        p+            -23.652   17.768  -25.539  -0.428 -0.482  0.765   -0.735  0.678  0.016   -0.526 -0.555 -0.644
    17        p+            -23.252   19.503  -20.410   0.432 -0.768  0.473    0.391  0.632  0.669   -0.812 -0.104  0.574
    18        p+            -22.243   19.032  -15.897  -0.035 -0.532  0.846   -0.556 -0.693 -0.458    0.831 -0.486 -0.271
    19        p+            -22.745   19.044   -9.677  -0.174 -0.803  0.571    0.321 -0.594 -0.738    0.931  0.055  0.361
    20        p+             24.975   18.022   -5.406  -0.344  0.886  0.310   -0.137  0.279 -0.950   -0.929 -0.370  0.026
    21        p-            -13.416   -9.041   -0.330  -0.597 -0.572  0.562   -0.526 -0.249 -0.813    0.605 -0.781 -0.153
    22        p-            -13.817   -9.159    4.968  -0.899 -0.067  0.433    0.232  0.765  0.601   -0.371  0.641 -0.672
    23        p-            -11.444   -8.653    8.731   0.654 -0.744  0.136    0.087  0.253  0.963   -0.751 -0.618  0.231
    24        p-            -12.487   -7.567   14.095   0.274  0.937 -0.216    0.102 -0.251 -0.962   -0.956  0.242 -0.165
    25        p-            -14.575   -8.237   20.516   0.435 -0.590  0.680   -0.781 -0.623 -0.041    0.448 -0.513 -0.732
    26        p-            -12.829   -6.120   26.361   0.509  0.159  0.846   -0.524 -0.723  0.451    0.683 -0.673 -0.285
    27        p-            -15.777   -5.767   30.660  -0.469  0.835  0.287   -0.246  0.189 -0.951   -0.848 -0.517  0.117
    28        p-            -14.130   -7.703   34.221  -0.626  0.410 -0.664   -0.200  0.738  0.644    0.754  0.536 -0.380
    29        p-            -13.557   -7.253   39.196   0.339  0.810  0.479   -0.012 -0.505  0.863    0.941 -0.298 -0.161
