**************************************************************************************************************
**************************************************************************************************************
**                                                                                                          **
**                                                                                                          **
**                                                  Molsim                                                  **
**                                                                                                          **
**                  integrated md/mc/bd simulation program belonging to the molsim package                  **
**                                                                                                          **
**                                      version 6.4.7, Sep 18, 2015 v                                       **
**                                                                                                          **
**                                                                                                          **
**                                                Per Linse                                                 **
**                                            Physical Chemistry                                            **
**                                         Department of Chemistry                                          **
**                                             Lund University                                              **
**                                               P.O. Box 124                                               **
**                                          S-221 00 Lund, SWEDEN                                           **
**                                                                                                          **
**                                                                                                          **
**                                         with contributions from                                          **
**                                                                                                          **
**                  Anna Akinchina, Fredrik Carlsson, Samuel Edgecombe, Yoshikatsu Hayashi                  **
**          Pascal Hebbeker, Cornelius Hofzumahaus, Niklas Källrot, Björn Linse, Vladimir Lobaskin          **
**               Thomas M. Nymand, Alberto Pais, Jurij Rescic, Stefanie Schneider, Marie Skepö              **
**          Joakim Stenhammar, Anders Wallqvist, Jos van Rijssel, Erik Wernersson, Per-Olof Åstrand         **
**                                                                                                          **
**                                                                                                          **
**************************************************************************************************************
**************************************************************************************************************
 
2016-09-14     08:31:27

**************************************************************************************************************
*                                                                                                            *
*                                            i n p u t   d a t a                                             *
*                                                                                                            *
**************************************************************************************************************


**************************************************************************************************************
*                                            general information                                             *
**************************************************************************************************************


title   : Two spheres with diblock brushes, mean force                                              

key data: mode           : simulation
          method         : mc   
          ensemble       : nvt
          boundary cond. : cyl
          start          : setconf 


number of time steps/passes           1  *        10  =         10

temperature                    =     298.000
pressure                       =       0.101
cylindrical cell radius        =     200.000
cylindrical cell length        =     600.000
volume                         =   0.754E+08

seed of random generator       =           1

optional subroutine used
------------------------
   ControlAver
   MainAver
   DistFunc
   Group
   Static

parameters controlling the output interval (0 = no)
-------------------------------------------------
   itest              0
   ipart              1
   iatom              0
   iaver              0
   ishow              1
   iplot              1
   ilist              1

external units
--------------
number        generic name        file name
------        ------------        ---------
   1               fin            FIN       
   2               fout           FOUT      
   3               fcnf           FCNF      
   8               flist          FLIST     

**************************************************************************************************************
*                                                   units                                                    *
**************************************************************************************************************

quantity                unit
--------                ----
length              1.000E-10 m
mass                1.000E-03 kg/mol
temperature         1.000E+00 k
time                1.000E-12 s
energy              1.000E+03 j/mol
heat capacity       1.000E+00 j/mol*k
diff. coeff.        1.000E-09 m**2/s
pressure            1.000E+06 pa
volume              1.000E-30 m**3
linear vel.         1.000E+02 m/s
linear acc.         1.000E+14 m/s**2
force               1.000E+11 n/mol
moment of inertia   1.000E-23 kg*m**2/mol
angle               1.745E-02 rad

**************************************************************************************************************
*                                               particle data                                                *
**************************************************************************************************************

charged atoms enabled

number of chains               =      40
number of particles            =    1002
number of atoms                =    1002
number of chains types         =       1     (     10 )
number of particle types       =       4     (     10 )
number of atom types           =       4     (     10 )

chain type         no of chains             topology  no of particles of the different types
----------         ------------             --------  --------------------------------------
diblock               40                    block         0   10   10    0

particle       no        atom     no     mass    hard core    no of unit   weak      pK        sigma    epsilon  zatalpha
                                                 radius       charges      charge                              
--------       --        ----     --     ----    ---------    ----------   ------    --        -----    -------  --------
sph             2
                         sph      1      0.000   25.000        0.0000        F      0.0000     0.0000    0.0000    0.0000
p+            400
                         p+       1      0.000    2.000        0.0000        F      0.0000     0.0000    0.0000    0.0000
p-            400
                         p-       1      0.000    2.000       -0.5000        F      0.0000     0.0000    0.0000    0.0000
i+            200
                         i+       1      0.000    2.000        1.0000        F      0.0000     0.0000    0.0000    0.0000

molecular input frame: sph       
---------------------- ---

atom               coordinate (x,y,z)
----               ------------------
sph          0.00000   0.00000   0.00000

principal axis frame: sph       
--------------------- ---

atom               coordinate (x,y,z)
----               ------------------
sph          0.00000   0.00000   0.00000

molecular input frame: p+        
---------------------- --

atom               coordinate (x,y,z)
----               ------------------
p+           0.00000   0.00000   0.00000

principal axis frame: p+        
--------------------- --

atom               coordinate (x,y,z)
----               ------------------
p+           0.00000   0.00000   0.00000

molecular input frame: p-        
---------------------- --

atom               coordinate (x,y,z)
----               ------------------
p-           0.00000   0.00000   0.00000

principal axis frame: p-        
--------------------- --

atom               coordinate (x,y,z)
----               ------------------
p-           0.00000   0.00000   0.00000

molecular input frame: i+        
---------------------- --

atom               coordinate (x,y,z)
----               ------------------
i+           0.00000   0.00000   0.00000

principal axis frame: i+        
--------------------- --

atom               coordinate (x,y,z)
----               ------------------
i+           0.00000   0.00000   0.00000

particle             mass           moment of inertia (x,y,z)        maximal atom-com distance
--------             ----           -------------------------        -------------------------
sph                 0.000          0.000     0.000     0.000             0.000
p+                  0.000          0.000     0.000     0.000             0.000
p-                  0.000          0.000     0.000     0.000             0.000
i+                  0.000          0.000     0.000     0.000             0.000

**************************************************************************************************************
*                                          two-body potential data                                           *
**************************************************************************************************************

rcut                           =     721.110
utoltab                        =   0.100E-04
ftoltab                        =   0.100E-04
umaxtab                        =   0.200E+05
fmaxtab                        =   0.200E+05

monoatomic energy and force routines

relative permittivity          =   78.400000

system net charge based on zat =    0.00    

particle pair              potential
-------------              ---------
sph-sph                      default             
sph-p+                       default             
sph-p-                       default             
sph-i+                       default             
p+-p+                        default             
p+-p-                        default             
p+-i+                        default             
p--p-                        default             
p--i+                        default             
i+-i+                        default             

atom pair         energy coefficients (ipot and ucoff)
---------         ------------------------------------
sph-sph                1  0.000000E+00
sph-p+                 1  0.000000E+00
sph-p-                 1  0.000000E+00
sph-i+                 1  0.000000E+00
p+-p+                  1  0.000000E+00
p+-p-                  1  0.000000E+00
p+-i+                  1  0.000000E+00
p--p-                  1  0.443034E+01
p--i+                  1 -0.886068E+01
i+-i+                  1  0.177214E+02

number of 1/r coefficients than has been changed/added based on zat = 10

specification of two-body potential tables
------------------------------------------
atom pair          no of grids         iubuflow       rumin     rumax
---------          -----------         --------       -----     -----
sph-sph                2                   1          0.316   793.221
sph-p+                 2                  25          0.316   793.221
sph-p-                 2                  49          0.316   793.221
sph-i+                 2                  73          0.316   793.221
p+-p+                  2                  97          0.316   793.221
p+-p-                  2                 121          0.316   793.221
p+-i+                  2                 145          0.316   793.221
p--p-                 56                 169          0.316   793.221
p--i+                 64                 841          0.316   793.221
i+-i+                 73                1609          0.316   793.221

nbuf (needed, allocated)        =       2485      3000

**************************************************************************************************************
*                                               ipotchain data                                               *
**************************************************************************************************************

bond: force constant           =         2.40880
bond: power                    =               2
bond: eqilibrium separation    =         5.00000
angle: force constant          =         0.00000
angle: power                   =               2
angle: eqilibrium separation   =       180.00000
itestpotchain                  =               0

**************************************************************************************************************
*                                         initial configuration data                                         *
**************************************************************************************************************

start configuration from SetConfiguration
-----------------------------------------
part. type    routine          no of unit cells (x,y,z)     lower (x,y,z)      upper (x,y,z)      shift (x,y,z)
----------    -------          ------------------------     -------------      -------------      -------------
 1  sph       pclattice               1    1    2           0.0   0.0 -60.0    0.0   0.0  60.0    0.5   0.5   0.5
 2  p+        sphbrushlattice         0    0    0        -200.0-200.0-300.0  200.0 200.0 300.0    0.0   0.0   0.0
 3  p-        sphbrushlattice         0    0    0        -200.0-200.0-300.0  200.0 200.0 300.0    0.0   0.0   0.0
 4  i+        random                  0    0    0        -200.0-200.0-300.0  200.0 200.0 300.0    0.0   0.0   0.0

bond length scaling factor              =      1.000
minimum angle between consecutive beads =      0.000

first macrostep                =      1

**************************************************************************************************************
*                                                coordinates                                                 *
**************************************************************************************************************


particle coordinates
--------------------
particle no   particle type       com (x,y,z)              x'-axis (x,y,z)        y'-axis (x,y,z)        z'-axis (x,y,z)
-----------   -------------       -----------              ---------------        ---------------        ---------------
     1        sph             0.000    0.000  -30.000   1.000  0.000  0.000    0.000  1.000  0.000    0.000  0.000  1.000
     2        sph             0.000    0.000   30.000   1.000  0.000  0.000    0.000  1.000  0.000    0.000  0.000  1.000
     3        p+             -4.736   22.810  -16.351  -0.780 -0.592  0.205    0.191  0.088  0.978   -0.597  0.801  0.044
     4        p+             -4.120   25.470  -20.540   0.798  0.563  0.214   -0.158 -0.148  0.976    0.582 -0.813 -0.029
     5        p+             -5.932   28.702  -23.897  -0.291  0.671 -0.682   -0.123 -0.733 -0.669   -0.949 -0.111  0.296
     6        p+             -1.578   30.872  -25.052  -0.757  0.440 -0.483   -0.032 -0.764 -0.645   -0.653 -0.472  0.592
     7        p+             -4.491   32.400  -28.817  -0.447  0.106 -0.888    0.026 -0.991 -0.132   -0.894 -0.082  0.441
     8        p+             -6.449   28.283  -30.870   0.651 -0.043 -0.757   -0.739 -0.262 -0.621   -0.172  0.964 -0.203
     9        p+             -9.122   31.819  -33.182   0.591 -0.573 -0.567   -0.774 -0.600 -0.200   -0.226  0.558 -0.799
    10        p+             -9.099   28.573  -36.985   0.606 -0.511  0.610    0.779  0.226 -0.584    0.160  0.830  0.535
    11        p+             -5.463   31.239  -34.824   0.459 -0.685 -0.566    0.757 -0.032  0.652   -0.465 -0.728  0.504
    12        p+             -8.376   33.248  -38.356  -0.186  0.970  0.156    0.258  0.201 -0.945   -0.948 -0.136 -0.288
    13        p+             -4.736   22.810   43.649   0.736  0.192  0.649    0.343 -0.932 -0.113    0.584  0.306 -0.752
    14        p+             -8.306   25.543   45.836   0.496 -0.836  0.233   -0.081  0.223  0.971   -0.864 -0.501  0.043
    15        p+            -12.719   25.739   48.179   0.568 -0.112 -0.816   -0.733  0.383 -0.563    0.375  0.917  0.135
    16        p+            -15.240   26.148   43.880   0.483  0.467  0.741    0.717  0.274 -0.641   -0.502  0.841 -0.202
    17        p+            -12.630   28.345   40.225   0.300 -0.949  0.094   -0.025  0.091  0.996   -0.954 -0.301  0.004
    18        p+            -10.196   24.644   37.905   0.711 -0.651 -0.266    0.254 -0.116  0.960   -0.656 -0.750  0.083
    19        p+             -7.183   27.722   40.444  -0.773  0.413 -0.481    0.582  0.163 -0.796   -0.251 -0.896 -0.367
    20        p+             -8.512   29.771   36.081  -0.724  0.660  0.200    0.096  0.383 -0.919   -0.683 -0.646 -0.340
    21        p+            -12.231   30.625   32.849  -0.458 -0.771  0.442    0.399  0.266  0.877   -0.794  0.578  0.186
    22        p+            -13.238   34.219   29.522  -0.899  0.313  0.306   -0.304 -0.950  0.077    0.315 -0.024  0.949
    23        p+            -20.833  -12.716  -41.544  -0.700 -0.097  0.708    0.709  0.024  0.704   -0.085  0.995  0.052
    24        p+            -23.086   -9.403  -44.536   0.117  0.616 -0.779   -0.181 -0.758 -0.627   -0.976  0.214  0.023
    25        p+            -19.227  -11.562  -46.872  -0.583 -0.112  0.805    0.050  0.984  0.173   -0.811  0.141 -0.568
    26        p+            -15.645  -15.007  -47.418  -0.351  0.515  0.782    0.199  0.857 -0.475   -0.915 -0.011 -0.403
    27        p+            -14.858  -13.768  -52.197   0.574  0.584  0.575    0.578  0.209 -0.789   -0.581  0.785 -0.217
    28        p+            -14.604  -16.843  -56.132  -0.448 -0.794  0.411   -0.564 -0.106 -0.819    0.694 -0.599 -0.400
    29        p+            -17.497  -19.780  -53.303  -0.358 -0.890  0.282   -0.490 -0.078 -0.868    0.795 -0.449 -0.408
    30        p+            -20.914  -16.275  -54.322   0.443  0.369 -0.817   -0.887  0.311 -0.340    0.128  0.876  0.465
    31        p+            -18.515  -19.293  -57.505   0.506  0.108  0.856   -0.809 -0.284  0.514    0.299 -0.953 -0.056
    32        p+            -18.386  -14.992  -60.050   0.363  0.620 -0.695    0.420  0.557  0.716    0.832 -0.552 -0.059
    33        p+            -20.833  -12.716   18.456   0.082 -0.757  0.648   -0.430 -0.613 -0.663    0.899 -0.224 -0.376
    34        p+            -23.436  -10.087   15.092   0.545 -0.832  0.105    0.078 -0.074 -0.994    0.835  0.550  0.025
    35        p+            -24.885  -13.228   18.702  -0.597 -0.634 -0.491   -0.788  0.576  0.215    0.147  0.516 -0.844
    36        p+            -28.006  -13.752   22.574   0.063  0.274 -0.960   -0.501  0.840  0.207    0.863  0.468  0.190
    37        p+            -31.820  -14.989   19.587   0.586 -0.759  0.285   -0.017  0.340  0.940   -0.810 -0.555  0.186
    38        p+            -35.958  -13.814   22.136   0.051  0.697 -0.716    0.495 -0.640 -0.588   -0.867 -0.324 -0.378
    39        p+            -33.014  -10.117   23.768  -0.589 -0.587 -0.556    0.382  0.403 -0.831    0.712 -0.702 -0.013
    40        p+            -30.794  -14.251   25.495  -0.364  0.045 -0.930    0.709  0.661 -0.245    0.604 -0.749 -0.273
    41        p+            -28.025  -16.089   29.230   0.507  0.051 -0.861    0.857 -0.137  0.496   -0.093 -0.989 -0.113
    42        p+            -27.886  -21.087   29.186   0.537  0.568 -0.624    0.724  0.070  0.686    0.433 -0.820 -0.374
    43        p+            -12.574  -23.647  -26.576  -0.267  0.264  0.927    0.339  0.926 -0.166   -0.902  0.270 -0.337
    44        p+            -14.226  -27.146  -23.409  -0.738  0.674 -0.037    0.057  0.008 -0.998   -0.673 -0.739 -0.045
    45        p+            -10.666  -29.556  -20.855  -0.326  0.788  0.523    0.870  0.034  0.491    0.369  0.615 -0.697
    46        p+             -6.472  -31.553  -22.705  -0.810 -0.567  0.149    0.118  0.090  0.989   -0.574  0.818 -0.006
    47        p+            -10.701  -34.120  -23.433   0.477  0.465  0.746   -0.859  0.424  0.285   -0.184 -0.777  0.602
    48        p+            -14.411  -35.987  -26.218  -0.964 -0.264 -0.037    0.041 -0.284  0.958   -0.263  0.922  0.285
    49        p+            -10.428  -37.217  -28.980  -0.015 -0.519 -0.854    0.816  0.487 -0.311    0.577 -0.702  0.417
    50        p+             -6.807  -40.384  -27.617   0.873 -0.439  0.211    0.275  0.088 -0.957    0.401  0.894  0.198
    51        p+             -8.364  -44.953  -28.922  -0.493 -0.651 -0.577    0.442  0.384 -0.811    0.750 -0.654  0.099
    52        p+            -13.104  -43.828  -30.045   0.327  0.641  0.695   -0.805  0.574 -0.151   -0.495 -0.510  0.703
    53        p+            -12.574  -23.647   33.424  -0.768 -0.582  0.267    0.057  0.353  0.934   -0.637  0.733 -0.238
    54        p+            -16.640  -20.858   34.256  -0.602 -0.505  0.619    0.341 -0.863 -0.372    0.722 -0.013  0.692
    55        p+            -19.883  -24.653   34.532  -0.318  0.911 -0.263    0.366 -0.138 -0.920   -0.875 -0.389 -0.290
    56        p+            -22.472  -23.725   38.708  -0.502 -0.487 -0.714   -0.727  0.686  0.044    0.469  0.541 -0.698
    57        p+            -26.647  -24.123   41.430   0.237 -0.002 -0.971    0.005 -1.000  0.004   -0.971 -0.006 -0.237
    58        p+            -30.505  -21.511   39.615  -0.544  0.069  0.836   -0.006  0.996 -0.086   -0.839 -0.052 -0.542
    59        p+            -33.971  -24.012   42.210  -0.543  0.483 -0.687   -0.758  0.069  0.648    0.360  0.873  0.329
    60        p+            -38.060  -26.238   40.387  -0.815 -0.163 -0.556    0.358 -0.896 -0.262   -0.455 -0.413  0.789
    61        p+            -33.927  -24.892   37.916  -0.707 -0.170 -0.686   -0.667 -0.162  0.727   -0.235  0.972  0.001
    62        p+            -33.047  -21.383   34.464   0.750 -0.639  0.169   -0.517 -0.408  0.752   -0.412 -0.652 -0.637
    63        p+              5.887   -1.450  -56.310  -0.742 -0.644  0.188    0.422 -0.666 -0.615    0.521 -0.377  0.766
    64        p+             10.272   -3.101  -58.056   0.501  0.715 -0.488    0.853 -0.313  0.417    0.145 -0.625 -0.767
    65        p+             13.124   -5.585  -61.327   0.862 -0.379  0.336   -0.438 -0.226  0.870   -0.254 -0.898 -0.361
    66        p+             10.018   -2.881  -64.163  -0.872 -0.204 -0.445   -0.058 -0.860  0.508   -0.486  0.468  0.738
    67        p+              6.491   -6.292  -63.199   0.640 -0.624 -0.449   -0.612 -0.060 -0.789    0.465  0.779 -0.420
    68        p+              9.672  -10.149  -63.111   0.088  0.962 -0.259    0.024 -0.262 -0.965   -0.996  0.079 -0.046
    69        p+             11.309  -12.955  -59.311   0.746  0.039  0.665   -0.556  0.586  0.590   -0.367 -0.810  0.458
    70        p+             14.132  -13.474  -55.216   0.669  0.743 -0.002    0.009 -0.006  1.000    0.743 -0.669 -0.011
    71        p+             14.926  -13.881  -50.297   0.044  0.022  0.999   -0.933 -0.357  0.049    0.358 -0.934  0.005
    72        p+             18.138  -17.338  -51.951   0.581 -0.369  0.725   -0.683  0.263  0.681   -0.442 -0.891 -0.099
    73        p+              5.887   -1.450    3.690  -0.831  0.321 -0.454    0.323 -0.384 -0.865   -0.452 -0.865  0.216
    74        p+              9.898   -0.618    0.823  -0.915 -0.113  0.388   -0.340  0.735 -0.587   -0.218 -0.669 -0.711
    75        p+             13.577   -1.213   -2.511  -0.172  0.767 -0.618   -0.598 -0.580 -0.553   -0.783  0.275  0.558
    76        p+             12.422    3.471   -3.823  -0.301 -0.545 -0.782    0.559  0.564 -0.608    0.772 -0.621  0.135
    77        p+             15.878    6.572   -5.677   0.342  0.391  0.855    0.815  0.330 -0.477   -0.468  0.859 -0.206
    78        p+             11.502    8.982   -5.876   0.396  0.850  0.347   -0.812  0.501 -0.300   -0.429 -0.163  0.889
    79        p+             10.170   13.795   -5.623   0.817  0.574  0.056    0.029  0.055 -0.998   -0.576  0.817  0.029
    80        p+              8.201   17.724   -3.238  -0.477  0.566  0.672    0.739 -0.157  0.656    0.477  0.809 -0.343
    81        p+              3.643   17.976   -5.277  -0.543 -0.694  0.473   -0.296 -0.369 -0.881    0.786 -0.618 -0.005
    82        p+              0.017   17.592   -1.856  -0.659  0.697 -0.284   -0.337  0.064  0.939    0.673  0.714  0.193
    83        p+             12.996   11.962   -9.579  -0.481 -0.313 -0.819    0.690 -0.711 -0.134   -0.541 -0.630  0.558
    84        p+             16.226    8.169  -10.008  -0.634 -0.441 -0.636    0.767 -0.463 -0.443   -0.099 -0.769  0.632
    85        p+             20.690    6.058   -9.223   0.767 -0.587 -0.260   -0.312  0.014 -0.950    0.561  0.810 -0.172
    86        p+             20.088   10.690  -11.006  -0.872  0.422 -0.248   -0.241 -0.811 -0.533   -0.426 -0.405  0.809
    87        p+             18.076   13.783   -7.632   0.788  0.430  0.441    0.327  0.315 -0.891   -0.522  0.846  0.108
    88        p+             15.043   16.212   -4.484  -0.768  0.404  0.497   -0.251  0.524 -0.814   -0.589 -0.750 -0.301
    89        p+             13.889   14.335    0.004   0.916  0.390  0.092    0.170 -0.173 -0.970   -0.363  0.904 -0.225
    90        p+             11.825   17.989    2.721  -0.040  0.228 -0.973   -0.897  0.421  0.136    0.441  0.878  0.187
    91        p+             11.874   13.601    5.117  -0.503  0.577 -0.643   -0.857 -0.426  0.288   -0.108  0.697  0.709
    92        p+             14.041   16.379    8.666   0.012  0.439  0.898   -0.946 -0.286  0.152    0.324 -0.852  0.412
    93        p+             12.996   11.962   50.421  -0.756  0.572 -0.318    0.448  0.099 -0.888   -0.476 -0.814 -0.332
    94        p+             10.591   11.570   54.788  -0.420  0.382  0.823    0.887 -0.017  0.461    0.190  0.924 -0.332
    95        p+             10.579   15.686   57.626   0.136  0.821  0.554   -0.630  0.503 -0.591   -0.764 -0.269  0.586
    96        p+             14.010   16.028   54.004   0.189  0.228  0.955    0.798  0.531 -0.285   -0.572  0.816 -0.082
    97        p+             15.937   11.470   53.284  -0.215 -0.205  0.955   -0.921  0.367 -0.129   -0.324 -0.907 -0.268
    98        p+             19.251   10.684   56.945   0.566 -0.475  0.673    0.669 -0.213 -0.713    0.482  0.854  0.197
    99        p+             18.957    8.881   52.290  -0.616 -0.773 -0.152    0.056 -0.235  0.970   -0.786  0.589  0.188
   100        p+             21.206    5.951   55.660  -0.811 -0.197  0.550   -0.508 -0.228 -0.831    0.289 -0.954  0.085
   101        p+             22.252    4.183   60.218   0.671  0.244  0.700   -0.741  0.258  0.620   -0.029 -0.935  0.354
   102        p+             25.441    1.036   62.438   0.488  0.854  0.179    0.054  0.175 -0.983   -0.871  0.490  0.039
   103        p+              7.913  -13.419   -7.947  -0.591 -0.364 -0.720    0.731 -0.619 -0.287   -0.342 -0.696  0.632
   104        p+             11.207  -15.661   -4.927   0.827  0.326  0.457    0.402 -0.913 -0.076    0.393  0.247 -0.886
   105        p+             10.637  -20.627   -4.802  -0.242 -0.618  0.748   -0.880 -0.185 -0.438    0.409 -0.764 -0.499
   106        p+             13.663  -23.219   -7.824   0.686 -0.680 -0.259   -0.537 -0.233 -0.811    0.490  0.695 -0.525
   107        p+             13.921  -24.813   -3.092   0.870 -0.436  0.230    0.454  0.523 -0.721    0.194  0.732  0.653
   108        p+             16.061  -27.206    0.741   0.858  0.466  0.214    0.177  0.122 -0.977   -0.482  0.876  0.022
   109        p+             13.769  -30.027    4.175   0.665  0.049  0.746    0.556 -0.699 -0.450    0.499  0.713 -0.492
   110        p+             18.220  -32.205    4.844  -0.690  0.415 -0.593    0.537 -0.257 -0.804   -0.486 -0.873 -0.046
   111        p+             17.579  -33.159   -0.022   0.791  0.155 -0.591    0.516 -0.688  0.511   -0.328 -0.709 -0.624
   112        p+             21.701  -32.806    2.787  -0.897  0.366  0.247    0.011 -0.541  0.841    0.441  0.757  0.481
   113        p+              7.913  -13.419   52.053  -0.074  0.622  0.780   -0.119 -0.782  0.612    0.990 -0.047  0.132
   114        p+             10.749   -9.890   54.174   1.000 -0.025  0.003   -0.003  0.001  1.000   -0.025 -1.000  0.000
   115        p+             13.085  -12.125   50.359  -0.608  0.547  0.575   -0.088 -0.766  0.636    0.789  0.336  0.514
   116        p+             16.452   -9.226   52.653   0.609 -0.477 -0.634    0.151  0.854 -0.498    0.778  0.208  0.592
   117        p+             18.676  -12.549   55.655  -0.710 -0.298 -0.638    0.704 -0.326 -0.631   -0.020 -0.897  0.441
   118        p+             20.433   -7.916   54.983   0.312 -0.449 -0.837   -0.950 -0.162 -0.267   -0.016  0.879 -0.477
   119        p+             23.308   -9.828   58.600  -0.544 -0.624 -0.561    0.163  0.578 -0.800    0.823 -0.527 -0.213
   120        p+             21.593  -14.519   58.371  -0.483 -0.749 -0.454   -0.163 -0.432  0.887   -0.860  0.502  0.087
   121        p+             20.145  -15.446   63.067  -0.538  0.678  0.501    0.812  0.577  0.091   -0.228  0.456 -0.861
   122        p+             17.181  -12.766   60.061  -0.636  0.645  0.424   -0.347  0.252 -0.903   -0.689 -0.722  0.063
   123        p+            -16.816  -11.973  -12.598  -0.642  0.673 -0.368   -0.472 -0.725 -0.502   -0.605 -0.149  0.782
   124        p+            -18.753   -7.532  -11.365   0.485 -0.102 -0.868    0.705 -0.541  0.458   -0.517 -0.835 -0.191
   125        p+            -20.422   -4.934   -7.432   0.010 -0.730 -0.684   -0.017  0.683 -0.730    1.000  0.019 -0.006
   126        p+            -18.581   -8.904   -5.013   0.184  0.437  0.881   -0.420 -0.775  0.472    0.889 -0.456  0.041
   127        p+            -21.159  -12.499   -2.684  -0.802  0.597  0.014   -0.066 -0.065 -0.996   -0.594 -0.799  0.091
   128        p+            -24.948  -15.682   -3.400  -0.319  0.730  0.605   -0.117 -0.663  0.739    0.941  0.165  0.296
   129        p+            -28.929  -18.599   -2.598  -0.436  0.575 -0.692    0.616 -0.371 -0.695   -0.656 -0.729 -0.193
   130        p+            -30.629  -15.250    0.703  -0.427 -0.559 -0.711    0.596  0.417 -0.686    0.680 -0.717  0.155
   131        p+            -27.231  -18.771    1.730  -0.434 -0.221 -0.874    0.774 -0.588 -0.235   -0.462 -0.778  0.426
   132        p+            -24.347  -15.901    4.637  -0.740 -0.126  0.661    0.503 -0.756  0.420    0.447  0.643  0.622
   133        p+            -16.816  -11.973   47.402   0.028  0.998 -0.052   -0.347  0.058  0.936    0.937 -0.008  0.348
   134        p+            -19.097  -10.967   51.737  -0.982  0.032 -0.188    0.190  0.042 -0.981   -0.024 -0.999 -0.047
   135        p+            -16.237   -9.882   55.692  -0.511  0.658  0.553    0.495  0.751 -0.437   -0.703  0.051 -0.709
   136        p+            -15.521   -4.936   55.570  -0.522 -0.745 -0.416   -0.405 -0.213  0.889   -0.751  0.632 -0.191
   137        p+            -19.139   -7.476   57.906   0.595 -0.616 -0.516    0.426 -0.302  0.853   -0.682 -0.727  0.082
   138        p+            -17.450  -10.741   61.294  -0.083  0.547 -0.833   -0.708  0.556  0.435    0.701  0.626  0.341
   139        p+            -14.836  -12.994   64.913   0.718  0.540  0.440   -0.031 -0.606  0.795    0.695 -0.585 -0.418
   140        p+            -15.174  -16.797   61.683  -0.521 -0.153  0.840    0.807  0.233  0.543   -0.279  0.960  0.002
   141        p+            -10.416  -18.274   61.264  -0.878  0.461  0.130    0.314  0.347  0.884    0.362  0.817 -0.449
   142        p+            -12.875  -22.362   59.766   0.522 -0.214  0.826   -0.775 -0.524  0.354    0.357 -0.825 -0.439
   143        p+            -14.478   22.131  -35.442  -0.296 -0.833 -0.467    0.297  0.384 -0.874    0.908 -0.397  0.134
   144        p+            -14.020   26.627  -37.581   0.016  0.382  0.924    0.659 -0.699  0.277    0.752  0.604 -0.263
   145        p+            -15.823   23.607  -41.134  -0.096  0.931 -0.353   -0.152  0.337  0.929    0.984  0.143  0.109
   146        p+            -12.378   22.141  -44.447   0.539 -0.608  0.583    0.839  0.325 -0.436    0.076  0.724  0.685
   147        p+            -10.069   25.750  -47.024   0.376  0.566 -0.734    0.531 -0.780 -0.330   -0.759 -0.266 -0.594
   148        p+             -7.339   22.731  -49.928  -0.807  0.573  0.144   -0.125 -0.403  0.907    0.578  0.713  0.397
   149        p+            -10.914   23.111  -53.404   0.111  0.167 -0.980    0.862 -0.507  0.011   -0.495 -0.845 -0.200
   150        p+             -9.667   19.647  -56.787  -0.571  0.245  0.783    0.636  0.736  0.233   -0.519  0.631 -0.576
   151        p+             -8.554   16.046  -60.072   0.743  0.445 -0.500   -0.347 -0.383 -0.856   -0.572  0.810 -0.130
   152        p+             -9.396   12.801  -56.361   0.108 -0.842  0.528   -0.179  0.506  0.844   -0.978 -0.185 -0.096
   153        p+            -14.478   22.131   24.558   0.722 -0.519  0.458    0.658  0.309 -0.687    0.215  0.797  0.564
   154        p+            -10.613   23.770   21.843   0.422  0.480  0.769   -0.810  0.581  0.082   -0.407 -0.657  0.634
   155        p+             -7.596   24.752   17.978   0.313 -0.690  0.653    0.084 -0.664 -0.743    0.946  0.287 -0.150
   156        p+             -6.488   27.684   21.874  -0.588 -0.774  0.234    0.128  0.197  0.972   -0.798  0.602 -0.017
   157        p+             -1.892   26.240   20.536  -0.259 -0.808  0.529   -0.384 -0.416 -0.824    0.886 -0.417 -0.202
   158        p+              1.844   28.594   22.883   0.089 -0.622 -0.778    0.267  0.767 -0.583    0.960 -0.156  0.234
   159        p+              4.259   31.270   19.417   0.422  0.790  0.446    0.263  0.364 -0.893   -0.868  0.494 -0.055
   160        p+              5.257   35.367   16.731  -0.537  0.236  0.810    0.842  0.207  0.498   -0.050  0.950 -0.310
   161        p+              2.544   34.147   12.712   0.055 -0.376 -0.925    0.680 -0.664  0.310   -0.731 -0.646  0.219
   162        p+              1.087   38.665   11.141   0.350  0.013  0.937   -0.900 -0.271  0.340    0.259 -0.962 -0.083
   163        p+              7.083  -25.839  -26.654   0.916  0.094 -0.390   -0.393  0.406 -0.825    0.080  0.909  0.409
   164        p+              6.637  -29.589  -29.930  -0.053  0.276  0.960   -0.060  0.958 -0.279   -0.997 -0.072 -0.034
   165        p+             10.186  -29.312  -33.441   0.908  0.417  0.038   -0.045  0.007  0.999    0.417 -0.909  0.025
   166        p+              7.329  -27.402  -37.073  -0.811  0.166 -0.561   -0.562 -0.488  0.668   -0.164  0.857  0.489
   167        p+              4.664  -30.216  -33.913  -0.018 -0.953 -0.301    0.298  0.282 -0.912    0.955 -0.106  0.279
   168        p+              7.650  -33.734  -31.987  -0.663  0.735 -0.139   -0.049  0.142  0.989    0.747  0.663 -0.058
   169        p+              3.615  -35.033  -34.638  -0.361 -0.143 -0.921   -0.776  0.594  0.212    0.517  0.791 -0.326
   170        p+              4.095  -40.010  -34.724   0.177  0.018  0.984    0.654  0.745 -0.132   -0.735  0.667  0.120
   171        p+              0.772  -43.528  -33.468   0.954  0.164 -0.253   -0.217 -0.207 -0.954   -0.209  0.965 -0.162
   172        p+              4.822  -41.886  -31.040   0.854  0.352  0.384   -0.513  0.442  0.735    0.089 -0.825  0.559
   173        p+              7.083  -25.839   33.346  -0.876  0.301 -0.376   -0.216 -0.943 -0.252   -0.431 -0.140  0.892
   174        p+             10.044  -28.702   36.180   0.483  0.509 -0.713   -0.502 -0.506 -0.701   -0.718  0.696  0.011
   175        p+             10.379  -29.803   41.046   0.728 -0.585 -0.358   -0.381  0.089 -0.920    0.571  0.806 -0.158
   176        p+             11.371  -33.482   44.284  -0.666  0.306 -0.680    0.697  0.581 -0.421    0.266 -0.754 -0.601
   177        p+              8.899  -36.681   47.225   0.401  0.833  0.381   -0.558 -0.107  0.823    0.726 -0.543  0.422
   178        p+             11.281  -38.914   43.438   0.298 -0.497  0.815    0.722  0.676  0.148   -0.625  0.544  0.560
   179        p+              9.755  -42.705   40.558  -0.843 -0.532  0.076    0.052  0.059  0.997   -0.535  0.845 -0.022
   180        p+             12.408  -46.081   37.996  -0.597  0.725 -0.344   -0.801 -0.563  0.203   -0.046  0.397  0.917
   181        p+             11.502  -47.139   42.798   0.460  0.527 -0.715   -0.652  0.747  0.130    0.603  0.407  0.687
   182        p+             14.730  -49.101   39.522  -0.154  0.450  0.880    0.401  0.842 -0.360   -0.903  0.297 -0.310
   183        p+            -26.500    4.007  -33.267   0.068 -0.966 -0.250   -0.979 -0.016 -0.203    0.192  0.259 -0.947
   184        p+            -29.903    5.556  -29.948  -0.391 -0.873 -0.293   -0.150 -0.254  0.955   -0.908  0.417 -0.031
   185        p+            -31.507    6.997  -34.459  -0.125  0.612  0.781    0.992  0.069  0.105    0.010  0.788 -0.615
   186        p+            -31.792   10.515  -30.917   0.532  0.832  0.159   -0.026 -0.172  0.985    0.847 -0.528 -0.070
   187        p+            -35.921    8.911  -28.598  -0.402  0.398  0.825    0.891 -0.036  0.452    0.209  0.917 -0.340
   188        p+            -31.548   10.356  -26.652   0.170  0.721  0.672   -0.596 -0.468  0.653    0.785 -0.511  0.350
   189        p+            -33.516   11.468  -22.192   0.011 -0.926  0.377    0.998 -0.012 -0.058    0.058  0.377  0.924
   190        p+            -37.937   12.280  -20.002  -0.183 -0.095 -0.979    0.956  0.215 -0.200    0.229 -0.972  0.052
   191        p+            -42.070   10.303  -17.998  -0.530 -0.593 -0.606   -0.785  0.613  0.087    0.320  0.522 -0.791
   192        p+            -42.452    5.437  -19.079  -0.766  0.068  0.639    0.478 -0.604  0.638    0.430  0.794  0.430
   193        p+            -26.500    4.007   26.733  -0.115 -0.639  0.760   -0.909  0.377  0.179   -0.401 -0.671 -0.624
   194        p+            -30.074    1.874   29.504  -0.032  0.704  0.710   -0.484  0.611 -0.627   -0.875 -0.363  0.321
   195        p+            -29.076    5.660   32.614   0.872  0.466  0.148   -0.481  0.760  0.437    0.092 -0.452  0.887
   196        p+            -30.046    8.972   28.996   0.545 -0.580 -0.606    0.787  0.603  0.130    0.290 -0.547  0.785
   197        p+            -28.798    6.760   24.688  -0.808 -0.465  0.362   -0.315 -0.177 -0.932    0.497 -0.868 -0.003
   198        p+            -32.866    3.987   23.813  -0.907 -0.332 -0.260   -0.034  0.672 -0.739    0.421 -0.661 -0.621
   199        p+            -36.140    7.692   23.071  -0.263 -0.939  0.221   -0.158 -0.184 -0.970    0.952 -0.290 -0.100
   200        p+            -32.315    6.323   20.157  -0.561 -0.824 -0.072   -0.009 -0.081  0.997   -0.828  0.560  0.038
   201        p+            -28.402    3.219   19.939  -0.690  0.297 -0.660    0.563 -0.353 -0.748   -0.455 -0.887  0.076
