**************************************************************************************************************
**************************************************************************************************************
**                                                                                                          **
**                                                                                                          **
**                                                  Molsim                                                  **
**                                                                                                          **
**                  integrated md/mc/bd simulation program belonging to the molsim package                  **
**                                                                                                          **
**                                          version 6.4.7, v2.2.0                                           **
**                                                                                                          **
**                                                                                                          **
**                                                Per Linse                                                 **
**                                            Physical Chemistry                                            **
**                                         Department of Chemistry                                          **
**                                             Lund University                                              **
**                                               P.O. Box 124                                               **
**                                          S-221 00 Lund, SWEDEN                                           **
**                                                                                                          **
**                                                                                                          **
**                                         with contributions from                                          **
**                                                                                                          **
**                  Anna Akinchina, Fredrik Carlsson, Samuel Edgecombe, Yoshikatsu Hayashi                  **
**          Pascal Hebbeker, Cornelius Hofzumahaus, Niklas Källrot, Björn Linse, Vladimir Lobaskin          **
**               Thomas M. Nymand, Alberto Pais, Jurij Rescic, Stefanie Schneider, Marie Skepö              **
**          Joakim Stenhammar, Anders Wallqvist, Jos van Rijssel, Erik Wernersson, Per-Olof Åstrand         **
**                                                                                                          **
**                                                                                                          **
**************************************************************************************************************
**************************************************************************************************************
 
2017-01-05     15:52:46

**************************************************************************************************************
*                                                                                                            *
*                                            i n p u t   d a t a                                             *
*                                                                                                            *
**************************************************************************************************************


**************************************************************************************************************
*                                            general information                                             *
**************************************************************************************************************


title   : Two spheres with diblock brushes, mean force                                              

key data: mode           : simulation
          method         : mc   
          ensemble       : nvt
          boundary cond. : cyl
          start          : setconf 


number of time steps/passes           1  *        10  =         10

temperature                    =     298.000
pressure                       =       0.101
cylindrical cell radius        =     200.000
cylindrical cell length        =     600.000
volume                         =   0.754E+08

seed of random generator       =           1

optional subroutine used
------------------------
   ControlAver
   MainAver
   DistFunc
   Group
   Static

parameters controlling the output interval (0 = no)
-------------------------------------------------
   itest              0
   ipart              1
   iatom              0
   iaver              0
   ishow              1
   iplot              1
   ilist              1

external units
--------------
number        generic name        file name
------        ------------        ---------
   1               fin            FIN       
   2               fout           FOUT      
   3               fcnf           FCNF      
   8               flist          FLIST     

**************************************************************************************************************
*                                                   units                                                    *
**************************************************************************************************************

quantity                unit
--------                ----
length              1.000E-10 m
mass                1.000E-03 kg/mol
temperature         1.000E+00 k
time                1.000E-12 s
energy              1.000E+03 j/mol
heat capacity       1.000E+00 j/mol*k
diff. coeff.        1.000E-09 m**2/s
pressure            1.000E+06 pa
volume              1.000E-30 m**3
linear vel.         1.000E+02 m/s
linear acc.         1.000E+14 m/s**2
force               1.000E+11 n/mol
moment of inertia   1.000E-23 kg*m**2/mol
angle               1.745E-02 rad

**************************************************************************************************************
*                                               particle data                                                *
**************************************************************************************************************

charged atoms enabled

number of chains               =      40
number of particles            =    1002
number of atoms                =    1002
number of chains types         =       1     (     10 )
number of particle types       =       4     (     10 )
number of atom types           =       4     (     10 )

chain type         no of chains             topology  npptct(1,ict)  npptct(2,ict)  npptct(3,ict)  npptct(4,ict)
----------         ------------             --------  -------------  -------------  -------------  -------------
diblock               40                    block         0            10            10             0

particle       no        atom     no     mass    hard core    no of unit   weak      pK        sigma    epsilon  zatalpha
                                                 radius       charges      charge                              
--------       --        ----     --     ----    ---------    ----------   ------    --        -----    -------  --------
sph             2
                         sph      1      1.000   25.000        0.0000        F      0.0000     0.0000    0.0000    0.0000
p+            400
                         p+       1      1.000    2.000        0.0000        F      0.0000     0.0000    0.0000    0.0000
p-            400
                         p-       1      1.000    2.000       -0.5000        F      0.0000     0.0000    0.0000    0.0000
i+            200
                         i+       1      1.000    2.000        1.0000        F      0.0000     0.0000    0.0000    0.0000

molecular input frame: sph       
---------------------- ---

atom               coordinate (x,y,z)
----               ------------------
sph          0.00000   0.00000   0.00000

principal axis frame: sph       
--------------------- ---

atom               coordinate (x,y,z)
----               ------------------
sph          0.00000   0.00000   0.00000

molecular input frame: p+        
---------------------- --

atom               coordinate (x,y,z)
----               ------------------
p+           0.00000   0.00000   0.00000

principal axis frame: p+        
--------------------- --

atom               coordinate (x,y,z)
----               ------------------
p+           0.00000   0.00000   0.00000

molecular input frame: p-        
---------------------- --

atom               coordinate (x,y,z)
----               ------------------
p-           0.00000   0.00000   0.00000

principal axis frame: p-        
--------------------- --

atom               coordinate (x,y,z)
----               ------------------
p-           0.00000   0.00000   0.00000

molecular input frame: i+        
---------------------- --

atom               coordinate (x,y,z)
----               ------------------
i+           0.00000   0.00000   0.00000

principal axis frame: i+        
--------------------- --

atom               coordinate (x,y,z)
----               ------------------
i+           0.00000   0.00000   0.00000

particle             mass           moment of inertia (x,y,z)        maximal atom-com distance
--------             ----           -------------------------        -------------------------
sph                 1.000          0.000     0.000     0.000             0.000
p+                  1.000          0.000     0.000     0.000             0.000
p-                  1.000          0.000     0.000     0.000             0.000
i+                  1.000          0.000     0.000     0.000             0.000

**************************************************************************************************************
*                                          two-body potential data                                           *
**************************************************************************************************************

rcut                           =     721.110
utoltab                        =   0.100E-04
ftoltab                        =   0.100E-04
umaxtab                        =   0.200E+05
fmaxtab                        =   0.200E+05

monoatomic energy and force routines

relative permittivity          =   78.400000

system net charge based on zat =    0.00    

particle pair              potential
-------------              ---------
sph-sph                      default             
sph-p+                       default             
sph-p-                       default             
sph-i+                       default             
p+-p+                        default             
p+-p-                        default             
p+-i+                        default             
p--p-                        default             
p--i+                        default             
i+-i+                        default             

atom pair         energy coefficients (ipot and ucoff)
---------         ------------------------------------
sph-sph                1  0.000000E+00
sph-p+                 1  0.000000E+00
sph-p-                 1  0.000000E+00
sph-i+                 1  0.000000E+00
p+-p+                  1  0.000000E+00
p+-p-                  1  0.000000E+00
p+-i+                  1  0.000000E+00
p--p-                  1  0.443034E+01
p--i+                  1 -0.886068E+01
i+-i+                  1  0.177214E+02

number of 1/r coefficients than has been changed/added based on zat = 10

specification of two-body potential tables
------------------------------------------
atom pair          no of grids         iubuflow       rumin     rumax
---------          -----------         --------       -----     -----
sph-sph                2                   1          0.316   793.221
sph-p+                 2                  25          0.316   793.221
sph-p-                 2                  49          0.316   793.221
sph-i+                 2                  73          0.316   793.221
p+-p+                  2                  97          0.316   793.221
p+-p-                  2                 121          0.316   793.221
p+-i+                  2                 145          0.316   793.221
p--p-                 56                 169          0.316   793.221
p--i+                 64                 841          0.316   793.221
i+-i+                 73                1609          0.316   793.221

nbuf (needed, allocated)        =       2485      3000

**************************************************************************************************************
*                                               ipotchain data                                               *
**************************************************************************************************************

bond: force constant           =         2.40880
bond: power                    =               2
bond: eqilibrium separation    =         5.00000
angle: force constant          =         0.00000
angle: power                   =               2
angle: eqilibrium separation   =       180.00000
itestpotchain                  =               0

**************************************************************************************************************
*                                         initial configuration data                                         *
**************************************************************************************************************

start configuration from SetConfiguration
-----------------------------------------
part. type    routine          no of unit cells (x,y,z)     lower (x,y,z)      upper (x,y,z)      shift (x,y,z)
----------    -------          ------------------------     -------------      -------------      -------------
 1  sph       pclattice               1    1    2           0.0   0.0 -60.0    0.0   0.0  60.0    0.5   0.5   0.5
 2  p+        sphbrushlattice         0    0    0        -200.0-200.0-300.0  200.0 200.0 300.0    0.0   0.0   0.0
 3  p-        sphbrushlattice         0    0    0        -200.0-200.0-300.0  200.0 200.0 300.0    0.0   0.0   0.0
 4  i+        random                  0    0    0        -200.0-200.0-300.0  200.0 200.0 300.0    0.0   0.0   0.0

bond length scaling factor              =      1.000
minimum angle between consecutive beads =      0.000

first macrostep                =      1

**************************************************************************************************************
*                                                coordinates                                                 *
**************************************************************************************************************


particle coordinates
--------------------
particle no   particle type       com (x,y,z)              x'-axis (x,y,z)        y'-axis (x,y,z)        z'-axis (x,y,z)
-----------   -------------       -----------              ---------------        ---------------        ---------------
     1        sph             0.000    0.000  -30.000   1.000  0.000  0.000    0.000  1.000  0.000    0.000  0.000  1.000
     2        sph             0.000    0.000   30.000   1.000  0.000  0.000    0.000  1.000  0.000    0.000  0.000  1.000
     3        p+             -4.736   22.810  -16.351  -0.836 -0.530  0.143    0.521 -0.682  0.513   -0.174  0.504  0.846
     4        p+             -7.843   26.176  -14.349  -0.580 -0.682  0.446   -0.213 -0.402 -0.890    0.787 -0.611  0.088
     5        p+            -10.257   21.912  -13.351   0.652 -0.557  0.515    0.327 -0.406 -0.853    0.684  0.725 -0.082
     6        p+             -8.796   25.731  -10.473  -0.527 -0.783  0.330    0.165  0.287  0.944   -0.834  0.551 -0.023
     7        p+            -10.490   22.772   -6.816   0.700  0.131 -0.702   -0.706 -0.018 -0.708   -0.106  0.991  0.080
     8        p+            -13.311   26.880   -6.408  -0.951  0.298 -0.080   -0.307 -0.941  0.146   -0.032  0.163  0.986
     9        p+            -15.448   27.063  -10.925   0.656  0.476  0.586    0.107  0.709 -0.697   -0.747  0.520  0.414
    10        p+            -19.980   28.186  -12.715  -0.070  0.997  0.040    0.473 -0.002  0.881    0.878  0.080 -0.471
    11        p+            -23.195   25.978   -9.586  -0.400 -0.884 -0.242   -0.288 -0.129  0.949   -0.870  0.449 -0.203
    12        p+            -27.300   27.565   -7.214  -0.628  0.481  0.612   -0.117 -0.835  0.537    0.769  0.266  0.581
    13        p+             -4.736   22.810   43.649   0.532 -0.519 -0.669    0.696  0.718 -0.004    0.482 -0.464  0.743
    14        p+             -7.322   27.086   43.809  -0.278 -0.601  0.749   -0.927  0.372 -0.045   -0.252 -0.707 -0.661
    15        p+            -10.654   23.631   45.206  -0.290 -0.851  0.438   -0.560  0.521  0.644   -0.776 -0.059 -0.628
    16        p+            -14.337   24.770   48.390   0.947  0.248  0.206   -0.170 -0.158  0.973    0.274 -0.956 -0.108
    17        p+            -13.796   21.228   51.877   0.385  0.495 -0.779    0.876  0.069  0.477    0.290 -0.866 -0.407
    18        p+            -15.974   17.967   48.775  -0.070 -0.466 -0.882    0.385 -0.828  0.407   -0.920 -0.311  0.238
    19        p+            -12.516   19.530   45.519  -0.641 -0.165 -0.750   -0.742 -0.117  0.660   -0.197  0.979 -0.047
    20        p+             -9.705   21.811   48.968  -0.587 -0.744  0.320    0.372 -0.598 -0.710    0.719 -0.297  0.628
    21        p+             -5.256   21.494   51.227   0.789 -0.526  0.318   -0.169  0.311  0.935   -0.591 -0.791  0.156
    22        p+             -2.836   24.039   47.668  -0.805 -0.276  0.526   -0.559  0.055 -0.827    0.199 -0.960 -0.199
    23        p+            -20.833  -12.716  -41.544   0.477  0.181 -0.860   -0.573  0.806 -0.148    0.667  0.563  0.488
    24        p+            -25.147  -13.803  -43.827  -0.304  0.718  0.626    0.372 -0.515  0.772    0.877  0.468 -0.111
    25        p+            -21.963  -10.088  -44.860  -0.396 -0.860  0.322   -0.283 -0.219 -0.934    0.874 -0.461 -0.156
    26        p+            -23.823  -12.753  -48.661   0.457  0.676  0.578   -0.863  0.180  0.473    0.216 -0.714  0.666
    27        p+            -25.789   -8.155  -48.695  -0.376 -0.235  0.896   -0.662 -0.608 -0.438    0.648 -0.758  0.073
    28        p+            -26.116   -6.799  -53.497   0.637 -0.426 -0.642    0.410  0.893 -0.185    0.652 -0.146  0.744
    29        p+            -26.621   -3.610  -49.679  -0.540  0.812 -0.220   -0.203  0.128  0.971    0.817  0.569  0.096
    30        p+            -26.145   -1.576  -54.222   0.513  0.677  0.527    0.728 -0.018 -0.685   -0.455  0.736 -0.502
    31        p+            -22.680    1.101  -56.636   0.995  0.002 -0.095   -0.092 -0.232 -0.968   -0.024  0.973 -0.230
    32        p+            -18.976   -1.196  -59.087  -0.747  0.005 -0.665    0.391  0.811 -0.435    0.537 -0.585 -0.608
    33        p+            -20.833  -12.716   18.456  -0.581  0.794 -0.177    0.206 -0.067 -0.976   -0.787 -0.604 -0.125
    34        p+            -18.994  -15.546   14.767   0.490 -0.208  0.846   -0.102 -0.978 -0.182    0.865  0.003 -0.501
    35        p+            -17.290  -14.875   10.114  -0.803  0.414 -0.429   -0.328  0.293  0.898    0.497  0.862 -0.100
    36        p+            -20.970  -11.893   11.714  -0.881 -0.104 -0.461   -0.083 -0.927  0.367   -0.465  0.361  0.808
    37        p+            -19.369   -7.157   11.822  -0.266  0.962 -0.064    0.170 -0.019 -0.985   -0.949 -0.273 -0.158
    38        p+            -23.164   -7.088   15.077   0.213 -0.952  0.222    0.963  0.167 -0.211    0.163  0.258  0.952
    39        p+            -26.040   -6.471   19.120  -0.034  0.931 -0.363   -0.462  0.308  0.832    0.886  0.196  0.420
    40        p+            -26.140   -6.136   24.108  -0.570 -0.822 -0.013    0.048 -0.049  0.998   -0.820  0.568  0.067
    41        p+            -30.809   -5.203   25.636   0.704 -0.574  0.417    0.098  0.660  0.745   -0.703 -0.484  0.521
    42        p+            -33.672   -8.410   28.188  -0.195 -0.553 -0.810   -0.583  0.730 -0.358    0.789  0.402 -0.465
    43        p+            -12.574  -23.647  -26.576   0.675  0.700  0.233    0.216  0.114 -0.970   -0.705  0.705 -0.075
    44        p+            -15.378  -27.742  -27.182  -0.157 -0.426 -0.891    0.694 -0.689  0.207   -0.702 -0.586  0.404
    45        p+            -13.348  -30.970  -30.416  -0.335 -0.567  0.752   -0.234  0.824  0.517   -0.913 -0.003 -0.409
    46        p+             -9.918  -27.510  -29.292  -0.710 -0.174  0.683   -0.671  0.460 -0.581   -0.213 -0.871 -0.443
    47        p+             -6.271  -30.574  -27.769  -0.232  0.670 -0.705   -0.369 -0.731 -0.574   -0.900  0.127  0.417
    48        p+             -6.285  -28.331  -32.237  -0.289 -0.762  0.580    0.260  0.521  0.813   -0.921  0.386  0.047
    49        p+             -1.947  -26.740  -34.149   0.681 -0.454 -0.575    0.732  0.458  0.505    0.034 -0.764  0.644
    50        p+              2.073  -27.672  -31.325  -0.619  0.572  0.537   -0.293  0.467 -0.835   -0.729 -0.674 -0.121
    51        p+              3.890  -31.581  -33.858  -0.126 -0.950  0.285    0.094 -0.297 -0.950    0.988 -0.093  0.127
    52        p+              4.960  -33.767  -29.490  -0.782 -0.446 -0.435    0.493 -0.016 -0.870    0.381 -0.895  0.232
    53        p+            -12.574  -23.647   33.424  -0.702 -0.167  0.692    0.053  0.957  0.284   -0.710  0.236 -0.663
    54        p+            -11.779  -25.939   29.053  -0.447  0.322  0.834    0.759 -0.358  0.545    0.474  0.877 -0.084
    55        p+            -10.809  -30.345   26.897  -0.961 -0.259 -0.093    0.274 -0.933 -0.232   -0.027 -0.249  0.968
    56        p+            -13.666  -28.834   23.082  -0.734  0.627 -0.262   -0.674 -0.720  0.167   -0.084  0.299  0.950
    57        p+            -10.332  -31.738   20.747  -0.447 -0.806 -0.389    0.677 -0.021 -0.736    0.585 -0.592  0.555
    58        p+             -7.472  -31.109   16.694  -0.278 -0.961 -0.018    0.005  0.017 -1.000    0.961 -0.278 -0.000
    59        p+             -9.042  -35.701   15.489   0.093  0.995 -0.045    0.030 -0.048 -0.998   -0.995  0.092 -0.034
    60        p+             -8.722  -38.556   19.581   0.550 -0.581 -0.600    0.754  0.654  0.058    0.359 -0.484  0.798
    61        p+            -10.504  -41.407   15.880  -0.737 -0.307 -0.602    0.068  0.853 -0.518    0.672 -0.423 -0.608
    62        p+            -10.780  -42.088   10.934  -0.903 -0.372 -0.216    0.167  0.161 -0.973    0.397 -0.914 -0.083
    63        p+              5.887   -1.450  -56.310  -0.358  0.668 -0.652   -0.164  0.643  0.748    0.919  0.375 -0.121
    64        p+              2.718   -4.847  -58.158  -0.342 -0.939 -0.047    0.304 -0.063 -0.951    0.889 -0.339  0.307
    65        p+              7.430   -6.020  -56.966  -0.708 -0.201 -0.677    0.439 -0.876 -0.199   -0.553 -0.438  0.708
    66        p+             10.002   -3.111  -60.116   0.903  0.321  0.284   -0.240 -0.171  0.956    0.356 -0.931 -0.077
    67        p+              7.719   -6.548  -62.941   0.391 -0.190  0.901    0.742 -0.513 -0.430    0.544  0.837 -0.060
    68        p+              4.854   -2.934  -64.872   0.011 -0.763  0.646   -0.224  0.628  0.745   -0.975 -0.153 -0.164
    69        p+              7.521   -5.022  -68.549  -0.281 -0.327 -0.902    0.677 -0.734  0.055   -0.680 -0.596  0.428
    70        p+             11.919   -3.386  -66.821   0.646 -0.151  0.748   -0.757 -0.250  0.604    0.096 -0.956 -0.276
    71        p+             16.723   -4.120  -65.645  -0.658 -0.513 -0.551    0.363  0.425 -0.829    0.659 -0.746 -0.094
    72        p+             19.951   -0.531  -66.950   0.592 -0.442 -0.674    0.244  0.895 -0.373    0.768  0.057  0.637
    73        p+              5.887   -1.450    3.690   0.407 -0.291 -0.866    0.257 -0.873  0.414   -0.877 -0.391 -0.280
    74        p+              5.482   -4.275   -0.416   0.715  0.695  0.072   -0.055 -0.046  0.997    0.697 -0.717  0.005
    75        p+              9.238   -4.661    2.862  -0.232 -0.972  0.032    0.303 -0.041  0.952   -0.924  0.231  0.304
    76        p+             13.499   -7.270    3.043  -0.665 -0.376  0.646   -0.415 -0.534 -0.737    0.622 -0.758  0.199
    77        p+             16.509  -11.247    3.398   0.595  0.325  0.735   -0.702 -0.234  0.672    0.391 -0.916  0.088
    78        p+             18.719   -6.780    3.809   0.227  0.553  0.801    0.516  0.629 -0.581   -0.826  0.546 -0.142
    79        p+             15.661   -5.140    0.209  -0.355  0.844  0.402    0.425  0.529 -0.735   -0.833 -0.090 -0.546
    80        p+             20.176   -3.227    1.188  -0.889  0.199 -0.413    0.437  0.644 -0.628    0.141 -0.739 -0.659
    81        p+             22.520   -7.322   -0.467  -0.569  0.822 -0.015   -0.013  0.009  1.000    0.822  0.569  0.006
    82        p+             19.588   -3.991   -2.772   0.764  0.604 -0.227   -0.152 -0.174 -0.973   -0.627  0.778 -0.042
    83        p+             12.996   11.962   -9.579   0.800  0.167  0.577    0.594 -0.086 -0.800   -0.084  0.982 -0.168
    84        p+             16.999   12.014   -6.583  -0.661 -0.721  0.210   -0.180 -0.119 -0.976    0.729 -0.683 -0.051
    85        p+             20.161   12.161   -2.713   0.637 -0.767 -0.078    0.040 -0.068  0.997   -0.770 -0.638 -0.013
    86        p+             16.383   15.337   -1.912  -0.559 -0.594 -0.579   -0.723  0.007  0.691   -0.407  0.804 -0.433
    87        p+             13.116   13.621   -5.285  -0.758 -0.521 -0.392    0.643 -0.493 -0.587    0.113 -0.697  0.708
    88        p+             14.796    9.634   -2.779   0.702  0.123 -0.702   -0.350  0.918 -0.189    0.621  0.378  0.687
    89        p+             11.377    6.105   -1.851  -0.049  0.896 -0.441   -0.308 -0.434 -0.847   -0.950  0.094  0.297
    90        p+              7.151    3.433   -1.848   0.865  0.270 -0.422   -0.474  0.164 -0.865   -0.164  0.949  0.270
    91        p+              7.646    4.336    3.045  -0.081  0.540  0.837   -0.843  0.411 -0.347   -0.532 -0.734  0.422
    92        p+              3.411    5.753    0.795  -0.038 -0.643  0.765    0.071  0.761  0.644   -0.997  0.079  0.016
    93        p+             12.996   11.962   50.421  -0.783  0.606 -0.139    0.171 -0.006 -0.985   -0.598 -0.795 -0.099
    94        p+             16.662    8.568   50.629   0.828  0.174  0.534    0.382  0.521 -0.763   -0.411  0.836  0.365
    95        p+             19.426   11.741   53.330  -0.152  0.719 -0.678   -0.895 -0.391 -0.214   -0.419  0.574  0.703
    96        p+             16.600   12.386   57.405  -0.610 -0.234  0.757    0.456  0.678  0.577   -0.648  0.697 -0.307
    97        p+             18.778   16.568   55.740   0.201  0.475  0.857   -0.489 -0.709  0.508    0.849 -0.521  0.090
    98        p+             22.218   14.429   58.670   0.711  0.556  0.432    0.461 -0.831  0.311    0.532 -0.023 -0.847
    99        p+             24.410    9.968   59.217  -0.117  0.496  0.861    0.165 -0.845  0.509    0.979  0.202  0.016
   100        p+             27.445   11.705   55.643   0.668  0.642 -0.376    0.013 -0.516 -0.857   -0.744  0.568 -0.353
   101        p+             26.246    7.884   52.650  -0.008  0.793  0.609   -0.020 -0.609  0.793    1.000 -0.006  0.021
   102        p+             31.008    9.369   52.309  -0.483 -0.859 -0.168   -0.165 -0.099  0.981   -0.860  0.502 -0.094
   103        p+              7.913  -13.419   -7.947   0.431 -0.570  0.700   -0.606 -0.757 -0.244    0.669 -0.319 -0.672
   104        p+              4.706  -11.436   -4.663  -0.257  0.632  0.731    0.933  0.361  0.016   -0.254  0.686 -0.682
   105        p+              6.359   -9.666   -0.288   0.701  0.707 -0.090    0.029  0.098  0.995    0.712 -0.700  0.048
   106        p+              7.836  -12.245    3.732  -0.273 -0.525 -0.806    0.865  0.233 -0.445    0.422 -0.819  0.390
   107        p+              9.032  -13.894    8.299  -0.637 -0.506  0.581   -0.768  0.360 -0.529    0.059 -0.784 -0.618
   108        p+             12.996  -16.168   10.328   0.457 -0.797  0.394   -0.140 -0.502 -0.853    0.878  0.335 -0.342
   109        p+             17.623  -17.545    9.028   0.775 -0.626  0.092   -0.083  0.044  0.996   -0.627 -0.779 -0.018
   110        p+             14.648  -18.526    5.131   0.575  0.807  0.136    0.015  0.156 -0.988   -0.818  0.570  0.077
   111        p+             17.642  -15.782    2.215   0.191 -0.862 -0.469   -0.042 -0.484  0.874   -0.981 -0.147 -0.129
   112        p+             14.114  -13.105   -0.105  -0.560  0.410 -0.720   -0.009  0.866  0.500    0.828  0.287 -0.481
   113        p+              7.913  -13.419   52.053   0.664 -0.695 -0.276   -0.525 -0.170 -0.834    0.533  0.699 -0.478
   114        p+              3.466  -14.019   54.260   0.590 -0.646  0.484   -0.219 -0.705 -0.674    0.777  0.292 -0.558
   115        p+              7.823  -16.364   54.982  -0.466 -0.310  0.829    0.108 -0.949 -0.295    0.878 -0.048  0.476
   116        p+              4.237  -18.485   52.217  -0.609 -0.576  0.545    0.426 -0.817 -0.388    0.669 -0.004  0.743
   117        p+              1.858  -18.284   56.611   0.655  0.512  0.555    0.609 -0.793  0.013    0.447  0.330 -0.831
   118        p+             -1.873  -15.297   58.081  -0.034 -0.979  0.199   -0.018  0.200  0.980   -0.999  0.030 -0.024
   119        p+             -0.514  -16.636   53.459   0.690  0.279 -0.668    0.693  0.012  0.721    0.209 -0.960 -0.185
   120        p+             -0.420  -19.336   49.252  -0.686  0.253 -0.682    0.313 -0.743 -0.591   -0.656 -0.619  0.431
   121        p+             -2.947  -22.742   51.899   0.585  0.190  0.788   -0.781 -0.131  0.611    0.220 -0.973  0.071
   122        p+              0.972  -22.020   54.919   0.227  0.077  0.971    0.673 -0.733 -0.099    0.704  0.676 -0.218
   123        p+            -16.816  -11.973  -12.598  -0.287  0.456 -0.842    0.747  0.657  0.101    0.600 -0.600 -0.530
   124        p+            -20.268  -10.487   -9.299   0.932 -0.261  0.252    0.283  0.085 -0.955    0.228  0.962  0.153
   125        p+            -24.183  -13.265   -7.902  -0.686 -0.319  0.654   -0.404 -0.581 -0.707    0.605 -0.749  0.270
   126        p+            -26.041  -17.903   -8.104   0.583  0.690 -0.429   -0.297 -0.310 -0.903   -0.756  0.654  0.024
   127        p+            -23.554  -18.870  -12.332   0.469  0.329 -0.819   -0.529 -0.638 -0.559   -0.707  0.696 -0.125
   128        p+            -23.077  -15.525  -16.018   0.471 -0.697 -0.541   -0.300  0.450 -0.841    0.829  0.559  0.003
   129        p+            -22.289  -19.897  -18.314   0.563 -0.118 -0.818    0.816 -0.078  0.573   -0.132 -0.990  0.053
   130        p+            -24.388  -17.438  -22.129  -0.116 -0.164 -0.980    0.443  0.874 -0.199    0.889 -0.457 -0.028
   131        p+            -26.400  -21.657  -20.351  -0.286  0.860  0.424    0.198  0.486 -0.851   -0.938 -0.159 -0.309
   132        p+            -29.519  -23.067  -23.995  -0.422 -0.802 -0.422    0.414  0.243 -0.877    0.806 -0.545  0.230
   133        p+            -16.816  -11.973   47.402  -0.526 -0.213  0.823   -0.817  0.396 -0.419   -0.237 -0.893 -0.382
   134        p+            -14.303  -11.204   51.656  -0.231 -0.446 -0.865    0.561  0.665 -0.493    0.795 -0.599  0.096
   135        p+            -16.269   -9.997   56.092   0.013  0.997 -0.073    0.479 -0.070 -0.875   -0.878 -0.024 -0.479
   136        p+            -20.044  -10.453   52.846   0.572  0.545  0.613    0.641  0.168 -0.749   -0.511  0.821 -0.254
   137        p+            -22.649  -14.625   53.748  -0.637  0.265 -0.724    0.565 -0.478 -0.672   -0.525 -0.837  0.154
   138        p+            -21.016  -18.623   56.267   0.191 -0.863 -0.467    0.187  0.499 -0.846    0.963  0.075  0.257
   139        p+            -19.624  -14.997   59.416   0.807  0.421 -0.415   -0.043 -0.659 -0.751   -0.590  0.623 -0.513
   140        p+            -20.652  -11.572   62.911   0.327  0.755 -0.568   -0.214  0.644  0.734    0.921 -0.119  0.372
   141        p+            -19.202   -7.039   64.444   0.632 -0.568 -0.527   -0.701 -0.709 -0.076   -0.330  0.418 -0.846
   142        p+            -15.869   -3.408   65.285  -0.608 -0.580 -0.542    0.399  0.367 -0.840    0.687 -0.727  0.009
   143        p+            -14.478   22.131  -35.442  -0.765  0.471  0.440    0.621  0.358  0.697    0.171  0.806 -0.567
   144        p+            -18.283   21.449  -32.271  -0.245  0.753 -0.611   -0.967 -0.142  0.212    0.073  0.643  0.762
   145        p+            -21.836   24.968  -32.283   0.388  0.322  0.863    0.295  0.844 -0.448   -0.873  0.429  0.232
   146        p+            -18.677   28.149  -30.069   0.066 -0.670 -0.740    0.777  0.499 -0.383    0.626 -0.549  0.554
   147        p+            -14.320   30.476  -29.294  -0.871 -0.273  0.408    0.416  0.029  0.909   -0.260  0.961  0.089
   148        p+            -10.337   30.791  -32.300  -0.686  0.095 -0.721   -0.726 -0.155  0.670   -0.048  0.983  0.175
   149        p+             -7.078   27.563  -30.311   0.269  0.667 -0.695   -0.427 -0.564 -0.707   -0.864  0.486  0.133
   150        p+             -4.283   29.446  -34.005  -0.667  0.717  0.202    0.071 -0.209  0.975    0.742  0.664  0.089
   151        p+             -7.442   31.304  -37.406   0.759 -0.388 -0.523    0.511 -0.144  0.847   -0.404 -0.910  0.090
   152        p+             -9.339   28.078  -40.722  -0.107  0.994  0.034    0.007  0.035 -0.999   -0.994 -0.107 -0.011
   153        p+            -14.478   22.131   24.558   0.679  0.716  0.162    0.251 -0.019 -0.968   -0.690  0.698 -0.192
   154        p+            -17.986   20.442   27.695  -0.077  0.983 -0.164    0.181 -0.148 -0.972   -0.981 -0.104 -0.166
   155        p+            -21.125   24.333   27.773  -0.864  0.108  0.493    0.309 -0.658  0.686    0.398  0.745  0.535
   156        p+            -16.817   26.698   26.850  -0.716 -0.551 -0.428   -0.363  0.818 -0.446    0.596 -0.165 -0.786
   157        p+            -19.229   25.166   22.747  -0.733 -0.021 -0.680    0.308  0.881 -0.358    0.607 -0.472 -0.639
   158        p+            -23.657   25.462   20.443  -0.700 -0.051  0.713    0.271 -0.942  0.199    0.661  0.332  0.673
   159        p+            -26.265   22.405   17.469  -0.955 -0.179 -0.235   -0.258  0.112  0.960   -0.146  0.977 -0.153
   160        p+            -22.908   24.187   14.219  -0.100  0.520  0.848    0.574 -0.666  0.476    0.813  0.535 -0.231
   161        p+            -25.369   23.968    9.872  -0.695  0.484 -0.532    0.358 -0.408 -0.840   -0.623 -0.774  0.110
   162        p+            -30.287   24.456   10.630  -0.469  0.716  0.517    0.515  0.697 -0.499   -0.718  0.033 -0.695
   163        p+              7.083  -25.839  -26.654  -0.530  0.843 -0.092   -0.010 -0.114 -0.993   -0.848 -0.525  0.069
   164        p+             11.765  -25.079  -28.236   0.723  0.032 -0.690   -0.548  0.635 -0.544    0.421  0.772  0.477
   165        p+              9.713  -28.615  -31.115  -0.603 -0.248 -0.758    0.698  0.296 -0.652    0.386 -0.922 -0.005
   166        p+             11.260  -28.876  -26.367   0.169  0.848  0.502   -0.581  0.497 -0.644   -0.796 -0.183  0.577
   167        p+             13.180  -31.083  -22.313   0.688  0.020 -0.726   -0.712 -0.179 -0.680   -0.143  0.984 -0.108
   168        p+             13.976  -26.706  -20.031   0.280 -0.960  0.011   -0.006  0.010  1.000   -0.960 -0.280 -0.003
   169        p+             17.960  -27.775  -17.206   0.275  0.326 -0.905   -0.417 -0.808 -0.417   -0.867  0.492 -0.086
   170        p+             17.274  -31.889  -14.447   0.196 -0.285  0.938   -0.635  0.693  0.343   -0.747 -0.663 -0.045
   171        p+             21.269  -32.484  -17.395   0.323  0.650 -0.688    0.201  0.664  0.721    0.925 -0.371  0.083
   172        p+             23.930  -35.193  -20.647   0.760  0.583  0.286   -0.187 -0.224  0.956    0.622 -0.781 -0.061
   173        p+              7.083  -25.839   33.346  -0.237  0.159  0.958    0.929 -0.252  0.271    0.284  0.955 -0.088
   174        p+              9.111  -27.356   37.657   0.131  0.727  0.674    0.991 -0.121 -0.062    0.036  0.676 -0.736
   175        p+              6.589  -26.682   41.922  -0.325 -0.655  0.683    0.828 -0.545 -0.129    0.456  0.524  0.719
   176        p+             11.537  -27.279   42.328   0.507  0.861 -0.047    0.212 -0.072  0.975    0.836 -0.504 -0.218
   177        p+             13.148  -28.819   37.853   0.218 -0.954  0.205   -0.065  0.195  0.979   -0.974 -0.227 -0.020
   178        p+             12.829  -32.658   34.665  -0.845  0.322  0.428    0.533  0.582  0.615   -0.051  0.747 -0.663
   179        p+              9.927  -32.586   30.594  -0.834  0.492  0.252    0.196 -0.163  0.967    0.517  0.855  0.040
   180        p+             10.759  -29.087   34.068  -0.639  0.482  0.599   -0.705 -0.679 -0.206    0.307 -0.554  0.774
   181        p+             15.426  -28.426   32.399   0.160 -0.060  0.985   -0.235 -0.972 -0.021    0.959 -0.228 -0.170
   182        p+             13.450  -25.293   35.757   0.589  0.690 -0.420    0.313 -0.674 -0.669   -0.745  0.262 -0.614
   183        p+            -26.500    4.007  -33.267  -0.744  0.529  0.409   -0.668 -0.611 -0.425    0.025 -0.589  0.808
   184        p+            -29.522    7.391  -35.368  -0.371  0.045 -0.927   -0.303 -0.950  0.075   -0.878  0.309  0.366
   185        p+            -33.758    8.812  -33.122   0.635 -0.258  0.728    0.621  0.732 -0.282   -0.460  0.631  0.625
   186        p+            -36.781   11.703  -35.861   0.835 -0.538 -0.117   -0.021  0.181 -0.983    0.550  0.824  0.140
   187        p+            -40.892   13.328  -33.524   0.182 -0.756  0.629    0.464 -0.498 -0.733    0.867  0.425  0.260
   188        p+            -41.172   16.493  -37.385   0.245 -0.670 -0.700   -0.967 -0.119 -0.225    0.067  0.732 -0.678
   189        p+            -44.599   13.287  -35.660   0.150 -0.232  0.961    0.685  0.725  0.068   -0.713  0.648  0.267
   190        p+            -48.320   13.355  -32.321  -0.048  0.496 -0.867    0.127  0.864  0.487    0.991 -0.087 -0.105
   191        p+            -47.267   10.156  -36.016   0.848  0.197  0.492    0.530 -0.345 -0.775    0.018  0.918 -0.397
   192        p+            -49.843    6.453  -33.861  -0.200  0.750  0.631   -0.570  0.434 -0.697   -0.797 -0.500  0.340
   193        p+            -26.500    4.007   26.733   0.102 -0.237 -0.966   -0.448 -0.878  0.168   -0.888  0.416 -0.196
   194        p+            -29.071    1.166   29.944  -0.208  0.660 -0.722    0.385 -0.623 -0.681   -0.899 -0.420 -0.125
   195        p+            -30.770    4.223   33.518  -0.807  0.545 -0.225   -0.262 -0.673 -0.692   -0.529 -0.500  0.686
   196        p+            -27.292    7.814   33.629   0.588 -0.067  0.806   -0.573  0.670  0.473   -0.572 -0.740  0.355
   197        p+            -25.448   11.511   30.814   0.233 -0.567  0.790    0.817 -0.326 -0.475    0.527  0.757  0.387
   198        p+            -25.987   15.468   33.823   0.579 -0.712  0.397   -0.609 -0.054  0.792   -0.542 -0.700 -0.465
   199        p+            -22.565   16.811   37.211  -0.152  0.945 -0.291    0.170 -0.265 -0.949   -0.974 -0.193 -0.120
   200        p+            -23.179   20.010   41.004  -0.681 -0.666 -0.305   -0.211 -0.221  0.952   -0.702  0.713  0.009
