**************************************************************************************************************
**************************************************************************************************************
**                                                                                                          **
**                                                                                                          **
**                                                  Molsim                                                  **
**                                                                                                          **
**                  integrated md/mc/bd simulation program belonging to the molsim package                  **
**                                                                                                          **
**                                          version 6.4.7, v2.0.0                                           **
**                                                                                                          **
**                                                                                                          **
**                                                Per Linse                                                 **
**                                            Physical Chemistry                                            **
**                                         Department of Chemistry                                          **
**                                             Lund University                                              **
**                                               P.O. Box 124                                               **
**                                          S-221 00 Lund, SWEDEN                                           **
**                                                                                                          **
**                                                                                                          **
**                                         with contributions from                                          **
**                                                                                                          **
**                  Anna Akinchina, Fredrik Carlsson, Samuel Edgecombe, Yoshikatsu Hayashi                  **
**          Pascal Hebbeker, Cornelius Hofzumahaus, Niklas Källrot, Björn Linse, Vladimir Lobaskin          **
**               Thomas M. Nymand, Alberto Pais, Jurij Rescic, Stefanie Schneider, Marie Skepö              **
**          Joakim Stenhammar, Anders Wallqvist, Jos van Rijssel, Erik Wernersson, Per-Olof Åstrand         **
**                                                                                                          **
**                                                                                                          **
**************************************************************************************************************
**************************************************************************************************************
 
2016-11-14     12:24:02

**************************************************************************************************************
*                                                                                                            *
*                                            i n p u t   d a t a                                             *
*                                                                                                            *
**************************************************************************************************************


**************************************************************************************************************
*                                            general information                                             *
**************************************************************************************************************


title   : planar pe_brush                                                                           

key data: mode           : simulation
          method         : mc   
          ensemble       : nvt
          boundary cond. : xy 
          start          : setconf 


number of time steps/passes           1  *        10  =         10

temperature                    =     298.000
pressure                       =       0.101
box lengths (x,y,z)            =      50.000      50.000     100.000
volume                         =   0.250E+06

seed of random generator       =           1

optional subroutine used
------------------------
   ControlAver
   MainAver
   DistFunc
   Group
   Static

parameters controlling the output interval (0 = no)
-------------------------------------------------
   itest              0
   ipart              1
   iatom              0
   iaver              0
   ishow              1
   iplot              1
   ilist              0

external units
--------------
number        generic name        file name
------        ------------        ---------
   1               fin            FIN       
   2               fout           FOUT      
   3               fcnf           FCNF      

**************************************************************************************************************
*                                                   units                                                    *
**************************************************************************************************************

quantity                unit
--------                ----
length              1.000E-10 m
mass                1.000E-03 kg/mol
temperature         1.000E+00 k
time                1.000E-12 s
energy              1.000E+03 j/mol
heat capacity       1.000E+00 j/mol*k
diff. coeff.        1.000E-09 m**2/s
pressure            1.000E+06 pa
volume              1.000E-30 m**3
linear vel.         1.000E+02 m/s
linear acc.         1.000E+14 m/s**2
force               1.000E+11 n/mol
moment of inertia   1.000E-23 kg*m**2/mol
angle               1.745E-02 rad

**************************************************************************************************************
*                                               particle data                                                *
**************************************************************************************************************

charged atoms enabled

number of chains               =       2
number of particles            =      64
number of atoms                =      64
number of chains types         =       1     (     10 )
number of particle types       =       4     (     10 )
number of atom types           =       4     (     10 )

chain type         no of chains             topology  npptct(1,ict)  npptct(2,ict)  npptct(3,ict)  npptct(4,ict)
----------         ------------             --------  -------------  -------------  -------------  -------------
diblock                2                    block        10            10             0             0

particle       no        atom     no     mass    hard core    no of unit   weak      pK        sigma    epsilon  zatalpha
                                                 radius       charges      charge                              
--------       --        ----     --     ----    ---------    ----------   ------    --        -----    -------  --------
p+             20
                         p+       1      1.000    2.000        0.0000        F      0.0000     0.0000    0.0000    0.0000
p-             20
                         p-       1      1.000    2.000       -1.0000        F      0.0000     0.0000    0.0000    0.0000
i+             22
                         i+       1      1.000    2.000        1.0000        F      0.0000     0.0000    0.0000    0.0000
i-              2
                         i-       1      1.000    2.000        1.0000        F      0.0000     0.0000    0.0000    0.0000

molecular input frame: p+        
---------------------- --

atom               coordinate (x,y,z)
----               ------------------
p+           0.00000   0.00000   0.00000

principal axis frame: p+        
--------------------- --

atom               coordinate (x,y,z)
----               ------------------
p+           0.00000   0.00000   0.00000

molecular input frame: p-        
---------------------- --

atom               coordinate (x,y,z)
----               ------------------
p-           0.00000   0.00000   0.00000

principal axis frame: p-        
--------------------- --

atom               coordinate (x,y,z)
----               ------------------
p-           0.00000   0.00000   0.00000

molecular input frame: i+        
---------------------- --

atom               coordinate (x,y,z)
----               ------------------
i+           0.00000   0.00000   0.00000

principal axis frame: i+        
--------------------- --

atom               coordinate (x,y,z)
----               ------------------
i+           0.00000   0.00000   0.00000

molecular input frame: i-        
---------------------- --

atom               coordinate (x,y,z)
----               ------------------
i-           0.00000   0.00000   0.00000

principal axis frame: i-        
--------------------- --

atom               coordinate (x,y,z)
----               ------------------
i-           0.00000   0.00000   0.00000

particle             mass           moment of inertia (x,y,z)        maximal atom-com distance
--------             ----           -------------------------        -------------------------
p+                  1.000          0.000     0.000     0.000             0.000
p-                  1.000          0.000     0.000     0.000             0.000
i+                  1.000          0.000     0.000     0.000             0.000
i-                  1.000          0.000     0.000     0.000             0.000

**************************************************************************************************************
*                                          two-body potential data                                           *
**************************************************************************************************************

rcut                           =     106.066
utoltab                        =   0.100E-04
ftoltab                        =   0.100E-04
umaxtab                        =   0.200E+05
fmaxtab                        =   0.200E+05

monoatomic energy and force routines

relative permittivity          =   78.400000

system net charge based on zat =    4.00    
%%%%%%%%%%%%%%%%%%%%%%%%%%%%%%%%%%%%%%%%%%%%%%%%%%%%%%%%%%%%%%%%%%%%%%%%%%%%%%%%%%%%%%%%%%%%%%%%%%%%%%%%%%%%%%
%                                                                                                            %
%                                w a r n i n g   f r o m   p o t e n t i a l                                 %
%                                                                                                            %
%                                            non-zero net charge                                             %
%                                                                                                            %
%%%%%%%%%%%%%%%%%%%%%%%%%%%%%%%%%%%%%%%%%%%%%%%%%%%%%%%%%%%%%%%%%%%%%%%%%%%%%%%%%%%%%%%%%%%%%%%%%%%%%%%%%%%%%%

particle pair              potential
-------------              ---------
p+-p+                        default             
p+-p-                        default             
p+-i+                        default             
p+-i-                        default             
p--p-                        default             
p--i+                        default             
p--i-                        default             
i+-i+                        default             
i+-i-                        default             
i--i-                        default             

atom pair         energy coefficients (ipot and ucoff)
---------         ------------------------------------
p+-p+                  1  0.000000E+00
p+-p-                  1  0.000000E+00
p+-i+                  1  0.000000E+00
p+-i-                  1  0.000000E+00
p--p-                  1  0.177214E+02
p--i+                  1 -0.177214E+02
p--i-                  1 -0.177214E+02
i+-i+                  1  0.177214E+02
i+-i-                  1  0.177214E+02
i--i-                  1  0.177214E+02

number of 1/r coefficients than has been changed/added based on zat = 10

specification of two-body potential tables
------------------------------------------
atom pair          no of grids         iubuflow       rumin     rumax
---------          -----------         --------       -----     -----
p+-p+                  2                   1          0.316   116.673
p+-p-                  2                  25          0.316   116.673
p+-i+                  2                  49          0.316   116.673
p+-i-                  2                  73          0.316   116.673
p--p-                 66                  97          0.316   116.673
p--i+                 66                 889          0.316   116.673
p--i-                 66                1681          0.316   116.673
i+-i+                 66                2473          0.316   116.673
i+-i-                 66                3265          0.316   116.673
i--i-                 66                4057          0.316   116.673

nbuf (needed, allocated)        =       4849      9000

**************************************************************************************************************
*                                               ipotchain data                                               *
**************************************************************************************************************

bond: force constant           =         2.40880
bond: power                    =               2
bond: eqilibrium separation    =         5.00000
angle: force constant          =         0.00000
angle: power                   =               2
angle: eqilibrium separation   =       180.00000
itestpotchain                  =               0

**************************************************************************************************************
*                                         initial configuration data                                         *
**************************************************************************************************************

start configuration from SetConfiguration
-----------------------------------------
part. type    routine          no of unit cells (x,y,z)     lower (x,y,z)      upper (x,y,z)      shift (x,y,z)
----------    -------          ------------------------     -------------      -------------      -------------
 1  p+        planbrushrandom         0    0    0        -25.00-25.00-50.00  25.00 25.00 50.00   0.00  0.00  0.00
 2  p-        planbrushrandom         0    0    0        -25.00-25.00-50.00  25.00 25.00 50.00   0.00  0.00  0.00
 3  i+        random                  0    0    0        -25.00-25.00-50.00  25.00 25.00 50.00   0.00  0.00  0.00
 4  i-        random                  0    0    0        -25.00-25.00-50.00  25.00 25.00 50.00   0.00  0.00  0.00

bond length scaling factor              =      1.000
minimum angle between consecutive beads =     60.000

first macrostep                =      1

**************************************************************************************************************
*                                                coordinates                                                 *
**************************************************************************************************************


particle coordinates
--------------------
particle no   particle type       com (x,y,z)              x'-axis (x,y,z)        y'-axis (x,y,z)        z'-axis (x,y,z)
-----------   -------------       -----------              ---------------        ---------------        ---------------
     1        p+            -24.750  -18.785  -50.000   0.307  0.864  0.399    0.592  0.155 -0.791   -0.745  0.479 -0.465
     2        p+            -24.750  -18.785  -45.000   0.021  0.107 -0.994    0.869 -0.493 -0.035   -0.494 -0.863 -0.104
     3        p+            -24.750  -18.785  -40.000   0.638 -0.614 -0.465    0.735  0.306  0.605   -0.229 -0.728  0.646
     4        p+            -24.750  -18.785  -35.000  -0.388 -0.860  0.332   -0.609  0.510  0.607   -0.691  0.033 -0.722
     5        p+            -24.750  -18.785  -30.000  -0.670 -0.592  0.448   -0.233  0.740  0.631   -0.705  0.319 -0.634
     6        p+            -24.750  -18.785  -25.000  -0.681 -0.087  0.727    0.732 -0.112  0.672    0.023  0.990  0.140
     7        p+            -24.750  -18.785  -20.000  -0.872  0.014  0.488   -0.111 -0.979 -0.170    0.476 -0.203  0.856
     8        p+            -24.750  -18.785  -15.000   0.563  0.671 -0.482    0.443  0.247  0.862    0.698 -0.699 -0.158
     9        p+            -24.750  -18.785  -10.000   0.840 -0.514  0.177   -0.354 -0.271  0.895   -0.412 -0.814 -0.410
    10        p+            -24.750  -18.785   -5.000  -0.022 -0.177 -0.984    0.996 -0.093 -0.006   -0.090 -0.980  0.179
    11        p+             21.026    5.565  -50.000  -0.670 -0.736 -0.102    0.093  0.053 -0.994    0.737 -0.675  0.033
    12        p+             21.026    5.565  -45.000  -0.937 -0.249  0.245    0.210  0.160  0.965   -0.279  0.955 -0.098
    13        p+             21.026    5.565  -40.000   0.503 -0.652 -0.566    0.620  0.729 -0.289    0.602 -0.206  0.772
    14        p+             21.026    5.565  -35.000  -0.801 -0.502 -0.326   -0.578  0.506  0.640   -0.156  0.702 -0.695
    15        p+             21.026    5.565  -30.000   0.179 -0.838 -0.516   -0.389  0.422 -0.819    0.904  0.347 -0.251
    16        p+             21.026    5.565  -25.000  -0.624 -0.539  0.566   -0.383 -0.420 -0.823    0.681 -0.730  0.056
    17        p+             21.026    5.565  -20.000   0.046 -0.334 -0.941   -0.506  0.805 -0.310    0.861  0.491 -0.132
    18        p+             21.026    5.565  -15.000   0.201  0.974  0.100   -0.032 -0.096  0.995    0.979 -0.203  0.012
    19        p+             21.026    5.565  -10.000  -0.662  0.053 -0.747   -0.287 -0.939  0.189   -0.692  0.340  0.637
    20        p+             21.026    5.565   -5.000   0.036 -0.606 -0.795    0.738 -0.520  0.430   -0.674 -0.602  0.429
    21        p-            -24.750  -18.785    0.000   0.358 -0.783 -0.510    0.851  0.049  0.522   -0.384 -0.621  0.684
    22        p-            -24.750  -18.785    5.000  -0.654  0.733 -0.187    0.179 -0.091 -0.980   -0.735 -0.674 -0.071
    23        p-            -24.750  -18.785   10.000  -0.658 -0.752  0.025    0.035  0.003  0.999   -0.752  0.659  0.025
    24        p-            -24.750  -18.785   15.000   0.355  0.794  0.494    0.510 -0.607  0.609    0.783  0.036 -0.621
    25        p-            -24.750  -18.785   20.000  -0.782  0.084  0.618    0.070  0.996 -0.046   -0.619  0.007 -0.785
    26        p-            -24.750  -18.785   25.000   0.252  0.495  0.832   -0.375 -0.743  0.555    0.892 -0.451 -0.002
    27        p-            -24.750  -18.785   30.000  -0.649 -0.425  0.631    0.676  0.056  0.734   -0.347  0.904  0.250
    28        p-            -24.750  -18.785   35.000   0.427  0.751  0.504    0.555 -0.657  0.510    0.714  0.062 -0.697
    29        p-            -24.750  -18.785   40.000  -0.623 -0.561  0.545    0.432  0.334  0.838   -0.652  0.758  0.034
    30        p-            -24.750  -18.785   45.000  -0.501  0.090  0.860   -0.238  0.942 -0.237   -0.832 -0.323 -0.451
    31        p-             21.026    5.565    0.000  -0.624 -0.309 -0.717   -0.720  0.583  0.375    0.302  0.751 -0.587
    32        p-             21.026    5.565    5.000   0.654  0.338 -0.676    0.321 -0.934 -0.156   -0.684 -0.116 -0.720
    33        p-             21.026    5.565   10.000   0.633 -0.731 -0.255    0.769  0.556  0.317   -0.090 -0.397  0.914
    34        p-             21.026    5.565   15.000  -0.499 -0.483 -0.720   -0.288  0.876 -0.387    0.817  0.014 -0.576
    35        p-             21.026    5.565   20.000  -0.898  0.411  0.157    0.198  0.059  0.978    0.393  0.910 -0.134
    36        p-             21.026    5.565   25.000  -0.873  0.465  0.144   -0.241 -0.156 -0.958   -0.423 -0.871  0.249
    37        p-             21.026    5.565   30.000   0.075  0.862  0.502   -0.634  0.429 -0.643   -0.769 -0.270  0.579
    38        p-             21.026    5.565   35.000   0.617  0.737  0.276    0.198  0.194 -0.961   -0.762  0.647 -0.026
    39        p-             21.026    5.565   40.000  -0.711 -0.667 -0.222    0.213 -0.506  0.836   -0.670  0.547  0.502
    40        p-             21.026    5.565   45.000  -0.687 -0.351 -0.636    0.460 -0.888 -0.007   -0.562 -0.297  0.772
    41        i+             -1.473    9.802  -35.891  -0.457  0.200  0.866   -0.696  0.525 -0.489   -0.553 -0.827 -0.101
    42        i+             12.967    4.932  -25.313  -0.369 -0.738  0.565    0.559  0.310  0.769   -0.743  0.599  0.298
    43        i+            -13.652    3.812  -12.214   0.611  0.487  0.625    0.777 -0.218 -0.590   -0.151  0.846 -0.512
    44        i+              8.526   -0.802  -49.102   0.174 -0.554  0.814   -0.943  0.144  0.300   -0.283 -0.820 -0.497
    45        i+             17.381  -21.955   -9.824  -0.817 -0.507  0.276    0.218  0.173  0.961   -0.535  0.845 -0.031
    46        i+             21.557   -4.244  -35.061  -0.359 -0.657  0.663   -0.785  0.597  0.166   -0.505 -0.461 -0.730
    47        i+            -23.277    2.933   12.172  -0.271  0.902  0.336    0.036 -0.340  0.940    0.962  0.267  0.060
    48        i+              8.312   18.628    2.020   0.616 -0.200  0.762   -0.198 -0.975 -0.095    0.762 -0.093 -0.640
    49        i+             -9.218    6.594  -16.704  -0.978 -0.089 -0.189    0.138 -0.956 -0.260   -0.158 -0.280  0.947
    50        i+             17.856   -0.971   34.974   0.089 -0.821  0.563    0.124 -0.552 -0.825    0.988  0.143  0.053
    51        i+            -18.221   22.334   18.693  -0.872  0.267  0.411    0.489  0.532  0.691   -0.034  0.803 -0.594
    52        i+             -5.934   22.857   24.257  -0.650 -0.741 -0.165    0.699 -0.499 -0.512    0.297 -0.449  0.843
    53        i+             14.249   -9.353   23.134   0.237  0.909 -0.342   -0.207  0.392  0.897    0.949 -0.141  0.281
    54        i+             23.132  -15.800   16.954  -0.299  0.934  0.194   -0.102 -0.233  0.967    0.949  0.269  0.165
    55        i+             -1.963    6.714  -11.986   0.587  0.525 -0.616   -0.060 -0.731 -0.680   -0.807  0.436 -0.397
    56        i+            -12.943  -18.667   47.772  -0.710  0.117 -0.695   -0.589 -0.640  0.494   -0.386  0.760  0.523
    57        i+            -14.697   23.404   -8.647  -0.449 -0.882 -0.144    0.753 -0.460  0.471   -0.481  0.103  0.870
    58        i+              9.155   19.719   40.044  -0.057 -0.779  0.625   -0.098  0.627  0.773   -0.994 -0.017 -0.112
    59        i+             22.016   -0.228   -0.202   0.268  0.796 -0.542    0.316  0.459  0.831    0.910 -0.394 -0.128
    60        i+              8.555   12.007    3.729  -0.161  0.618  0.769    0.421  0.748 -0.513   -0.893  0.241 -0.381
    61        i+             -0.538    0.064  -32.382   0.122 -0.397  0.910    0.413  0.854  0.317   -0.902  0.337  0.268
    62        i+             -2.805  -23.966   35.409  -0.786 -0.566  0.250    0.617 -0.743  0.259    0.039  0.358  0.933
    63        i-              0.735   -4.291   34.709   0.152  0.217 -0.964   -0.321  0.934  0.159    0.935  0.285  0.212
    64        i-            -19.171  -14.674   21.292  -0.365 -0.639 -0.677   -0.209 -0.652  0.729   -0.907  0.408  0.104

**************************************************************************************************************
*                                                  mc data                                                   *
**************************************************************************************************************

uniform sampling, random
cubic displacement volume

single-particle move                   p+             p-             i+             i-        
-------------------                    ----------     ----------     ----------     ----------
probability                    =       1.000          1.000          1.000          1.000
tran. displacement parameter   =            2.000          2.000          2.000          2.000
rot. displacement parameter    =            0.000          0.000          0.000          0.000
 no displacement of first chain particle


**************************************************************************************************************
*                                               neighbour list                                               *
**************************************************************************************************************

verlet list
automatic control of update frequency
layer thickness                =         5.000
factor used to calculate nneigh=         2.000
maximal number of neighbours   =          2000

**************************************************************************************************************
*                                          thermodynamic quantities                                          *
**************************************************************************************************************

quantity                            initial value
&-------                            -------------
total potential energy         =          0.71381
 total two-body energy         =          0.71381
  p+-p+                        =          0.00000
  p+-p-                        =          0.00000
  p+-i+                        =          0.00000
  p+-i-                        =          0.00000
  p--p-                        =          3.05987
  p--i+                        =         -4.30131
  p--i-                        =         -0.51184
  i+-i+                        =          2.06201
  i+-i-                        =          0.39449
  i--i-                        =          0.01059
 bond energy                   =          0.00000
 angle energy                  =          0.00000
enthalpy                       =          3.42948
temperature                    =        298.00000
pressure (excl. cont. contr.)  =          1.15442
number of particles            =         64.00000
volume                         =      2.50000E+05

total potential energy (NkT)   =          0.28809
pressure (NkT/V)(excl. contact)=          1.09604
pressure (kT) (excl. contact)  =      2.80586E-04
 
total cpu time since start (s)        0.01

**************************************************************************************************************
*                                                                                                            *
*                              r e s u l t   o f   m a c r o s t e p         1                               *
*                                                                                                            *
**************************************************************************************************************


**************************************************************************************************************
*                                               mc statistics                                                *
**************************************************************************************************************

single-particle move                             total          p+                  p-                  i+                  i-        
-------------------                              -----          ----------          ----------          ----------          ----------
total number of conf.          =              640 1.00            225 1.00            185 1.00            210 1.00             20 1.00
accepted number of conf.       =              510 0.80            164 0.73            126 0.68            200 0.95             20 1.00
energy rejected conf.          =               89 0.14             43 0.19             36 0.19             10 0.05              0 0.00
hard-core rejected conf.       =               41 0.06             18 0.08             23 0.12              0 0.00              0 0.00

average no of displaced part.  =                                      1.00                1.00                1.00                1.00
average no of net joining part.=                                      0.00                0.00                0.00                0.00

**************************************************************************************************************
*                                             control statistics                                             *
**************************************************************************************************************

quantity                                    p+                  p-                  i+                  i-        
--------                                    ----------          ----------          ----------          ----------

<dr**2>/step (macrostep)       =            0.4089E+00          0.3128E+00          0.9583E+00          0.8882E+00
precision                      =            0.8572E-01          0.8135E-01          0.1356E+00          0.7117E+00
<dr**2>/step (from start)      =            0.4089E+00          0.3128E+00          0.9583E+00          0.8882E+00
precision                      =            0.8572E-01          0.8135E-01          0.1356E+00          0.7117E+00

orientation order, x'-axis     =                1.0000              1.0000              1.0000              1.0000
orientation order, y'-axis     =                1.0000              1.0000              1.0000              1.0000
orientation order, z'-axis     =                1.0000              1.0000              1.0000              1.0000

<ro> (x,y,z)                   =      7.87 -6.90-27.25    3.92 -6.57 22.45    2.78  2.35  1.42  -10.34-10.07 28.36
<x'> (x,y,z)                   =     -0.15 -0.23 -0.17   -0.24  0.03  0.08   -0.21 -0.05  0.27   -0.11 -0.21 -0.82
<y'> (x,y,z)                   =      0.13  0.04  0.16    0.15  0.02  0.14    0.09 -0.04  0.22   -0.26  0.14  0.44
<z'> (x,y,z)                   =      0.04 -0.10  0.00   -0.22  0.06 -0.03   -0.07  0.11  0.05    0.01  0.35  0.16

**************************************************************************************************************
*                                          thermodynamic quantities                                          *
**************************************************************************************************************

quantity                                  average    fluctuation          check
&&------                                  -------    -----------          -----
total potential energy         =          1.09233        0.14634     -0.162E-14
 total two-body energy         =          0.64506        0.01462      0.107E-14
  p+-p+                        =          0.00000        0.00000      0.000E+00
  p+-p-                        =          0.00000        0.00000      0.000E+00
  p+-i+                        =          0.00000        0.00000      0.000E+00
  p+-i-                        =          0.00000        0.00000      0.000E+00
  p--p-                        =          2.98175        0.01767     -0.119E-14
  p--i+                        =         -4.31781        0.01948      0.204E-15
  p--i-                        =         -0.49184        0.00594     -0.226E-15
  i+-i+                        =          2.07117        0.00782      0.852E-15
  i+-i-                        =          0.39001        0.00249     -0.570E-15
  i--i-                        =          0.01177        0.00042      0.000E+00
 bond energy                   =          0.44727        0.14403      0.000E+00
 angle energy                  =          0.00000        0.00000      0.000E+00
enthalpy                       =          3.80799        0.14634
cv                             =          1.85617
temperature                    =        298.00000        0.00000
pressure (excl. cont. contr.)  =          1.15442        0.00000
number of particles            =         64.00000        0.00000
volume                         =      2.50000E+05    0.00000E+00

total potential energy (NkT)   =          0.44086
pressure (NkT/V)(excl. contact)=          1.09604
pressure (kT) (excl. contact)  =      2.80586E-04
number density                 =      2.56000E-04

**************************************************************************************************************
*                                              chain quantities                                              *
**************************************************************************************************************

quantity                                  average     fluctuation
--------                                  -------     -----------
<r(bb)**2>**0.5                =          5.45313        1.28844
<r(ee)**2>**0.5                =         95.45418        5.46287
<r(g)**2>**0.5                 =         28.80954        1.54974
smallest rms mom. p.a.         =          0.77198        0.41481
intermediate rms mom. p.a.     =          1.09098        0.68282
largest rms mom. p.a.          =         28.77853        1.42112
<persist. l.>  (r(ee))         =         46.76134        1.11363
<persist. l.>  (r(g))          =        352.40240      248.79193
<angle>                        =        147.70431        6.88281
<cos(180-angle)>               =          0.80399        0.06687
<r(ee)**2/r(g)**2>             =         10.97771        0.04692
<asphericity>                  =          0.99356        0.00224
<toroid param>                 =          0.09062        0.02545

persist. l. (<r(ee)**2>)       =         46.69697
persist. l. (<r(g)**2>)        =        237.60646
persist. l. (<cos(180-angle)>) =         27.82001
<r(ee)**2>/<r(g)**2>           =         10.97785
asphericity (<2:nd moments>)   =          0.99355


**************************************************************************************************************
*                                                                                                            *
*                                          f i n a l   r e s u l t                                           *
*                                                                                                            *
**************************************************************************************************************

2016-11-14     12:24:02

title   : planar pe_brush                                                                           

key data: mode           : simulation
          method         : mc   
          ensemble       : nvt
          boundary cond. : xy 
          start          : setconf 


number of time steps/passes           1  *        10  =         10

temperature                    =     298.000
pressure                       =       0.377
box lengths (x,y,z)            =      50.000      50.000     100.000
volume                         =   0.250E+06

seed of random generator       =   978893873


**************************************************************************************************************
*                                                coordinates                                                 *
**************************************************************************************************************


particle coordinates
--------------------
particle no   particle type       com (x,y,z)              x'-axis (x,y,z)        y'-axis (x,y,z)        z'-axis (x,y,z)
-----------   -------------       -----------              ---------------        ---------------        ---------------
     1        p+            -24.750  -18.785  -50.000   0.307  0.864  0.399    0.592  0.155 -0.791   -0.745  0.479 -0.465
     2        p+            -24.451  -22.076  -45.344   0.021  0.107 -0.994    0.869 -0.493 -0.035   -0.494 -0.863 -0.104
     3        p+            -23.586  -20.230  -40.518   0.638 -0.614 -0.465    0.735  0.306  0.605   -0.229 -0.728  0.646
     4        p+            -24.559  -19.487  -34.252  -0.388 -0.860  0.332   -0.609  0.510  0.607   -0.691  0.033 -0.722
     5        p+             24.946  -19.462  -28.855  -0.670 -0.592  0.448   -0.233  0.740  0.631   -0.705  0.319 -0.634
     6        p+             23.707  -17.164  -25.610  -0.681 -0.087  0.727    0.732 -0.112  0.672    0.023  0.990  0.140
     7        p+            -24.678  -19.121  -20.334  -0.872  0.014  0.488   -0.111 -0.979 -0.170    0.476 -0.203  0.856
     8        p+             22.873  -21.247  -15.284   0.563  0.671 -0.482    0.443  0.247  0.862    0.698 -0.699 -0.158
     9        p+             24.561  -19.930   -9.237   0.840 -0.514  0.177   -0.354 -0.271  0.895   -0.412 -0.814 -0.410
    10        p+            -22.306  -20.558   -4.738  -0.022 -0.177 -0.984    0.996 -0.093 -0.006   -0.090 -0.980  0.179
    11        p+             21.026    5.565  -50.000  -0.670 -0.736 -0.102    0.093  0.053 -0.994    0.737 -0.675  0.033
    12        p+             20.526    3.394  -46.033  -0.937 -0.249  0.245    0.210  0.160  0.965   -0.279  0.955 -0.098
    13        p+             20.482    5.244  -39.159   0.503 -0.652 -0.566    0.620  0.729 -0.289    0.602 -0.206  0.772
    14        p+             22.306    7.349  -33.068  -0.801 -0.502 -0.326   -0.578  0.506  0.640   -0.156  0.702 -0.695
    15        p+             20.566    5.313  -29.204   0.179 -0.838 -0.516   -0.389  0.422 -0.819    0.904  0.347 -0.251
    16        p+             21.707    7.319  -23.792  -0.624 -0.539  0.566   -0.383 -0.420 -0.823    0.681 -0.730  0.056
    17        p+             20.213    3.099  -20.797   0.046 -0.334 -0.941   -0.506  0.805 -0.310    0.861  0.491 -0.132
    18        p+             21.288    4.917  -14.402   0.201  0.974  0.100   -0.032 -0.096  0.995    0.979 -0.203  0.012
    19        p+             22.233    7.289   -9.379  -0.662  0.053 -0.747   -0.287 -0.939  0.189   -0.692  0.340  0.637
    20        p+             21.367    5.551   -4.404   0.036 -0.606 -0.795    0.738 -0.520  0.430   -0.674 -0.602  0.429
    21        p-             24.628  -20.585    0.862   0.358 -0.783 -0.510    0.851  0.049  0.522   -0.384 -0.621  0.684
    22        p-            -23.289  -18.847    4.023  -0.654  0.733 -0.187    0.179 -0.091 -0.980   -0.735 -0.674 -0.071
    23        p-            -24.868  -17.456    9.653  -0.658 -0.752  0.025    0.035  0.003  0.999   -0.752  0.659  0.025
    24        p-            -24.444  -19.567   14.429   0.355  0.794  0.494    0.510 -0.607  0.609    0.783  0.036 -0.621
    25        p-            -22.938  -20.353   19.548  -0.782  0.084  0.618    0.070  0.996 -0.046   -0.619  0.007 -0.785
    26        p-            -24.041  -19.652   24.535   0.252  0.495  0.832   -0.375 -0.743  0.555    0.892 -0.451 -0.002
    27        p-            -24.263  -17.989   30.005  -0.649 -0.425  0.631    0.676  0.056  0.734   -0.347  0.904  0.250
    28        p-            -24.447  -18.740   35.091   0.427  0.751  0.504    0.555 -0.657  0.510    0.714  0.062 -0.697
    29        p-            -23.842  -19.745   39.416  -0.623 -0.561  0.545    0.432  0.334  0.838   -0.652  0.758  0.034
