**************************************************************************************************************
**************************************************************************************************************
**                                                                                                          **
**                                                                                                          **
**                                                  Molsim                                                  **
**                                                                                                          **
**                  integrated md/mc/bd simulation program belonging to the molsim package                  **
**                                                                                                          **
**                                          version 6.4.7, v2.2.0                                           **
**                                                                                                          **
**                                                                                                          **
**                                                Per Linse                                                 **
**                                            Physical Chemistry                                            **
**                                         Department of Chemistry                                          **
**                                             Lund University                                              **
**                                               P.O. Box 124                                               **
**                                          S-221 00 Lund, SWEDEN                                           **
**                                                                                                          **
**                                                                                                          **
**                                         with contributions from                                          **
**                                                                                                          **
**                  Anna Akinchina, Fredrik Carlsson, Samuel Edgecombe, Yoshikatsu Hayashi                  **
**          Pascal Hebbeker, Cornelius Hofzumahaus, Niklas Källrot, Björn Linse, Vladimir Lobaskin          **
**               Thomas M. Nymand, Alberto Pais, Jurij Rescic, Stefanie Schneider, Marie Skepö              **
**          Joakim Stenhammar, Anders Wallqvist, Jos van Rijssel, Erik Wernersson, Per-Olof Åstrand         **
**                                                                                                          **
**                                                                                                          **
**************************************************************************************************************
**************************************************************************************************************
 
2017-01-05     15:52:48

**************************************************************************************************************
*                                                                                                            *
*                                            i n p u t   d a t a                                             *
*                                                                                                            *
**************************************************************************************************************


**************************************************************************************************************
*                                            general information                                             *
**************************************************************************************************************


title   : 10 spheres with diblock brush                                                             

key data: mode           : simulation
          method         : mc   
          ensemble       : nvt
          boundary cond. : xyz
          start          : setconf 


number of time steps/passes           1  *         1  =          1

temperature                    =     298.000
pressure                       =       0.101
box lengths (x,y,z)            =     600.000     600.000     600.000
volume                         =   0.216E+09

seed of random generator       =           1

optional subroutine used
------------------------
   ControlAver
   MainAver
   DistFunc
   Group
   Static

parameters controlling the output interval (0 = no)
-------------------------------------------------
   itest              0
   ipart            100
   iatom              0
   iaver              0
   ishow              1
   iplot              1
   ilist              1

external units
--------------
number        generic name        file name
------        ------------        ---------
   1               fin            FIN       
   2               fout           FOUT      
   3               fcnf           FCNF      
   8               flist          FLIST     

**************************************************************************************************************
*                                                   units                                                    *
**************************************************************************************************************

quantity                unit
--------                ----
length              1.000E-10 m
mass                1.000E-03 kg/mol
temperature         1.000E+00 k
time                1.000E-12 s
energy              1.000E+03 j/mol
heat capacity       1.000E+00 j/mol*k
diff. coeff.        1.000E-09 m**2/s
pressure            1.000E+06 pa
volume              1.000E-30 m**3
linear vel.         1.000E+02 m/s
linear acc.         1.000E+14 m/s**2
force               1.000E+11 n/mol
moment of inertia   1.000E-23 kg*m**2/mol
angle               1.745E-02 rad

**************************************************************************************************************
*                                               particle data                                                *
**************************************************************************************************************

charged atoms enabled

number of chains               =     200
number of particles            =    5010
number of atoms                =    5010
number of chains types         =       1     (     10 )
number of particle types       =       4     (     10 )
number of atom types           =       4     (     10 )

chain type         no of chains             topology  npptct(1,ict)  npptct(2,ict)  npptct(3,ict)  npptct(4,ict)
----------         ------------             --------  -------------  -------------  -------------  -------------
diblock              200                    block         0            10            10             0

particle       no        atom     no     mass    hard core    no of unit   weak      pK        sigma    epsilon  zatalpha
                                                 radius       charges      charge                              
--------       --        ----     --     ----    ---------    ----------   ------    --        -----    -------  --------
sph            10
                         sph      1      1.000   25.000        0.0000        F      0.0000     0.0000    0.0000    0.0000
p+           2000
                         p+       1      1.000    2.000        0.0000        F      0.0000     0.0000    0.0000    0.0000
p-           2000
                         p-       1      1.000    2.000       -0.5000        F      0.0000     0.0000    0.0000    0.0000
i+           1000
                         i+       1      1.000    2.000        1.0000        F      0.0000     0.0000    0.0000    0.0000

molecular input frame: sph       
---------------------- ---

atom               coordinate (x,y,z)
----               ------------------
sph          0.00000   0.00000   0.00000

principal axis frame: sph       
--------------------- ---

atom               coordinate (x,y,z)
----               ------------------
sph          0.00000   0.00000   0.00000

molecular input frame: p+        
---------------------- --

atom               coordinate (x,y,z)
----               ------------------
p+           0.00000   0.00000   0.00000

principal axis frame: p+        
--------------------- --

atom               coordinate (x,y,z)
----               ------------------
p+           0.00000   0.00000   0.00000

molecular input frame: p-        
---------------------- --

atom               coordinate (x,y,z)
----               ------------------
p-           0.00000   0.00000   0.00000

principal axis frame: p-        
--------------------- --

atom               coordinate (x,y,z)
----               ------------------
p-           0.00000   0.00000   0.00000

molecular input frame: i+        
---------------------- --

atom               coordinate (x,y,z)
----               ------------------
i+           0.00000   0.00000   0.00000

principal axis frame: i+        
--------------------- --

atom               coordinate (x,y,z)
----               ------------------
i+           0.00000   0.00000   0.00000

particle             mass           moment of inertia (x,y,z)        maximal atom-com distance
--------             ----           -------------------------        -------------------------
sph                 1.000          0.000     0.000     0.000             0.000
p+                  1.000          0.000     0.000     0.000             0.000
p-                  1.000          0.000     0.000     0.000             0.000
i+                  1.000          0.000     0.000     0.000             0.000

**************************************************************************************************************
*                                          two-body potential data                                           *
**************************************************************************************************************

rcut                           =     120.000
utoltab                        =   0.100E-04
ftoltab                        =   0.100E-04
umaxtab                        =   0.200E+05
fmaxtab                        =   0.200E+05

monoatomic energy and force routines

relative permittivity          =   78.400000

system net charge based on zat =    0.00    

parameters controlling the ewald summation
------------------------------------------
txewaldrec                     =              std
iewaldopt                      =                1
uewaldtol                      =      0.38345E-07
error estimate in real space   =      0.38345E-07
error estimate in rec. space   =      0.37624E-07
ualpha                         =      0.25000E-01
ualphared                      =       3.0000    
ncut                           =               17
ncut2                          =              289
ncutregion                     =           sphere
nkvec (one octant)             =             2910
surface term                   =                F

particle pair              potential
-------------              ---------
sph-sph                      default             
sph-p+                       default             
sph-p-                       default             
sph-i+                       default             
p+-p+                        default             
p+-p-                        default             
p+-i+                        default             
p--p-                        default             
p--i+                        default             
i+-i+                        default             

atom pair         energy coefficients (ipot and ucoff)
---------         ------------------------------------
sph-sph                1  0.000000E+00
sph-p+                 1  0.000000E+00
sph-p-                 1  0.000000E+00
sph-i+                 1  0.000000E+00
p+-p+                  1  0.000000E+00
p+-p-                  1  0.000000E+00
p+-i+                  1  0.000000E+00
p--p-                  1  0.443034E+01
p--i+                  1 -0.886068E+01
i+-i+                  1  0.177214E+02

number of 1/r coefficients than has been changed/added based on zat = 10

specification of two-body potential tables
------------------------------------------
atom pair          no of grids         iubuflow       rumin     rumax
---------          -----------         --------       -----     -----
sph-sph                3                   1          0.316   132.000
sph-p+                 3                  37          0.316   132.000
sph-p-                 3                  73          0.316   132.000
sph-i+                 3                 109          0.316   132.000
p+-p+                  3                 145          0.316   132.000
p+-p-                  3                 181          0.316   132.000
p+-i+                  3                 217          0.316   132.000
p--p-                 51                 253          0.316   132.000
p--i+                 58                 865          0.316   132.000
i+-i+                 66                1561          0.316   132.000

nbuf (needed, allocated)        =       2353      3000

**************************************************************************************************************
*                                               ipotchain data                                               *
**************************************************************************************************************

bond: force constant           =         2.40880
bond: power                    =               2
bond: eqilibrium separation    =         5.00000
angle: force constant          =         0.00000
angle: power                   =               2
angle: eqilibrium separation   =       180.00000
itestpotchain                  =               0

**************************************************************************************************************
*                                         initial configuration data                                         *
**************************************************************************************************************

start configuration from SetConfiguration
-----------------------------------------
part. type    routine          no of unit cells (x,y,z)     lower (x,y,z)      upper (x,y,z)      shift (x,y,z)
----------    -------          ------------------------     -------------      -------------      -------------
 1  sph       fcclattice              2    2    2        -300.0-300.0-300.0  300.0 300.0 300.0    0.0   0.0   0.0
 2  p+        sphbrushlattice         0    0    0        -300.0-300.0-300.0  300.0 300.0 300.0    0.0   0.0   0.0
 3  p-        sphbrushlattice         0    0    0        -300.0-300.0-300.0  300.0 300.0 300.0    0.0   0.0   0.0
 4  i+        random                  0    0    0        -300.0-300.0-300.0  300.0 300.0 300.0    0.0   0.0   0.0

bond length scaling factor              =      1.000
minimum angle between consecutive beads =      0.000

first macrostep                =      1

**************************************************************************************************************
*                                                coordinates                                                 *
**************************************************************************************************************


particle coordinates
--------------------
particle no   particle type       com (x,y,z)              x'-axis (x,y,z)        y'-axis (x,y,z)        z'-axis (x,y,z)
-----------   -------------       -----------              ---------------        ---------------        ---------------
     1        sph          -300.000 -300.000 -300.000   1.000  0.000  0.000    0.000  1.000  0.000    0.000  0.000  1.000
   101        p+             -4.736 -127.190 -136.351  -0.783  0.606 -0.139    0.171 -0.006 -0.985   -0.598 -0.795 -0.099
   201        p+            -20.833 -162.716 -161.544   0.102 -0.237 -0.966   -0.448 -0.878  0.168   -0.888  0.416 -0.196
   301        p+            -12.574 -173.647 -146.576  -0.274  0.316 -0.908   -0.949 -0.241  0.203   -0.155  0.918  0.366
   401        p+              5.887 -151.450 -176.310   0.273  0.961  0.047    0.960 -0.275  0.050    0.061  0.031 -0.998
   501        p+             12.996 -138.038 -129.579   0.846  0.083  0.526    0.437 -0.673 -0.597    0.304  0.735 -0.606
   601        p+              7.913 -163.419 -127.947   0.834 -0.078 -0.546   -0.456  0.459 -0.763    0.310  0.885  0.347
   701        p+            -16.816 -161.973 -132.598  -0.408 -0.308 -0.859    0.896 -0.316 -0.313   -0.175 -0.897  0.405
   801        p+            -14.478 -127.869 -155.442  -0.851  0.050 -0.522    0.322  0.835 -0.446    0.414 -0.548 -0.727
   901        p+              7.083 -175.839 -146.654  -0.196  0.758 -0.622    0.981  0.159 -0.114    0.012 -0.632 -0.775
  1001        p+            -26.500 -145.993 -153.267  -0.601 -0.079 -0.796   -0.616 -0.588  0.523   -0.509  0.805  0.305
  1101        p+             25.487 -143.133 -144.321  -0.176 -0.425  0.888   -0.484 -0.748 -0.454    0.857 -0.509 -0.074
  1201        p+             11.536 -125.589 -150.235   0.838 -0.536  0.103    0.121 -0.001 -0.993    0.532  0.844  0.064
  1301        p+              1.874 -130.826 -168.917  -0.263 -0.930 -0.255   -0.350  0.338 -0.874    0.899 -0.141 -0.415
  1401        p+            -21.060 -141.889 -135.177  -0.705  0.100 -0.702   -0.686 -0.347  0.639   -0.180  0.933  0.313
  1501        p+             -3.935 -147.640 -123.393   0.710  0.194 -0.677   -0.698  0.064 -0.713   -0.095  0.979  0.181
  1601        p+             18.962 -163.266 -163.909   0.652 -0.557  0.515    0.327 -0.406 -0.853    0.684  0.725 -0.082
  1701        p+             -1.742 -170.185 -167.847  -0.821  0.027  0.570   -0.503  0.438 -0.745   -0.270 -0.899 -0.345
  1801        p+            -13.885 -145.701 -172.753  -0.759  0.444  0.476    0.644  0.618  0.451   -0.093  0.649 -0.755
  1901        p+             22.932 -162.352 -142.890   0.389 -0.920 -0.039    0.012 -0.037  0.999   -0.921 -0.390 -0.004
  2001        p+             21.225 -141.448 -164.331  -0.807  0.545 -0.225   -0.262 -0.673 -0.692   -0.529 -0.500  0.686
  2101        p-             -2.983 -120.910 -122.334  -0.040  0.637 -0.770   -0.018 -0.771 -0.637   -0.999 -0.012  0.043
  2201        p-            -26.995 -162.080 -165.141  -0.823  0.252  0.509    0.433 -0.303  0.849    0.368  0.919  0.141
  2301        p-            -27.657 -182.299 -150.455   0.798 -0.600  0.051   -0.044  0.026  0.999   -0.601 -0.799 -0.005
  2401        p-              8.075 -153.416 -189.354  -0.688 -0.313 -0.655   -0.471 -0.494  0.731   -0.552  0.811  0.192
  2501        p-              6.303 -123.611 -134.033   0.657 -0.520  0.547    0.241  0.831  0.501   -0.715 -0.197  0.671
  2601        p-             22.568 -155.365 -135.266   0.193  0.980  0.052    0.014 -0.056  0.998    0.981 -0.192 -0.024
  2701        p-            -25.393 -172.778 -125.796  -0.907 -0.381 -0.181   -0.159 -0.090  0.983   -0.391  0.920  0.021
  2801        p-            -14.598 -105.479 -168.944   0.360 -0.933 -0.033    0.721  0.256  0.644   -0.592 -0.255  0.765
  2901        p-              3.433 -191.077 -136.104  -0.232 -0.740 -0.631    0.913  0.059 -0.404    0.337 -0.670  0.662
  3001        p-            -25.493 -128.250 -162.240   0.051 -0.625 -0.779   -0.319  0.729 -0.605    0.946  0.280 -0.162
  3101        p-             36.601 -124.268 -161.162   0.630  0.672  0.390   -0.400 -0.151  0.904    0.666 -0.725  0.174
  3201        p-             13.788 -103.841 -159.779   0.775  0.591  0.222   -0.036 -0.309  0.950    0.630 -0.745 -0.218
  3301        p-              6.936 -119.594 -161.675   0.568  0.676  0.469   -0.230 -0.417  0.879    0.790 -0.608 -0.081
  3401        p-            -24.713 -134.862 -126.947   0.072 -0.800 -0.596    0.148  0.600 -0.786    0.986 -0.031  0.162
  3501        p-             -3.658 -149.338  -95.355   0.691  0.403 -0.600   -0.620 -0.095 -0.779   -0.371  0.910  0.185
  3601        p-             17.520 -150.620 -176.452  -0.425  0.879  0.218    0.184 -0.152  0.971    0.886  0.453 -0.097
  3701        p-             -3.684 -147.667 -176.746   0.745 -0.165  0.647    0.454  0.835 -0.310   -0.489  0.525  0.697
  3801        p-            -12.486 -125.347 -173.418   0.743  0.268  0.614    0.501  0.385 -0.775   -0.444  0.883  0.152
  3901        p-             16.994 -180.758 -136.074  -0.572 -0.794  0.206   -0.018 -0.239 -0.971    0.820 -0.559  0.123
  4001        p-             35.777 -131.963 -164.639   0.245  0.948 -0.201    0.231  0.145  0.962    0.941 -0.283 -0.184
  4101        i+            -18.428   17.116 -160.994   0.616 -0.717  0.327    0.282 -0.186 -0.941    0.735  0.672  0.088
  4201        i+            163.289  175.294 -225.376   0.088 -0.963 -0.253   -0.717 -0.238  0.655   -0.692  0.123 -0.712
  4301        i+           -226.899  -19.307   97.562  -0.122 -0.720  0.683   -0.869  0.410  0.276   -0.479 -0.560 -0.676
  4401        i+           -143.111  165.708   35.814  -0.650  0.559  0.515    0.001 -0.678  0.735    0.760  0.478  0.440
  4501        i+            139.240 -107.671  -65.611  -0.152 -0.447  0.882   -0.318 -0.823 -0.471    0.936 -0.352 -0.017
  4601        i+             62.529   82.901 -291.457   0.847  0.215 -0.487    0.234  0.671  0.704    0.478 -0.710  0.518
  4701        i+           -162.709  264.170  119.614   0.644 -0.034 -0.764   -0.147 -0.986 -0.080   -0.751  0.164 -0.640
  4801        i+           -237.451  -57.721  282.798   0.787 -0.317  0.529   -0.472  0.243  0.848   -0.397 -0.917  0.042
  4901        i+             39.277  217.913  -23.442  -0.991  0.024 -0.129    0.082 -0.654 -0.752   -0.103 -0.756  0.647
  5001        i+           -268.705 -200.034   54.480  -0.862  0.340  0.375   -0.186  0.477 -0.859   -0.471 -0.811 -0.348

**************************************************************************************************************
*                                                  mc data                                                   *
**************************************************************************************************************

uniform sampling, random

single-particle move                   sph            p+             p-             i+        
-------------------                    ----------     ----------     ----------     ----------
probability                    =       0.000          0.909          0.909          1.000
tran. displacement parameter   =            0.000          5.000          5.000         10.000
rot. displacement parameter    =            0.000          0.000          0.000          0.000
 no displacement of first chain particle

pivot move                             sph            p+             p-             i+        
-------------------                    ----------     ----------     ----------     ----------
probability                    =       0.000          0.091          0.091          0.000
subchain to be rotated         =                           upper          upper               
rot. displacement parameter    =            0.000         90.000         90.000          0.000
auxillary displacement param.  =            0.000          0.000          0.000          0.000
pivot rotation mode            =       1

brush move                             sph            p+             p-             i+        
-------------------                    ----------     ----------     ----------     ----------
probability                    =       1.000          0.000          0.000          0.000
tran. displacement parameter   =           10.000          0.000          0.000          0.000
rot. displacement parameter    =           10.000          0.000          0.000          0.000
 cluster1 move                 =                T              F              F              F


 radius of primary cluster     =      80.000          0.000          0.000          0.000
 particle selection prob.      =            1.000          1.000          1.000          1.000

**************************************************************************************************************
*                                               neighbour list                                               *
**************************************************************************************************************

verlet list
linked lists used to make verlet list
automatic control of update frequency
layer thickness                =        40.000
factor used to calculate nneigh=         3.000
maximal number of neighbours   =          5009

**************************************************************************************************************
*                                          thermodynamic quantities                                          *
**************************************************************************************************************

quantity                            initial value
&-------                            -------------
total potential energy         =          2.87837
 total two-body energy         =          1.27435
  sph-sph                      =          0.00000
  sph-p+                       =          0.00000
  sph-p-                       =          0.00000
  sph-i+                       =          0.00000
  p+-p+                        =          0.00000
  p+-p-                        =          0.00000
  p+-i+                        =          0.00000
  p--p-                        =          1.29766
  p--i+                        =         -0.06341
  i+-i+                        =          0.04010
 pot. energy from rec. space   =          1.60402
 bond energy                   =          0.00000
 angle energy                  =          0.00000
enthalpy                       =          6.31552
temperature                    =        298.00000
pressure (excl. cont. contr.)  =          0.13238
number of particles            =       5010.00000
volume                         =      2.16000E+08

total potential energy (NkT)   =          1.16170
pressure (NkT/V)(excl. contact)=          1.38723
pressure (kT) (excl. contact)  =      3.21760E-05
 
total cpu time since start (s)        1.90

**************************************************************************************************************
*                                                                                                            *
*                              r e s u l t   o f   m a c r o s t e p         1                               *
*                                                                                                            *
**************************************************************************************************************


**************************************************************************************************************
*                                               mc statistics                                                *
**************************************************************************************************************

single-particle move                             total          sph                 p+                  p-                  i+        
-------------------                              -----          ----------          ----------          ----------          ----------
total number of conf.          =             4621 1.00              0 0.00           1833 1.00           1725 1.00           1063 1.00
accepted number of conf.       =             2005 0.43              0 0.00            561 0.31            427 0.25           1017 0.96
energy rejected conf.          =             1139 0.25              0 0.00            513 0.28            585 0.34             41 0.04
hard-core rejected conf.       =             1477 0.32              0 0.00            759 0.41            713 0.41              5 0.00

average no of displaced part.  =                                      0.00                1.00                1.00                1.00
average no of net joining part.=                                      0.00                0.20                0.14                0.18

pivot move                                       total          sph                 p+                  p-                  i+        
-------------------                              -----          ----------          ----------          ----------          ----------
total number of conf.          =              345 1.00              0 0.00            188 1.00            157 1.00              0 0.00
accepted number of conf.       =              190 0.55              0 0.00             75 0.40            115 0.73              0 0.00
energy rejected conf.          =               43 0.12              0 0.00             29 0.15             14 0.09              0 0.00
hard-core rejected conf.       =              112 0.32              0 0.00             84 0.45             28 0.18              0 0.00

average no of displaced part.  =                                      0.00               14.39                5.57                0.00
average no of net joining part.=                                      0.00                0.13                0.23                0.00

brush move                                       total          sph                 p+                  p-                  i+        
-------------------                              -----          ----------          ----------          ----------          ----------
total number of conf.          =               13 1.00             13 1.00              0 0.00              0 0.00              0 0.00
accepted number of conf.       =                2 0.15              2 0.15              0 0.00              0 0.00              0 0.00
energy rejected conf.          =               11 0.85             11 0.85              0 0.00              0 0.00              0 0.00

average no of displaced part.  =                                    413.00                0.00                0.00                0.00
average no of net joining part.=                                      0.00                0.00                0.00                0.00

**************************************************************************************************************
*                                             control statistics                                             *
**************************************************************************************************************

quantity                                    sph                 p+                  p-                  i+        
--------                                    ----------          ----------          ----------          ----------

<dr**2>/step (macrostep)       =            0.5720E+01          0.8065E+01          0.2282E+02          0.2442E+02
precision                      =            0.3859E+01          0.4278E+00          0.1453E+01          0.1037E+01
<dr**2>/step (from start)      =            0.5720E+01          0.8065E+01          0.2282E+02          0.2442E+02
precision                      =            0.3859E+01          0.4278E+00          0.1453E+01          0.1037E+01

orientation order, x'-axis     =                1.0000              1.0000              1.0000              1.0000
orientation order, y'-axis     =                1.0000              1.0000              1.0000              1.0000
orientation order, z'-axis     =                1.0000              1.0000              1.0000              1.0000

<ro> (x,y,z)                   =    -149.2 -90.1-149.7     0.2 -35.9 -29.6    -2.4 -26.9 -30.8     0.8   6.7  15.1
<x'> (x,y,z)                   =      1.00  0.00  0.00   -0.00 -0.01 -0.00   -0.02 -0.01 -0.01    0.01  0.01  0.04
<y'> (x,y,z)                   =      0.00  1.00  0.00    0.00  0.01  0.01    0.02 -0.01  0.00   -0.00 -0.00  0.02
<z'> (x,y,z)                   =      0.00  0.00  1.00    0.01  0.02  0.01    0.01  0.01  0.00    0.02 -0.01  0.01

**************************************************************************************************************
*                                          thermodynamic quantities                                          *
**************************************************************************************************************

quantity                                  average    fluctuation          check
&&------                                  -------    -----------          -----
total potential energy         =          3.01843        0.00000     -0.325E-08
 total two-body energy         =          1.23131        0.00000     -0.798E-08
  sph-sph                      =          0.00000        0.00000      0.000E+00
  sph-p+                       =          0.00000        0.00000      0.000E+00
  sph-p-                       =          0.00000        0.00000      0.000E+00
  sph-i+                       =          0.00000        0.00000      0.000E+00
  p+-p+                        =          0.00000        0.00000      0.000E+00
  p+-p-                        =          0.00000        0.00000      0.000E+00
  p+-i+                        =          0.00000        0.00000      0.000E+00
  p--p-                        =          1.25722        0.00000      0.160E-13
  p--i+                        =         -0.06666        0.00000     -0.147E-06
  i+-i+                        =          0.04075        0.00000     -0.139E-15
 pot. energy from rec. space   =          1.57139        0.00000     -0.116E-14
 bond energy                   =          0.21573        0.00000     -0.421E-15
 angle energy                  =          0.00000        0.00000      0.000E+00
enthalpy                       =          6.45558        0.00000
cv                             =          0.00000
temperature                    =        298.00000        0.00000
pressure (excl. cont. contr.)  =          0.13238        0.00000
number of particles            =       5010.00000        0.00000
volume                         =      2.16000E+08    0.00000E+00

total potential energy (NkT)   =          1.21823
pressure (NkT/V)(excl. contact)=          1.38723
pressure (kT) (excl. contact)  =      3.21760E-05
number density                 =      2.31944E-05

**************************************************************************************************************
*                                              chain quantities                                              *
**************************************************************************************************************

quantity                                  average     fluctuation
--------                                  -------     -----------
<r(bb)**2>**0.5                =          5.14636        0.00000
<r(ee)**2>**0.5                =         29.71287        0.00000
<r(g)**2>**0.5                 =         11.59098        0.00000
smallest rms mom. p.a.         =          2.75843        0.00000
intermediate rms mom. p.a.     =          4.78213        0.00000
largest rms mom. p.a.          =         10.19182        0.00000
<persist. l.>  (r(ee))         =          7.08808        0.00000
<persist. l.>  (r(g))          =          4.88524        0.00000
<angle>                        =        101.36634        0.00000
<cos(180-angle)>               =          0.16373        0.00000
<r(ee)**2/r(g)**2>             =          6.23115        0.00000
<asphericity>                  =          0.42382        0.00000
<toroid param>                 =          0.20391        0.00000

persist. l. (<r(ee)**2>)       =          7.08763
persist. l. (<r(g)**2>)        =          4.74974
persist. l. (<cos(180-angle)>) =          6.15392
<r(ee)**2>/<r(g)**2>           =          6.57127
asphericity (<2:nd moments>)   =          0.44491

Average cluster size 1    1d: sph                        1.00000

**************************************************************************************************************
*                                                                                                            *
*                                          f i n a l   r e s u l t                                           *
*                                                                                                            *
**************************************************************************************************************

2017-01-05     15:52:55

title   : 10 spheres with diblock brush                                                             

key data: mode           : simulation
          method         : mc   
          ensemble       : nvt
          boundary cond. : xyz
          start          : setconf 


number of time steps/passes           1  *         1  =          1

temperature                    =     298.000
pressure                       =       0.111
box lengths (x,y,z)            =     600.000     600.000     600.000
volume                         =   0.216E+09

seed of random generator       =           2


**************************************************************************************************************
*                                                coordinates                                                 *
**************************************************************************************************************


particle coordinates
--------------------
particle no   particle type       com (x,y,z)              x'-axis (x,y,z)        y'-axis (x,y,z)        z'-axis (x,y,z)
-----------   -------------       -----------              ---------------        ---------------        ---------------
     1        sph          -300.000 -300.000 -300.000   1.000  0.000  0.000    0.000  1.000  0.000    0.000  0.000  1.000
   101        p+             -4.736 -127.190 -136.351  -0.783  0.606 -0.139    0.171 -0.006 -0.985   -0.598 -0.795 -0.099
   201        p+            -20.833 -162.716 -161.544   0.102 -0.237 -0.966   -0.448 -0.878  0.168   -0.888  0.416 -0.196
   301        p+            -12.574 -173.647 -146.576  -0.274  0.316 -0.908   -0.949 -0.241  0.203   -0.155  0.918  0.366
   401        p+              5.887 -151.450 -176.310   0.273  0.961  0.047    0.960 -0.275  0.050    0.061  0.031 -0.998
   501        p+             12.996 -138.038 -129.579   0.846  0.083  0.526    0.437 -0.673 -0.597    0.304  0.735 -0.606
   601        p+              7.913 -163.419 -127.947   0.834 -0.078 -0.546   -0.456  0.459 -0.763    0.310  0.885  0.347
   701        p+            -16.816 -161.973 -132.598  -0.408 -0.308 -0.859    0.896 -0.316 -0.313   -0.175 -0.897  0.405
   801        p+            -14.478 -127.869 -155.442  -0.851  0.050 -0.522    0.322  0.835 -0.446    0.414 -0.548 -0.727
   901        p+              7.083 -175.839 -146.654  -0.196  0.758 -0.622    0.981  0.159 -0.114    0.012 -0.632 -0.775
  1001        p+            -26.500 -145.993 -153.267  -0.601 -0.079 -0.796   -0.616 -0.588  0.523   -0.509  0.805  0.305
  1101        p+             25.487 -143.133 -144.321  -0.176 -0.425  0.888   -0.484 -0.748 -0.454    0.857 -0.509 -0.074
  1201        p+             11.536 -125.589 -150.235   0.838 -0.536  0.103    0.121 -0.001 -0.993    0.532  0.844  0.064
