**************************************************************************************************************
**************************************************************************************************************
**                                                                                                          **
**                                                                                                          **
**                                                  Molsim                                                  **
**                                                                                                          **
**                  integrated md/mc/bd simulation program belonging to the molsim package                  **
**                                                                                                          **
**                                      version 6.4.7, Sep 18, 2015 v                                       **
**                                                                                                          **
**                                                                                                          **
**                                                Per Linse                                                 **
**                                            Physical Chemistry                                            **
**                                         Department of Chemistry                                          **
**                                             Lund University                                              **
**                                               P.O. Box 124                                               **
**                                          S-221 00 Lund, SWEDEN                                           **
**                                                                                                          **
**                                                                                                          **
**                                         with contributions from                                          **
**                                                                                                          **
**                  Anna Akinchina, Fredrik Carlsson, Samuel Edgecombe, Yoshikatsu Hayashi                  **
**          Pascal Hebbeker, Cornelius Hofzumahaus, Niklas Källrot, Björn Linse, Vladimir Lobaskin          **
**               Thomas M. Nymand, Alberto Pais, Jurij Rescic, Stefanie Schneider, Marie Skepö              **
**          Joakim Stenhammar, Anders Wallqvist, Jos van Rijssel, Erik Wernersson, Per-Olof Åstrand         **
**                                                                                                          **
**                                                                                                          **
**************************************************************************************************************
**************************************************************************************************************
 
2016-09-13     16:40:44

**************************************************************************************************************
*                                                                                                            *
*                                            i n p u t   d a t a                                             *
*                                                                                                            *
**************************************************************************************************************


**************************************************************************************************************
*                                            general information                                             *
**************************************************************************************************************


title   : one sphere with diblock brush                                                             

key data: mode           : simulation
          method         : mc   
          ensemble       : nvt
          boundary cond. : sph
          start          : setconf 


number of time steps/passes           1  *        10  =         10

temperature                    =     298.000
pressure                       =       0.101
spherical cell radius          =     137.000
volume                         =   0.108E+08

seed of random generator       =           1

optional subroutine used
------------------------
   ControlAver
   MainAver
   DistFunc
   Group

parameters controlling the output interval (0 = no)
-------------------------------------------------
   itest              0
   ipart              1
   iatom              0
   iaver              0
   ishow              1
   iplot              1
   ilist              1

external units
--------------
number        generic name        file name
------        ------------        ---------
   1               fin            FIN       
   2               fout           FOUT      
   3               fcnf           FCNF      
   8               flist          FLIST     

**************************************************************************************************************
*                                                   units                                                    *
**************************************************************************************************************

quantity                unit
--------                ----
length              1.000E-10 m
mass                1.000E-03 kg/mol
temperature         1.000E+00 k
time                1.000E-12 s
energy              1.000E+03 j/mol
heat capacity       1.000E+00 j/mol*k
diff. coeff.        1.000E-09 m**2/s
pressure            1.000E+06 pa
volume              1.000E-30 m**3
linear vel.         1.000E+02 m/s
linear acc.         1.000E+14 m/s**2
force               1.000E+11 n/mol
moment of inertia   1.000E-23 kg*m**2/mol
angle               1.745E-02 rad

**************************************************************************************************************
*                                               particle data                                                *
**************************************************************************************************************

charged atoms enabled

number of chains               =      20
number of particles            =     501
number of atoms                =     501
number of chains types         =       1     (     10 )
number of particle types       =       4     (     10 )
number of atom types           =       4     (     10 )

chain type         no of chains             topology  no of particles of the different types
----------         ------------             --------  --------------------------------------
diblock               20                    block         0   10   10    0

particle       no        atom     no     mass    hard core    no of unit   weak      pK        sigma    epsilon  zatalpha
                                                 radius       charges      charge                              
--------       --        ----     --     ----    ---------    ----------   ------    --        -----    -------  --------
sph             1
                         sph      1      0.000   25.000        0.0000        F      0.0000     0.0000    0.0000    0.0000
p+            200
                         p+       1      0.000    2.000        0.0000        F      0.0000     0.0000    0.0000    0.0000
p-            200
                         p-       1      0.000    2.000       -0.5000        F      0.0000     0.0000    0.0000    0.0000
i+            100
                         i+       1      0.000    2.000        1.0000        F      0.0000     0.0000    0.0000    0.0000

molecular input frame: sph       
---------------------- ---

atom               coordinate (x,y,z)
----               ------------------
sph          0.00000   0.00000   0.00000

principal axis frame: sph       
--------------------- ---

atom               coordinate (x,y,z)
----               ------------------
sph          0.00000   0.00000   0.00000

molecular input frame: p+        
---------------------- --

atom               coordinate (x,y,z)
----               ------------------
p+           0.00000   0.00000   0.00000

principal axis frame: p+        
--------------------- --

atom               coordinate (x,y,z)
----               ------------------
p+           0.00000   0.00000   0.00000

molecular input frame: p-        
---------------------- --

atom               coordinate (x,y,z)
----               ------------------
p-           0.00000   0.00000   0.00000

principal axis frame: p-        
--------------------- --

atom               coordinate (x,y,z)
----               ------------------
p-           0.00000   0.00000   0.00000

molecular input frame: i+        
---------------------- --

atom               coordinate (x,y,z)
----               ------------------
i+           0.00000   0.00000   0.00000

principal axis frame: i+        
--------------------- --

atom               coordinate (x,y,z)
----               ------------------
i+           0.00000   0.00000   0.00000

particle             mass           moment of inertia (x,y,z)        maximal atom-com distance
--------             ----           -------------------------        -------------------------
sph                 0.000          0.000     0.000     0.000             0.000
p+                  0.000          0.000     0.000     0.000             0.000
p-                  0.000          0.000     0.000     0.000             0.000
i+                  0.000          0.000     0.000     0.000             0.000

**************************************************************************************************************
*                                          two-body potential data                                           *
**************************************************************************************************************

rcut                           =     274.000
utoltab                        =   0.100E-04
ftoltab                        =   0.100E-04
umaxtab                        =   0.200E+05
fmaxtab                        =   0.200E+05

monoatomic energy and force routines

relative permittivity          =   78.400000

system net charge based on zat =    0.00    

particle pair              potential
-------------              ---------
sph-sph                      default             
sph-p+                       default             
sph-p-                       default             
sph-i+                       default             
p+-p+                        default             
p+-p-                        default             
p+-i+                        default             
p--p-                        default             
p--i+                        default             
i+-i+                        default             

atom pair         energy coefficients (ipot and ucoff)
---------         ------------------------------------
sph-sph                1  0.000000E+00
sph-p+                 1  0.000000E+00
sph-p-                 1  0.000000E+00
sph-i+                 1  0.000000E+00
p+-p+                  1  0.000000E+00
p+-p-                  1  0.000000E+00
p+-i+                  1  0.000000E+00
p--p-                  1  0.443034E+01
p--i+                  1 -0.886068E+01
i+-i+                  1  0.177214E+02

number of 1/r coefficients than has been changed/added based on zat = 10

specification of two-body potential tables
------------------------------------------
atom pair          no of grids         iubuflow       rumin     rumax
---------          -----------         --------       -----     -----
sph-sph                2                   1          0.316   301.400
sph-p+                 2                  25          0.316   301.400
sph-p-                 2                  49          0.316   301.400
sph-i+                 2                  73          0.316   301.400
p+-p+                  2                  97          0.316   301.400
p+-p-                  2                 121          0.316   301.400
p+-i+                  2                 145          0.316   301.400
p--p-                 53                 169          0.316   301.400
p--i+                 61                 805          0.316   301.400
i+-i+                 70                1537          0.316   301.400

nbuf (needed, allocated)        =       2377      3000

**************************************************************************************************************
*                                               ipotchain data                                               *
**************************************************************************************************************

bond: force constant           =         2.40880
bond: power                    =               2
bond: eqilibrium separation    =         5.00000
angle: force constant          =         0.00000
angle: power                   =               2
angle: eqilibrium separation   =       180.00000
itestpotchain                  =               0

**************************************************************************************************************
*                                         initial configuration data                                         *
**************************************************************************************************************

start configuration from SetConfiguration
-----------------------------------------
part. type    routine          no of unit cells (x,y,z)     lower (x,y,z)      upper (x,y,z)      shift (x,y,z)
----------    -------          ------------------------     -------------      -------------      -------------
 1  sph       origin                  0    0    0        -137.0-137.0-137.0  137.0 137.0 137.0    0.0   0.0   0.0
 2  p+        sphbrushlattice         0    0    0        -137.0-137.0-137.0  137.0 137.0 137.0    0.0   0.0   0.0
 3  p-        sphbrushlattice         0    0    0        -137.0-137.0-137.0  137.0 137.0 137.0    0.0   0.0   0.0
 4  i+        random                  0    0    0        -137.0-137.0-137.0  137.0 137.0 137.0    0.0   0.0   0.0

bond length scaling factor              =      1.000
minimum angle between consecutive beads =    120.000

first macrostep                =      1

**************************************************************************************************************
*                                                coordinates                                                 *
**************************************************************************************************************


particle coordinates
--------------------
particle no   particle type       com (x,y,z)              x'-axis (x,y,z)        y'-axis (x,y,z)        z'-axis (x,y,z)
-----------   -------------       -----------              ---------------        ---------------        ---------------
     1        sph             0.000    0.000    0.000   1.000  0.000  0.000    0.000  1.000  0.000    0.000  0.000  1.000
     2        p+             -4.736   22.810   13.649  -0.780 -0.592  0.205    0.191  0.088  0.978   -0.597  0.801  0.044
     3        p+             -6.792   20.112   17.322  -0.507  0.358 -0.784   -0.505  0.614  0.607    0.699  0.704 -0.130
     4        p+             -9.073   21.118   21.656  -0.982  0.032 -0.188    0.190  0.042 -0.981   -0.024 -0.999 -0.047
     5        p+             -9.081   25.025   24.777  -0.440 -0.861 -0.255   -0.242  0.387 -0.890    0.865 -0.330 -0.378
     6        p+            -11.232   28.865   27.150  -0.544 -0.694  0.471   -0.217  0.659  0.720   -0.810  0.289 -0.509
     7        p+            -14.475   29.752   30.851   0.496  0.742 -0.452   -0.355 -0.302 -0.885   -0.793  0.599  0.114
     8        p+            -18.651   29.354   33.573   0.237 -0.002 -0.971    0.005 -1.000  0.004   -0.971 -0.006 -0.237
     9        p+            -23.583   29.675   32.822  -0.385 -0.136 -0.913   -0.818 -0.408  0.406   -0.428  0.903  0.045
    10        p+            -25.828   32.979   29.814  -0.474  0.786 -0.397   -0.169  0.361  0.917    0.864  0.501 -0.038
    11        p+            -28.488   31.996   25.696   0.538  0.114  0.835    0.784  0.295 -0.546   -0.309  0.949  0.070
    12        p+            -20.833  -12.716  -11.544   0.736  0.192  0.649    0.343 -0.932 -0.113    0.584  0.306 -0.752
    13        p+            -20.593  -17.191  -13.762  -0.670 -0.577  0.467   -0.665  0.746 -0.033   -0.329 -0.333 -0.884
    14        p+            -19.501  -22.048  -14.229   0.270 -0.765 -0.585    0.465 -0.429  0.775   -0.843 -0.482  0.240
    15        p+            -21.718  -25.677  -16.858   0.484 -0.556 -0.676    0.583 -0.372  0.722   -0.653 -0.744  0.144
    16        p+            -21.179  -28.375  -21.033   0.412  0.685  0.601   -0.080 -0.630  0.773    0.908 -0.366 -0.205
    17        p+            -23.129  -32.113  -23.721   0.526 -0.459  0.716   -0.750  0.147  0.645   -0.402 -0.876 -0.267
    18        p+            -26.032  -34.202  -27.216  -0.355 -0.206  0.912   -0.873 -0.278 -0.402    0.336 -0.938 -0.081
    19        p+            -29.292  -33.890  -30.993  -0.461 -0.436 -0.773    0.420 -0.874  0.243   -0.781 -0.213  0.587
    20        p+            -30.623  -36.994  -34.680  -0.378  0.869 -0.319    0.229 -0.246 -0.942   -0.897 -0.429 -0.106
    21        p+            -35.345  -37.933  -36.031  -0.205 -0.266  0.942    0.730 -0.683 -0.034    0.652  0.681  0.334
    22        p+            -12.574  -23.647    3.424  -0.700 -0.097  0.708    0.709  0.024  0.704   -0.085  0.995  0.052
    23        p+            -15.866  -27.408    3.551   0.484  0.038  0.874   -0.832 -0.290  0.473    0.271 -0.956 -0.109
    24        p+            -19.224  -30.961    2.503  -0.759  0.170  0.628    0.444 -0.570  0.691    0.475  0.804  0.357
    25        p+            -22.073  -32.491   -1.311  -0.440  0.783 -0.440    0.769  0.076 -0.635   -0.464 -0.618 -0.635
    26        p+            -25.485  -35.992   -2.359  -0.860 -0.231 -0.456   -0.355 -0.371  0.858   -0.367  0.899  0.237
    27        p+            -29.835  -35.208   -4.696  -0.472 -0.338  0.814   -0.373 -0.760 -0.532    0.799 -0.554  0.232
    28        p+            -34.281  -37.495   -4.757   0.722 -0.186  0.666    0.632  0.567 -0.527   -0.280  0.802  0.527
    29        p+            -35.073  -42.244   -3.409   0.675  0.054  0.736   -0.676  0.445  0.588   -0.295 -0.894  0.337
    30        p+            -31.416  -45.635   -3.060  -0.314  0.863  0.396    0.654  0.499 -0.568   -0.688  0.080 -0.721
    31        p+            -27.618  -48.718   -4.097  -0.335  0.800  0.498    0.936  0.220  0.276    0.112  0.558 -0.822
    32        p+              5.887   -1.450  -26.310   0.082 -0.757  0.648   -0.430 -0.613 -0.663    0.899 -0.224 -0.376
    33        p+              3.169   -5.503  -27.400   0.714 -0.697  0.075    0.118  0.015 -0.993    0.690  0.717  0.093
    34        p+             -0.618   -7.662  -29.849   0.537  0.819  0.203    0.377 -0.018 -0.926   -0.754  0.574 -0.319
    35        p+             -3.979   -5.468  -32.831  -0.159 -0.548 -0.821   -0.592  0.719 -0.365    0.790  0.428 -0.439
    36        p+             -7.568   -3.661  -35.807  -0.633  0.554  0.541   -0.479  0.269 -0.836   -0.608 -0.788  0.094
    37        p+            -10.342   -3.706  -39.966  -0.261  0.783 -0.565   -0.249 -0.620 -0.744   -0.933 -0.053  0.357
    38        p+            -11.055   -4.946  -44.757  -0.533  0.697 -0.479   -0.375  0.313  0.872    0.759  0.645  0.095
    39        p+            -13.686   -8.743  -46.669  -0.775 -0.610 -0.167   -0.166  0.452 -0.877    0.610 -0.651 -0.451
    40        p+            -16.877  -11.562  -44.048  -0.055 -0.603 -0.796    0.981  0.116 -0.156    0.186 -0.789  0.585
    41        p+            -21.651  -12.500  -42.893  -0.769 -0.403 -0.496    0.312  0.441 -0.842    0.558 -0.802 -0.213
    42        p+             12.996   11.962   20.421  -0.267  0.264  0.927    0.339  0.926 -0.166   -0.902  0.270 -0.337
    43        p+             17.002    9.241   21.665   0.112  0.953  0.282    0.136  0.267 -0.954   -0.984  0.145 -0.100
    44        p+             18.498    6.528   25.590   0.773  0.328 -0.543    0.385  0.438  0.812    0.504 -0.837  0.212
    45        p+             18.848    2.297   28.232  -0.672  0.514 -0.533    0.733  0.564 -0.381    0.105 -0.647 -0.755
    46        p+             16.375   -1.729   29.869  -0.770 -0.511 -0.383    0.074 -0.667  0.742   -0.634  0.543  0.551
    47        p+             12.431   -4.665   30.776   0.360 -0.637 -0.682    0.205 -0.659  0.724   -0.910 -0.400 -0.106
    48        p+             10.752   -7.908   27.361  -0.327 -0.713  0.620   -0.809 -0.128 -0.574    0.488 -0.690 -0.535
    49        p+              8.226  -12.190   27.901   0.725 -0.004  0.689    0.589  0.522 -0.616   -0.357  0.853  0.381
    50        p+              9.449  -17.032   28.143   0.527  0.583 -0.618   -0.225 -0.605 -0.763   -0.820  0.541 -0.187
    51        p+             11.796  -19.935   24.817  -0.829  0.152  0.538   -0.550 -0.403 -0.732    0.105 -0.903  0.417
    52        p+              7.913  -13.419   22.053  -0.768 -0.582  0.267    0.057  0.353  0.934   -0.637  0.733 -0.238
    53        p+              4.665  -15.542   25.207   0.947  0.079  0.310    0.293  0.171 -0.941   -0.127  0.982  0.139
    54        p+              4.400  -14.162   30.005  -0.041  0.657  0.752   -0.595  0.589 -0.547   -0.803 -0.470  0.367
    55        p+              3.172  -16.581   34.206  -0.680  0.572 -0.459    0.436 -0.187 -0.880   -0.589 -0.799 -0.122
    56        p+              0.081  -20.370   35.251  -0.932 -0.031 -0.361    0.312  0.434 -0.845    0.183 -0.900 -0.395
    57        p+             -3.993  -21.777   37.784   0.669  0.438 -0.600   -0.701  0.105 -0.705   -0.246  0.893  0.378
    58        p+             -5.070  -22.803   42.558  -0.928  0.369  0.052   -0.026  0.077 -0.997   -0.372 -0.926 -0.062
    59        p+             -7.231  -27.016   44.166  -0.315 -0.095  0.944    0.631 -0.765  0.134    0.709  0.638  0.301
    60        p+             -9.126  -31.490   45.345  -0.763  0.326  0.558   -0.067  0.819 -0.570   -0.643 -0.472 -0.603
    61        p+             -7.841  -34.408   49.196  -0.671  0.635 -0.382    0.290 -0.250 -0.924   -0.682 -0.731 -0.016
    62        p+            -16.816  -11.973   17.402  -0.742 -0.644  0.188    0.422 -0.666 -0.615    0.521 -0.377  0.766
    63        p+            -20.116   -9.740   20.423   0.699  0.469  0.539   -0.694  0.626  0.355   -0.171 -0.623  0.764
    64        p+            -23.519   -8.191   23.742  -0.391 -0.873 -0.293   -0.150 -0.254  0.955   -0.908  0.417 -0.031
    65        p+            -23.998   -5.099   27.643  -0.351  0.683 -0.641   -0.443  0.483  0.756    0.825  0.549  0.133
    66        p+            -21.458   -4.955   31.947   0.310  0.893  0.326   -0.148  0.384 -0.912   -0.939  0.234  0.251
    67        p+            -18.110   -6.370   35.381  -0.158  0.364  0.918   -0.689 -0.706  0.162    0.707 -0.607  0.363
    68        p+            -13.761   -8.552   36.533   0.622  0.718  0.313   -0.741  0.669 -0.062   -0.254 -0.193  0.948
    69        p+            -11.621  -10.946   40.366   0.858  0.466  0.214    0.177  0.122 -0.977   -0.482  0.876  0.022
    70        p+             -6.767  -12.140   40.270  -0.493 -0.858 -0.140   -0.182  0.260 -0.948    0.851 -0.443 -0.284
    71        p+             -3.870  -14.372   43.679   0.320  0.623 -0.713    0.084 -0.769 -0.634   -0.944  0.143 -0.298
    72        p+            -14.478   22.131   -5.442  -0.831  0.321 -0.454    0.323 -0.384 -0.865   -0.452 -0.865  0.216
    73        p+            -14.837   24.522   -9.818  -0.457  0.200  0.866   -0.696  0.525 -0.489   -0.553 -0.827 -0.101
    74        p+            -12.883   29.079  -10.465  -0.698 -0.544 -0.466   -0.610  0.792 -0.011    0.375  0.276 -0.885
    75        p+            -10.788   32.885   -7.990  -0.883  0.039  0.469    0.464 -0.092  0.881    0.078  0.995  0.063
    76        p+             -7.839   33.160   -3.962   0.768 -0.194 -0.611    0.623  0.002  0.783   -0.151 -0.981  0.122
    77        p+             -9.602   31.939    0.555   0.945 -0.326 -0.030   -0.300 -0.829 -0.472    0.129  0.455 -0.881
    78        p+            -14.104   32.883    2.514  -0.315 -0.703 -0.638   -0.571 -0.396  0.719   -0.758  0.591 -0.276
    79        p+            -17.541   34.171    5.910  -0.117  0.566 -0.816   -0.658 -0.659 -0.363   -0.744  0.495  0.450
    80        p+            -20.266   38.056    7.483  -0.288 -0.817 -0.500   -0.949  0.311  0.039    0.124  0.486 -0.865
    81        p+            -18.458   42.345    9.308   0.214  0.642 -0.736    0.767 -0.577 -0.281   -0.606 -0.504 -0.616
    82        p+              7.083  -25.839    3.346  -0.481 -0.313 -0.819    0.690 -0.711 -0.134   -0.541 -0.630  0.558
    83        p+              8.723  -25.993   -1.375   0.174 -0.554  0.814   -0.943  0.144  0.300   -0.283 -0.820 -0.497
    84        p+              7.051  -25.571   -6.068  -0.472  0.508  0.720   -0.870 -0.141 -0.472   -0.139 -0.850  0.509
    85        p+              4.065  -28.741   -8.524  -0.775  0.566  0.281   -0.196  0.207 -0.959   -0.601 -0.798 -0.050
    86        p+             -0.774  -29.682   -9.361  -0.664 -0.594  0.455   -0.663  0.186 -0.725    0.346 -0.783 -0.517
    87        p+             -5.757  -29.293   -9.218  -0.471  0.580  0.664    0.609  0.759 -0.231   -0.638  0.296 -0.711
    88        p+             -9.277  -32.555  -10.622  -0.448  0.294 -0.844   -0.535  0.668  0.517    0.716  0.684 -0.142
    89        p+            -10.265  -36.308  -13.775  -0.081 -0.399  0.913    0.984 -0.179  0.009    0.160  0.899  0.407
    90        p+            -13.376  -39.453  -16.105  -0.068 -0.998  0.010   -0.003  0.011  1.000   -0.998  0.067 -0.004
    91        p+            -18.022  -39.089  -17.916   0.836  0.511 -0.202   -0.475  0.487 -0.733   -0.276  0.709  0.650
    92        p+            -26.500    4.007   -3.267  -0.756  0.572 -0.318    0.448  0.099 -0.888   -0.476 -0.814 -0.332
    93        p+            -31.302    4.612   -2.012  -0.271  0.902  0.336    0.036 -0.340  0.940    0.962  0.267  0.060
    94        p+            -35.800    2.514   -1.406  -0.688  0.433  0.583   -0.031  0.784 -0.620   -0.725 -0.444 -0.526
    95        p+            -40.537    2.859   -2.968   0.711 -0.205  0.673   -0.315 -0.948  0.044    0.629 -0.243 -0.739
    96        p+            -45.387    2.572   -4.151  -0.554 -0.717  0.423   -0.174 -0.398 -0.901    0.814 -0.573  0.095
    97        p+            -49.990    1.519   -5.793   0.383 -0.506  0.773    0.668  0.730  0.147   -0.638  0.460  0.617
    98        p+            -53.771   -1.173   -3.933   0.244  0.118 -0.963    0.436  0.873  0.217    0.866 -0.473  0.161
    99        p+            -54.597   -3.331    0.501  -0.044 -0.685  0.727    0.468 -0.657 -0.591    0.883  0.314  0.350
   100        p+            -52.002   -3.441    4.773  -0.746  0.242 -0.620   -0.415 -0.898  0.149   -0.520  0.369  0.770
   101        p+            -48.705   -1.459    7.967  -0.975  0.203 -0.087   -0.110 -0.105  0.988    0.192  0.973  0.124
   102        p+             25.487    6.867    5.679  -0.591 -0.364 -0.720    0.731 -0.619 -0.287   -0.342 -0.696  0.632
   103        p+             27.522   11.427    5.926   0.616 -0.200  0.762   -0.198 -0.975 -0.095    0.762 -0.093 -0.640
   104        p+             32.139   13.014    4.844  -0.383  0.564 -0.731   -0.583  0.466  0.666    0.717  0.681  0.150
   105        p+             32.893   16.742    1.598  -0.972  0.217 -0.095    0.042 -0.237 -0.971   -0.233 -0.947  0.221
   106        p+             32.935   21.342   -0.362   0.688 -0.725  0.030    0.081  0.118  0.990   -0.721 -0.678  0.140
   107        p+             32.074   26.257   -0.667   0.794  0.247  0.556    0.225 -0.968  0.108    0.565  0.039 -0.824
   108        p+             28.804   29.232   -3.003   0.818  0.374  0.437    0.294  0.380 -0.877   -0.494  0.846  0.201
   109        p+             28.389   31.966   -7.169  -0.449  0.353  0.821   -0.717 -0.690 -0.096    0.533 -0.632  0.563
   110        p+             25.263   34.540  -10.102   0.841 -0.338  0.421   -0.518 -0.282  0.808   -0.154 -0.898 -0.412
   111        p+             25.078   37.851  -13.844   0.725  0.100  0.681    0.679  0.064 -0.732   -0.117  0.993 -0.022
   112        p+             11.536   24.411   -0.235  -0.074  0.622  0.780   -0.119 -0.782  0.612    0.990 -0.047  0.132
   113        p+              8.262   26.752   -3.201  -0.978 -0.089 -0.189    0.138 -0.956 -0.260   -0.158 -0.280  0.947
   114        p+              5.073   30.567   -2.675   0.480 -0.382 -0.790   -0.730 -0.673 -0.118   -0.487  0.633 -0.602
   115        p+              3.197   35.142   -3.415  -0.500 -0.189  0.845   -0.845 -0.109 -0.524    0.191 -0.976 -0.106
   116        p+              0.560   36.627   -7.395  -0.059 -0.997 -0.046    0.082  0.041 -0.996    0.995 -0.063  0.079
   117        p+             -1.464   40.405   -9.970  -0.515  0.751 -0.414   -0.684 -0.068  0.726    0.517  0.657  0.549
   118        p+             -5.746   42.351  -11.666  -0.639 -0.716 -0.279   -0.364 -0.038  0.931   -0.677  0.697 -0.237
   119        p+             -9.779   45.218  -10.948  -0.280 -0.901  0.331   -0.831  0.055 -0.553    0.480 -0.430 -0.765
   120        p+            -13.136   45.563   -7.258   0.604 -0.318 -0.731   -0.282 -0.943  0.177   -0.745  0.100 -0.659
   121        p+            -14.626   42.309   -3.766   0.480  0.868  0.125   -0.109 -0.082  0.991    0.870 -0.489  0.056
   122        p+              1.874   19.174  -18.917  -0.642  0.673 -0.368   -0.472 -0.725 -0.502   -0.605 -0.149  0.782
   123        p+             -1.133   22.859  -17.375  -0.872  0.267  0.411    0.489  0.532  0.691   -0.034  0.803 -0.594
   124        p+             -4.254   26.633  -16.369   0.777 -0.405  0.481   -0.560 -0.793  0.238    0.286 -0.455 -0.844
   125        p+             -4.657   31.139  -18.499   0.162  0.784 -0.600   -0.416 -0.497 -0.762   -0.895  0.373  0.246
   126        p+             -1.959   35.237  -17.539   0.952  0.268  0.147   -0.178  0.096  0.979    0.248 -0.959  0.139
   127        p+             -2.882   38.517  -13.880   0.525 -0.109 -0.844   -0.310  0.899 -0.309    0.792  0.424  0.438
   128        p+             -5.140   37.225   -9.609   0.134 -0.900 -0.415    0.793  0.348 -0.499    0.594 -0.262  0.761
   129        p+             -6.553   39.648   -5.470  -0.936  0.144 -0.322   -0.228  0.448  0.864    0.269  0.882 -0.387
   130        p+             -4.856   44.253   -4.515  -0.674 -0.703  0.228    0.226  0.097  0.969   -0.703  0.705  0.093
   131        p+             -0.555   46.396   -5.897  -0.392 -0.915  0.100    0.083  0.073  0.994   -0.916  0.398  0.047
   132        p+            -21.060    8.111   14.823   0.028  0.998 -0.052   -0.347  0.058  0.936    0.937 -0.008  0.348
   133        p+            -22.177   12.416   17.107  -0.650 -0.741 -0.165    0.699 -0.499 -0.512    0.297 -0.449  0.843
   134        p+            -22.269   15.939   20.654   0.599  0.495  0.629   -0.514 -0.365  0.776    0.614 -0.788  0.036
   135        p+            -22.165   15.924   25.653   0.633  0.126  0.764    0.527 -0.793 -0.306    0.567  0.596 -0.569
   136        p+            -19.747   15.837   30.028  -0.959  0.240  0.150   -0.142  0.050 -0.989   -0.245 -0.969 -0.014
   137        p+            -15.936   13.387   32.144  -0.184 -0.733 -0.654   -0.739  0.542 -0.400    0.649  0.410 -0.641
   138        p+            -12.822   10.084   34.240   0.381 -0.409  0.829   -0.917 -0.057  0.394   -0.114 -0.911 -0.397
   139        p+             -8.089    9.140   32.933  -0.566 -0.596  0.569    0.403  0.402  0.822   -0.719  0.695  0.013
   140        p+             -5.357    5.015   33.657  -0.683  0.706  0.190    0.725  0.621  0.298    0.092  0.341 -0.935
   141        p+             -1.080    4.541   36.202   0.200  0.703  0.682   -0.757  0.553 -0.349   -0.622 -0.447  0.643
   142        p+             -3.935    2.360   26.607  -0.296 -0.833 -0.467    0.297  0.384 -0.874    0.908 -0.397  0.134
   143        p+             -0.476    0.090   29.415   0.237  0.909 -0.342   -0.207  0.392  0.897    0.949 -0.141  0.281
   144        p+              3.939   -0.464   31.695   0.535 -0.353  0.768    0.726 -0.272 -0.632    0.432  0.895  0.110
   145        p+              7.629    2.691   32.892   0.766 -0.394  0.508    0.639  0.375 -0.672    0.074  0.839  0.539
   146        p+             12.277    3.102   34.690  -0.589 -0.414  0.694    0.805 -0.383  0.454    0.078  0.826  0.559
   147        p+             14.505    4.601   38.907   0.540  0.026  0.841    0.748 -0.474 -0.465    0.387  0.880 -0.275
   148        p+             17.798    8.000   40.520   0.248 -0.283 -0.926    0.185 -0.925  0.332   -0.951 -0.254 -0.177
   149        p+             18.424    9.797   45.143  -0.658  0.360 -0.661    0.667 -0.126 -0.734   -0.348 -0.924 -0.157
   150        p+             18.613    7.163   49.389  -0.878 -0.271 -0.395    0.272  0.398 -0.876    0.395 -0.876 -0.275
   151        p+             22.076    5.717   52.694  -0.933 -0.269  0.239   -0.325  0.343 -0.881    0.155 -0.900 -0.408
   152        p+             18.962  -13.266  -13.909   0.722 -0.519  0.458    0.658  0.309 -0.687    0.215  0.797  0.564
   153        p+             22.914  -15.965  -12.461  -0.299  0.934  0.194   -0.102 -0.233  0.967    0.949  0.269  0.165
   154        p+             23.302  -18.016   -7.917  -0.270 -0.212 -0.939   -0.790  0.606  0.091    0.550  0.767 -0.331
   155        p+             19.657  -18.367   -4.513  -0.264 -0.396  0.879   -0.485 -0.734 -0.476    0.834 -0.552  0.002
   156        p+             19.017  -21.495   -0.665   0.672 -0.723  0.160   -0.182  0.048  0.982   -0.717 -0.690 -0.099
   157        p+             19.611  -26.460   -0.598  -0.551  0.639  0.538   -0.539  0.220 -0.813   -0.638 -0.737  0.223
   158        p+             19.721  -30.146   -3.974   0.985 -0.168  0.047    0.041 -0.041 -0.998    0.170  0.985 -0.033
   159        p+             23.095  -33.048   -6.254  -0.730  0.610  0.309   -0.268  0.161 -0.950   -0.629 -0.776  0.046
   160        p+             25.652  -33.252  -10.546  -0.246 -0.889 -0.385    0.559  0.194 -0.806    0.792 -0.414  0.449
   161        p+             28.683  -32.135  -14.361  -0.729  0.512 -0.454   -0.150  0.529  0.836    0.668  0.677 -0.309
   162        p+             -1.742  -20.185  -17.847   0.916  0.094 -0.390   -0.393  0.406 -0.825    0.080  0.909  0.409
   163        p+             -3.705  -23.017  -14.224  -0.710  0.117 -0.695   -0.589 -0.640  0.494   -0.386  0.760  0.523
   164        p+             -4.175  -27.966  -14.762   0.370  0.908 -0.199   -0.147 -0.154 -0.977   -0.917  0.390  0.077
   165        p+             -1.578  -30.742  -18.009  -0.702  0.208  0.681    0.216 -0.849  0.482    0.679  0.485  0.551
   166        p+             -3.817  -34.116  -20.942   0.198 -0.736  0.648   -0.726  0.334  0.602   -0.659 -0.589 -0.468
   167        p+             -8.619  -33.638  -22.251   0.599  0.192  0.777    0.514  0.652 -0.557   -0.614  0.733  0.292
   168        p+            -10.534  -35.064  -26.644   0.467 -0.462 -0.754   -0.881 -0.317 -0.351   -0.077  0.828 -0.555
   169        p+            -14.602  -37.836  -27.519  -0.907 -0.332 -0.260   -0.034  0.672 -0.739    0.421 -0.661 -0.621
   170        p+            -19.312  -36.174  -27.746   0.861  0.482  0.163   -0.111 -0.133  0.985    0.496 -0.866 -0.061
   171        p+            -21.470  -35.108  -32.128   0.917 -0.374 -0.138   -0.285 -0.375 -0.882    0.278  0.848 -0.451
   172        p+            -13.885    4.299  -22.753  -0.876  0.301 -0.376   -0.216 -0.943 -0.252   -0.431 -0.140  0.892
   173        p+            -16.513    8.482  -23.526  -0.449 -0.882 -0.144    0.753 -0.460  0.471   -0.481  0.103  0.870
   174        p+            -19.911   12.116  -24.022   0.466 -0.781 -0.416   -0.630 -0.622  0.464   -0.622  0.046 -0.782
   175        p+            -23.725   14.633  -21.992   0.734 -0.293  0.613    0.559 -0.252 -0.790    0.386  0.922 -0.021
   176        p+            -26.759   17.684  -19.446  -0.057  0.704  0.708    0.422  0.660 -0.622   -0.905  0.263 -0.334
   177        p+            -30.149   15.991  -16.184   0.158  0.248 -0.956    0.671  0.683  0.288    0.724 -0.687 -0.059
   178        p+            -33.545   15.477  -12.550  -0.461  0.660  0.594   -0.797 -0.602  0.051    0.391 -0.450  0.803
   179        p+            -37.122   11.986  -12.679  -0.704  0.002  0.710   -0.595 -0.547 -0.589    0.387 -0.837  0.386
   180        p+            -40.682    9.869   -9.879  -0.559  0.595 -0.577   -0.766 -0.103  0.635    0.319  0.797  0.513
   181        p+            -43.918    6.244   -8.699   0.694  0.057 -0.718   -0.619  0.556 -0.555    0.367  0.830  0.421
   182        p+             22.932  -12.352    7.110   0.068 -0.966 -0.250   -0.979 -0.016 -0.203    0.192  0.259 -0.947
   183        p+             24.481   -9.016   10.497  -0.057 -0.779  0.625   -0.098  0.627  0.773   -0.994 -0.017 -0.112
   184        p+             23.633   -5.766   14.202  -0.450  0.800  0.398   -0.291 -0.553  0.781    0.844  0.235  0.482
   185        p+             23.967   -6.867   19.067   0.728 -0.585 -0.358   -0.381  0.089 -0.920    0.571  0.806 -0.158
   186        p+             27.281   -9.895   21.270  -0.209 -0.594 -0.776    0.828 -0.530  0.182   -0.519 -0.605  0.603
   187        p+             25.736  -13.625   24.220  -0.934  0.351 -0.060    0.050 -0.036 -0.998   -0.352 -0.936  0.016
   188        p+             27.512  -15.804   28.355   0.538  0.821 -0.189    0.118  0.148  0.982    0.835 -0.551 -0.017
   189        p+             31.451  -18.454   29.924  -0.017 -0.943  0.333    0.792  0.191  0.580   -0.610  0.274  0.743
   190        p+             34.058  -16.950   33.917   0.121 -0.697 -0.707    0.766 -0.387  0.513   -0.631 -0.604  0.487
   191        p+             35.964  -14.029   37.499   0.955 -0.218 -0.199    0.175 -0.127  0.976   -0.239 -0.967 -0.084
   192        p+             21.225    8.552  -14.331  -0.115 -0.639  0.760   -0.909  0.377  0.179   -0.401 -0.671 -0.624
   193        p+             26.224    8.500  -14.354   0.268  0.796 -0.542    0.316  0.459  0.831    0.910 -0.394 -0.128
   194        p+             29.708   10.711  -17.178   0.943 -0.267 -0.198    0.205  0.001  0.979   -0.262 -0.964  0.056
   195        p+             33.659   11.964  -19.975   0.674 -0.576  0.463   -0.684 -0.723  0.095    0.280 -0.381 -0.881
   196        p+             36.494    8.587  -22.333  -0.498  0.631 -0.595   -0.530 -0.764 -0.367   -0.686  0.132  0.715
   197        p+             40.211    5.588  -20.852   0.152 -0.609 -0.779    0.244  0.786 -0.567    0.958 -0.104  0.268
   198        p+             43.315    3.377  -17.616   0.583  0.056 -0.811   -0.734  0.465 -0.495    0.349  0.884  0.312
   199        p+             47.636    1.309  -16.183  -0.844 -0.356 -0.400    0.499 -0.250 -0.830    0.195 -0.900  0.389
   200        p+             52.547    0.583  -15.583  -0.644 -0.122  0.755   -0.556 -0.604 -0.571    0.526 -0.788  0.322
   201        p+             56.166    1.304  -12.211   0.871  0.423  0.251   -0.377  0.247  0.892    0.316 -0.872  0.375
