**************************************************************************************************************
**************************************************************************************************************
**                                                                                                          **
**                                                                                                          **
**                                                  Molsim                                                  **
**                                                                                                          **
**                  integrated md/mc/bd simulation program belonging to the molsim package                  **
**                                                                                                          **
**                                          version 6.4.7, v2.0.0                                           **
**                                                                                                          **
**                                                                                                          **
**                                                Per Linse                                                 **
**                                            Physical Chemistry                                            **
**                                         Department of Chemistry                                          **
**                                             Lund University                                              **
**                                               P.O. Box 124                                               **
**                                          S-221 00 Lund, SWEDEN                                           **
**                                                                                                          **
**                                                                                                          **
**                                         with contributions from                                          **
**                                                                                                          **
**                  Anna Akinchina, Fredrik Carlsson, Samuel Edgecombe, Yoshikatsu Hayashi                  **
**          Pascal Hebbeker, Cornelius Hofzumahaus, Niklas Källrot, Björn Linse, Vladimir Lobaskin          **
**               Thomas M. Nymand, Alberto Pais, Jurij Rescic, Stefanie Schneider, Marie Skepö              **
**          Joakim Stenhammar, Anders Wallqvist, Jos van Rijssel, Erik Wernersson, Per-Olof Åstrand         **
**                                                                                                          **
**                                                                                                          **
**************************************************************************************************************
**************************************************************************************************************
 
2016-11-14     12:24:05

**************************************************************************************************************
*                                                                                                            *
*                                            i n p u t   d a t a                                             *
*                                                                                                            *
**************************************************************************************************************


**************************************************************************************************************
*                                            general information                                             *
**************************************************************************************************************


title   : 10 spheres with diblock brush                                                             

key data: mode           : simulation
          method         : mc   
          ensemble       : nvt
          boundary cond. : xyz
          start          : setconf 


number of time steps/passes           1  *         1  =          1

temperature                    =     298.000
pressure                       =       0.101
box lengths (x,y,z)            =     600.000     600.000     600.000
volume                         =   0.216E+09

seed of random generator       =           1

optional subroutine used
------------------------
   ControlAver
   MainAver
   DistFunc
   Group
   Static

parameters controlling the output interval (0 = no)
-------------------------------------------------
   itest              0
   ipart            100
   iatom              0
   iaver              0
   ishow              1
   iplot              1
   ilist              1

external units
--------------
number        generic name        file name
------        ------------        ---------
   1               fin            FIN       
   2               fout           FOUT      
   3               fcnf           FCNF      
   8               flist          FLIST     

**************************************************************************************************************
*                                                   units                                                    *
**************************************************************************************************************

quantity                unit
--------                ----
length              1.000E-10 m
mass                1.000E-03 kg/mol
temperature         1.000E+00 k
time                1.000E-12 s
energy              1.000E+03 j/mol
heat capacity       1.000E+00 j/mol*k
diff. coeff.        1.000E-09 m**2/s
pressure            1.000E+06 pa
volume              1.000E-30 m**3
linear vel.         1.000E+02 m/s
linear acc.         1.000E+14 m/s**2
force               1.000E+11 n/mol
moment of inertia   1.000E-23 kg*m**2/mol
angle               1.745E-02 rad

**************************************************************************************************************
*                                               particle data                                                *
**************************************************************************************************************

charged atoms enabled

number of chains               =     200
number of particles            =    5010
number of atoms                =    5010
number of chains types         =       1     (     10 )
number of particle types       =       4     (     10 )
number of atom types           =       4     (     10 )

chain type         no of chains             topology  npptct(1,ict)  npptct(2,ict)  npptct(3,ict)  npptct(4,ict)
----------         ------------             --------  -------------  -------------  -------------  -------------
diblock              200                    block         0            10            10             0

particle       no        atom     no     mass    hard core    no of unit   weak      pK        sigma    epsilon  zatalpha
                                                 radius       charges      charge                              
--------       --        ----     --     ----    ---------    ----------   ------    --        -----    -------  --------
sph            10
                         sph      1      1.000   25.000        0.0000        F      0.0000     0.0000    0.0000    0.0000
p+           2000
                         p+       1      1.000    2.000        0.0000        F      0.0000     0.0000    0.0000    0.0000
p-           2000
                         p-       1      1.000    2.000       -0.5000        F      0.0000     0.0000    0.0000    0.0000
i+           1000
                         i+       1      1.000    2.000        1.0000        F      0.0000     0.0000    0.0000    0.0000

molecular input frame: sph       
---------------------- ---

atom               coordinate (x,y,z)
----               ------------------
sph          0.00000   0.00000   0.00000

principal axis frame: sph       
--------------------- ---

atom               coordinate (x,y,z)
----               ------------------
sph          0.00000   0.00000   0.00000

molecular input frame: p+        
---------------------- --

atom               coordinate (x,y,z)
----               ------------------
p+           0.00000   0.00000   0.00000

principal axis frame: p+        
--------------------- --

atom               coordinate (x,y,z)
----               ------------------
p+           0.00000   0.00000   0.00000

molecular input frame: p-        
---------------------- --

atom               coordinate (x,y,z)
----               ------------------
p-           0.00000   0.00000   0.00000

principal axis frame: p-        
--------------------- --

atom               coordinate (x,y,z)
----               ------------------
p-           0.00000   0.00000   0.00000

molecular input frame: i+        
---------------------- --

atom               coordinate (x,y,z)
----               ------------------
i+           0.00000   0.00000   0.00000

principal axis frame: i+        
--------------------- --

atom               coordinate (x,y,z)
----               ------------------
i+           0.00000   0.00000   0.00000

particle             mass           moment of inertia (x,y,z)        maximal atom-com distance
--------             ----           -------------------------        -------------------------
sph                 1.000          0.000     0.000     0.000             0.000
p+                  1.000          0.000     0.000     0.000             0.000
p-                  1.000          0.000     0.000     0.000             0.000
i+                  1.000          0.000     0.000     0.000             0.000

**************************************************************************************************************
*                                          two-body potential data                                           *
**************************************************************************************************************

rcut                           =     120.000
utoltab                        =   0.100E-04
ftoltab                        =   0.100E-04
umaxtab                        =   0.200E+05
fmaxtab                        =   0.200E+05

monoatomic energy and force routines

relative permittivity          =   78.400000

system net charge based on zat =    0.00    

parameters controlling the ewald summation
------------------------------------------
txewaldrec                     =              std
iewaldopt                      =                1
uewaldtol                      =      0.38345E-07
error estimate in real space   =      0.38345E-07
error estimate in rec. space   =      0.37624E-07
ualpha                         =      0.25000E-01
ualphared                      =       3.0000    
ncut                           =               17
ncut2                          =              289
ncutregion                     =           sphere
nkvec (one octant)             =             2910
surface term                   =                F

particle pair              potential
-------------              ---------
sph-sph                      default             
sph-p+                       default             
sph-p-                       default             
sph-i+                       default             
p+-p+                        default             
p+-p-                        default             
p+-i+                        default             
p--p-                        default             
p--i+                        default             
i+-i+                        default             

atom pair         energy coefficients (ipot and ucoff)
---------         ------------------------------------
sph-sph                1  0.000000E+00
sph-p+                 1  0.000000E+00
sph-p-                 1  0.000000E+00
sph-i+                 1  0.000000E+00
p+-p+                  1  0.000000E+00
p+-p-                  1  0.000000E+00
p+-i+                  1  0.000000E+00
p--p-                  1  0.443034E+01
p--i+                  1 -0.886068E+01
i+-i+                  1  0.177214E+02

number of 1/r coefficients than has been changed/added based on zat = 10

specification of two-body potential tables
------------------------------------------
atom pair          no of grids         iubuflow       rumin     rumax
---------          -----------         --------       -----     -----
sph-sph                3                   1          0.316   132.000
sph-p+                 3                  37          0.316   132.000
sph-p-                 3                  73          0.316   132.000
sph-i+                 3                 109          0.316   132.000
p+-p+                  3                 145          0.316   132.000
p+-p-                  3                 181          0.316   132.000
p+-i+                  3                 217          0.316   132.000
p--p-                 51                 253          0.316   132.000
p--i+                 58                 865          0.316   132.000
i+-i+                 66                1561          0.316   132.000

nbuf (needed, allocated)        =       2353      3000

**************************************************************************************************************
*                                               ipotchain data                                               *
**************************************************************************************************************

bond: force constant           =         2.40880
bond: power                    =               2
bond: eqilibrium separation    =         5.00000
angle: force constant          =         0.00000
angle: power                   =               2
angle: eqilibrium separation   =       180.00000
itestpotchain                  =               0

**************************************************************************************************************
*                                         initial configuration data                                         *
**************************************************************************************************************

start configuration from SetConfiguration
-----------------------------------------
part. type    routine          no of unit cells (x,y,z)     lower (x,y,z)      upper (x,y,z)      shift (x,y,z)
----------    -------          ------------------------     -------------      -------------      -------------
 1  sph       fcclattice              2    2    2        -300.0-300.0-300.0  300.0 300.0 300.0    0.0   0.0   0.0
 2  p+        sphbrushlattice         0    0    0        -300.0-300.0-300.0  300.0 300.0 300.0    0.0   0.0   0.0
 3  p-        sphbrushlattice         0    0    0        -300.0-300.0-300.0  300.0 300.0 300.0    0.0   0.0   0.0
 4  i+        random                  0    0    0        -300.0-300.0-300.0  300.0 300.0 300.0    0.0   0.0   0.0

bond length scaling factor              =      1.000
minimum angle between consecutive beads =      0.000

first macrostep                =      1

**************************************************************************************************************
*                                                coordinates                                                 *
**************************************************************************************************************


particle coordinates
--------------------
particle no   particle type       com (x,y,z)              x'-axis (x,y,z)        y'-axis (x,y,z)        z'-axis (x,y,z)
-----------   -------------       -----------              ---------------        ---------------        ---------------
     1        sph          -300.000 -300.000 -300.000   1.000  0.000  0.000    0.000  1.000  0.000    0.000  0.000  1.000
   101        p+             -4.736 -127.190 -136.351  -0.756  0.572 -0.318    0.448  0.099 -0.888   -0.476 -0.814 -0.332
   201        p+            -20.833 -162.716 -161.544  -0.115 -0.639  0.760   -0.909  0.377  0.179   -0.401 -0.671 -0.624
   301        p+            -12.574 -173.647 -146.576   0.133  0.983  0.125    0.225 -0.153  0.962    0.965 -0.100 -0.242
   401        p+              5.887 -151.450 -176.310   0.102  0.973 -0.207    0.193 -0.224 -0.955   -0.976  0.058 -0.210
   501        p+             12.996 -138.038 -129.579  -0.213 -0.879 -0.426   -0.469  0.474 -0.745    0.857  0.041 -0.514
   601        p+              7.913 -163.419 -127.947  -0.650 -0.741 -0.165    0.699 -0.499 -0.512    0.297 -0.449  0.843
   701        p+            -16.816 -161.973 -132.598   0.189 -0.152  0.970    0.981 -0.010 -0.192    0.039  0.988  0.147
   801        p+            -14.478 -127.869 -155.442  -0.759  0.170  0.628    0.444 -0.570  0.691    0.475  0.804  0.357
   901        p+              7.083 -175.839 -146.654   0.756 -0.041  0.653    0.541 -0.523 -0.659    0.368  0.851 -0.373
  1001        p+            -26.500 -145.993 -153.267   0.828  0.456 -0.326    0.227  0.258  0.939    0.512 -0.852  0.110
  1101        p+             25.487 -143.133 -144.321   0.231  0.949 -0.215   -0.754  0.314  0.577    0.615  0.029  0.788
  1201        p+             11.536 -125.589 -150.235   0.554  0.704 -0.445   -0.296  0.666  0.685    0.778 -0.248  0.577
  1301        p+              1.874 -130.826 -168.917  -0.570 -0.597  0.564    0.372  0.424  0.826   -0.732  0.681 -0.019
  1401        p+            -21.060 -141.889 -135.177   0.098 -0.760  0.642    0.039 -0.642 -0.766    0.994  0.100 -0.033
  1501        p+             -3.935 -147.640 -123.393   0.106  0.411 -0.906   -0.626  0.735  0.260    0.773  0.539  0.335
  1601        p+             18.962 -163.266 -163.909  -0.680  0.572 -0.459    0.436 -0.187 -0.880   -0.589 -0.799 -0.122
  1701        p+             -1.742 -170.185 -167.847   0.610  0.040  0.792    0.418  0.832 -0.364   -0.673  0.553  0.490
  1801        p+            -13.885 -145.701 -172.753  -0.263 -0.789 -0.555    0.940 -0.338  0.036   -0.217 -0.512  0.831
  1901        p+             22.932 -162.352 -142.890  -0.347 -0.593 -0.727    0.507  0.533 -0.677    0.789 -0.604  0.116
  2001        p+             21.225 -141.448 -164.331   0.313 -0.690  0.653    0.084 -0.664 -0.743    0.946  0.287 -0.150
  2101        p-             -6.539 -124.814 -115.060  -0.869 -0.434 -0.236   -0.347  0.196  0.917   -0.352  0.879 -0.321
  2201        p-            -30.766 -156.962 -183.442  -0.284 -0.371 -0.884    0.541 -0.823  0.172   -0.792 -0.429  0.435
  2301        p-            -26.933 -196.695 -139.728  -0.241 -0.963 -0.124    0.002  0.127 -0.992    0.970 -0.240 -0.029
  2401        p-             18.534 -132.075 -167.815   0.769 -0.561 -0.308   -0.126  0.340 -0.932    0.627  0.755  0.190
  2501        p-              4.369 -144.698 -121.536  -0.674  0.734 -0.079   -0.059  0.053  0.997    0.736  0.677  0.007
  2601        p-             11.898 -170.218 -132.953   0.947 -0.164 -0.278    0.284  0.018  0.959   -0.152 -0.986  0.063
  2701        p-            -34.864 -156.125 -134.433   0.090 -0.457 -0.885    0.857 -0.417  0.302   -0.507 -0.786  0.354
  2801        p-             -7.635 -103.216 -153.038  -0.595  0.559  0.577   -0.804 -0.398 -0.443   -0.018 -0.728  0.686
  2901        p-              4.006 -169.700 -127.288  -0.666 -0.558 -0.495   -0.373 -0.325  0.869   -0.646  0.764  0.008
  3001        p-            -35.310 -163.127 -140.191  -0.065 -0.982 -0.177    0.004  0.177 -0.984    0.998 -0.065 -0.007
  3101        p-             24.653 -143.135 -139.602  -0.562  0.517 -0.646    0.723  0.687 -0.080    0.403 -0.512 -0.759
  3201        p-             -5.369 -113.705 -136.515   0.495  0.179 -0.850   -0.766 -0.372 -0.524   -0.410  0.911 -0.047
  3301        p-             13.290 -123.811 -179.980   0.521 -0.841  0.145   -0.428 -0.111  0.897   -0.738 -0.529 -0.418
  3401        p-            -23.880 -148.942 -116.123  -0.635  0.633  0.444    0.155 -0.458  0.875    0.757  0.624  0.193
  3501        p-              8.528 -127.840 -129.078  -0.181  0.387 -0.904    0.703  0.693  0.156    0.687 -0.608 -0.398
  3601        p-             29.326 -173.583 -142.511  -0.570  0.677 -0.465    0.699  0.697  0.158    0.431 -0.235 -0.871
  3701        p-            -20.641 -173.959 -164.993  -0.837 -0.519 -0.175   -0.389  0.338  0.857   -0.385  0.785 -0.484
  3801        p-            -24.038 -149.982 -187.639  -0.190  0.882  0.431    0.311  0.470 -0.826   -0.931 -0.024 -0.364
  3901        p-             32.343 -169.147 -130.593  -0.796 -0.333 -0.505   -0.560  0.088  0.824   -0.230  0.939 -0.256
  4001        p-             44.134 -149.979 -177.367  -0.763  0.494 -0.418   -0.059 -0.696 -0.716   -0.644 -0.522  0.560
  4101        i+            249.845  246.949   -3.055   0.462 -0.278 -0.842   -0.238  0.876 -0.420    0.854  0.395  0.338
  4201        i+            -74.673 -197.069  -65.955  -0.957  0.093 -0.275   -0.244  0.256  0.936    0.157  0.962 -0.222
  4301        i+           -288.586  221.415  283.378  -0.766 -0.633  0.116    0.068  0.099  0.993   -0.640  0.768 -0.032
  4401        i+           -285.318  -68.813  222.945  -0.342 -0.923  0.176   -0.141 -0.135 -0.981    0.929 -0.360 -0.084
  4501        i+           -148.967 -232.514  -26.943   0.543 -0.224 -0.809   -0.794  0.178 -0.582    0.275  0.958 -0.081
  4601        i+            144.331  -99.251   16.983  -0.080  0.631  0.771   -0.992  0.026 -0.124   -0.099 -0.775  0.624
  4701        i+             46.741  -76.496  170.136  -0.730 -0.627  0.273   -0.515  0.241 -0.822    0.450 -0.741 -0.499
  4801        i+            295.530 -184.575  143.953  -0.651  0.499  0.573    0.747  0.556  0.364   -0.137  0.665 -0.734
  4901        i+            106.069 -236.920 -230.152  -0.210  0.367  0.906    0.881  0.472  0.013   -0.423  0.801 -0.423
  5001        i+            -24.612  261.116 -193.345  -0.476  0.254  0.842    0.744  0.627  0.232   -0.469  0.737 -0.487

**************************************************************************************************************
*                                                  mc data                                                   *
**************************************************************************************************************

uniform sampling, random

single-particle move                   sph            p+             p-             i+        
-------------------                    ----------     ----------     ----------     ----------
probability                    =       0.000          0.909          0.909          1.000
tran. displacement parameter   =            0.000          5.000          5.000         10.000
rot. displacement parameter    =            0.000          0.000          0.000          0.000
 no displacement of first chain particle

pivot move                             sph            p+             p-             i+        
-------------------                    ----------     ----------     ----------     ----------
probability                    =       0.000          0.091          0.091          0.000
subchain to be rotated         =                           upper          upper               
rot. displacement parameter    =            0.000         90.000         90.000          0.000
auxillary displacement param.  =            0.000          0.000          0.000          0.000
pivot rotation mode            =       1

brush move                             sph            p+             p-             i+        
-------------------                    ----------     ----------     ----------     ----------
probability                    =       1.000          0.000          0.000          0.000
tran. displacement parameter   =           10.000          0.000          0.000          0.000
rot. displacement parameter    =           10.000          0.000          0.000          0.000
 cluster1 move                 =                T              F              F              F


 radius of primary cluster     =      80.000          0.000          0.000          0.000
 particle selection prob.      =            1.000          1.000          1.000          1.000

**************************************************************************************************************
*                                               neighbour list                                               *
**************************************************************************************************************

verlet list
linked lists used to make verlet list
automatic control of update frequency
layer thickness                =        40.000
factor used to calculate nneigh=         3.000
maximal number of neighbours   =          5009

**************************************************************************************************************
*                                          thermodynamic quantities                                          *
**************************************************************************************************************

quantity                            initial value
&-------                            -------------
total potential energy         =          2.79757
 total two-body energy         =          1.24440
  sph-sph                      =          0.00000
  sph-p+                       =          0.00000
  sph-p-                       =          0.00000
  sph-i+                       =          0.00000
  p+-p+                        =          0.00000
  p+-p-                        =          0.00000
  p+-i+                        =          0.00000
  p--p-                        =          1.25905
  p--i+                        =         -0.05605
  i+-i+                        =          0.04140
 pot. energy from rec. space   =          1.55317
 bond energy                   =          0.00000
 angle energy                  =          0.00000
enthalpy                       =          6.20779
temperature                    =        298.00000
pressure (excl. cont. contr.)  =          0.13135
number of particles            =       5010.00000
volume                         =      2.16000E+08

total potential energy (NkT)   =          1.12909
pressure (NkT/V)(excl. contact)=          1.37636
pressure (kT) (excl. contact)  =      3.19238E-05
 
total cpu time since start (s)        1.55

**************************************************************************************************************
*                                                                                                            *
*                              r e s u l t   o f   m a c r o s t e p         1                               *
*                                                                                                            *
**************************************************************************************************************


**************************************************************************************************************
*                                               mc statistics                                                *
**************************************************************************************************************

single-particle move                             total          sph                 p+                  p-                  i+        
-------------------                              -----          ----------          ----------          ----------          ----------
total number of conf.          =             4657 1.00              0 0.00           1809 1.00           1839 1.00           1009 1.00
accepted number of conf.       =             1936 0.42              0 0.00            525 0.29            458 0.25            953 0.94
energy rejected conf.          =             1218 0.26              0 0.00            547 0.30            618 0.34             53 0.05
hard-core rejected conf.       =             1503 0.32              0 0.00            737 0.41            763 0.41              3 0.00

average no of displaced part.  =                                      0.00                1.00                1.00                1.00
average no of net joining part.=                                      0.00                0.05                0.04                0.04

pivot move                                       total          sph                 p+                  p-                  i+        
-------------------                              -----          ----------          ----------          ----------          ----------
total number of conf.          =              318 1.00              0 0.00            152 1.00            166 1.00              0 0.00
accepted number of conf.       =              179 0.56              0 0.00             66 0.43            113 0.68              0 0.00
energy rejected conf.          =               48 0.15              0 0.00             23 0.15             25 0.15              0 0.00
hard-core rejected conf.       =               91 0.29              0 0.00             63 0.41             28 0.17              0 0.00

average no of displaced part.  =                                      0.00               14.71                5.53                0.00
average no of net joining part.=                                      0.00                0.05                0.00                0.00

brush move                                       total          sph                 p+                  p-                  i+        
-------------------                              -----          ----------          ----------          ----------          ----------
total number of conf.          =                6 1.00              6 1.00              0 0.00              0 0.00              0 0.00
accepted number of conf.       =                4 0.67              4 0.67              0 0.00              0 0.00              0 0.00
energy rejected conf.          =                2 0.33              2 0.33              0 0.00              0 0.00              0 0.00

average no of displaced part.  =                                    411.75                0.00                0.00                0.00
average no of net joining part.=                                      0.00                0.00                0.00                0.00

**************************************************************************************************************
*                                             control statistics                                             *
**************************************************************************************************************

quantity                                    sph                 p+                  p-                  i+        
--------                                    ----------          ----------          ----------          ----------

<dr**2>/step (macrostep)       =            0.8541E+01          0.1141E+02          0.2924E+02          0.2400E+02
precision                      =            0.3830E+01          0.3522E+00          0.1414E+01          0.1033E+01
<dr**2>/step (from start)      =            0.8541E+01          0.1141E+02          0.2924E+02          0.2400E+02
precision                      =            0.3830E+01          0.3522E+00          0.1414E+01          0.1033E+01

orientation order, x'-axis     =                1.0000              1.0000              1.0000              1.0000
orientation order, y'-axis     =                1.0000              1.0000              1.0000              1.0000
orientation order, z'-axis     =                1.0000              1.0000              1.0000              1.0000

<ro> (x,y,z)                   =    -149.1 -90.8 -89.9    -2.9 -28.9 -30.2     2.0 -17.7 -29.5     3.7   3.7  -2.7
<x'> (x,y,z)                   =      1.00  0.00  0.00   -0.01  0.02  0.02    0.00 -0.00 -0.02   -0.02 -0.00  0.01
<y'> (x,y,z)                   =      0.00  1.00  0.00    0.01 -0.00 -0.04    0.01 -0.00  0.00   -0.01 -0.01 -0.03
<z'> (x,y,z)                   =      0.00  0.00  1.00   -0.01  0.01  0.00   -0.00 -0.00 -0.01    0.01 -0.01 -0.01

**************************************************************************************************************
*                                          thermodynamic quantities                                          *
**************************************************************************************************************

quantity                                  average    fluctuation          check
&&------                                  -------    -----------          -----
total potential energy         =          2.92442        0.00000      0.468E-09
 total two-body energy         =          1.20032        0.00000      0.114E-08
  sph-sph                      =          0.00000        0.00000      0.000E+00
  sph-p+                       =          0.00000        0.00000      0.000E+00
  sph-p-                       =          0.00000        0.00000      0.000E+00
  sph-i+                       =          0.00000        0.00000      0.000E+00
  p+-p+                        =          0.00000        0.00000      0.000E+00
  p+-p-                        =          0.00000        0.00000      0.000E+00
  p+-i+                        =          0.00000        0.00000      0.000E+00
  p--p-                        =          1.21926        0.00000      0.183E-13
  p--i+                        =         -0.06008        0.00000     -0.181E-07
  i+-i+                        =          0.04115        0.00000      0.597E-07
 pot. energy from rec. space   =          1.52048        0.00000      0.155E-14
 bond energy                   =          0.20363        0.00000     -0.780E-15
 angle energy                  =          0.00000        0.00000      0.000E+00
enthalpy                       =          6.33464        0.00000
cv                             =          0.00000
temperature                    =        298.00000        0.00000
pressure (excl. cont. contr.)  =          0.13135        0.00000
number of particles            =       5010.00000        0.00000
volume                         =      2.16000E+08    0.00000E+00

total potential energy (NkT)   =          1.18029
pressure (NkT/V)(excl. contact)=          1.37636
pressure (kT) (excl. contact)  =      3.19238E-05
number density                 =      2.31944E-05

**************************************************************************************************************
*                                              chain quantities                                              *
**************************************************************************************************************

quantity                                  average     fluctuation
--------                                  -------     -----------
<r(bb)**2>**0.5                =          5.13750        0.00000
<r(ee)**2>**0.5                =         31.26930        0.00000
<r(g)**2>**0.5                 =         11.84403        0.00000
smallest rms mom. p.a.         =          2.74860        0.00000
intermediate rms mom. p.a.     =          4.64339        0.00000
largest rms mom. p.a.          =         10.54349        0.00000
<persist. l.>  (r(ee))         =          7.57456        0.00000
<persist. l.>  (r(g))          =          5.17775        0.00000
<angle>                        =        102.31217        0.00000
<cos(180-angle)>               =          0.17808        0.00000
<r(ee)**2/r(g)**2>             =          6.58738        0.00000
<asphericity>                  =          0.45479        0.00000
<toroid param>                 =          0.19188        0.00000

persist. l. (<r(ee)**2>)       =          7.57717
persist. l. (<r(g)**2>)        =          5.00602
persist. l. (<cos(180-angle)>) =          6.25061
<r(ee)**2>/<r(g)**2>           =          6.97007
asphericity (<2:nd moments>)   =          0.48174

Average cluster size 1    1d: sph                        1.00000

**************************************************************************************************************
*                                                                                                            *
*                                          f i n a l   r e s u l t                                           *
*                                                                                                            *
**************************************************************************************************************

2016-11-14     12:24:10

title   : 10 spheres with diblock brush                                                             

key data: mode           : simulation
          method         : mc   
          ensemble       : nvt
          boundary cond. : xyz
          start          : setconf 


number of time steps/passes           1  *         1  =          1

temperature                    =     298.000
pressure                       =       0.111
box lengths (x,y,z)            =     600.000     600.000     600.000
volume                         =   0.216E+09

seed of random generator       =  1027432017


**************************************************************************************************************
*                                                coordinates                                                 *
**************************************************************************************************************


particle coordinates
--------------------
particle no   particle type       com (x,y,z)              x'-axis (x,y,z)        y'-axis (x,y,z)        z'-axis (x,y,z)
-----------   -------------       -----------              ---------------        ---------------        ---------------
     1        sph          -300.000 -300.000 -300.000   1.000  0.000  0.000    0.000  1.000  0.000    0.000  0.000  1.000
   101        p+             -5.615 -132.378 -137.717  -0.756  0.572 -0.318    0.448  0.099 -0.888   -0.476 -0.814 -0.332
   201        p+            -20.904 -167.692 -163.699  -0.115 -0.639  0.760   -0.909  0.377  0.179   -0.401 -0.671 -0.624
   301        p+            -11.881 -178.758 -149.282   0.133  0.983  0.125    0.225 -0.153  0.962    0.965 -0.100 -0.242
   401        p+              5.008 -154.913 -178.673   0.102  0.973 -0.207    0.193 -0.224 -0.955   -0.976  0.058 -0.210
   501        p+             12.677 -142.727 -131.696  -0.213 -0.879 -0.426   -0.469  0.474 -0.745    0.857  0.041 -0.514
   601        p+              8.622 -168.327 -130.785  -0.650 -0.741 -0.165    0.699 -0.499 -0.512    0.297 -0.449  0.843
   701        p+            -16.246 -167.713 -134.839   0.189 -0.152  0.970    0.981 -0.010 -0.192    0.039  0.988  0.147
   801        p+            -15.765 -132.833 -156.600  -0.759  0.170  0.628    0.444 -0.570  0.691    0.475  0.804  0.357
   901        p+              7.840 -180.168 -149.865   0.756 -0.041  0.653    0.541 -0.523 -0.659    0.368  0.851 -0.373
  1001        p+            -27.021 -151.478 -154.756   0.828  0.456 -0.326    0.227  0.258  0.939    0.512 -0.852  0.110
  1101        p+             25.010 -146.852 -146.869   0.231  0.949 -0.215   -0.754  0.314  0.577    0.615  0.029  0.788
  1201        p+             10.254 -129.693 -151.896   0.554  0.704 -0.445   -0.296  0.666  0.685    0.778 -0.248  0.577
