**************************************************************************************************************
**************************************************************************************************************
**                                                                                                          **
**                                                                                                          **
**                                                  Molsim                                                  **
**                                                                                                          **
**                  integrated md/mc/bd simulation program belonging to the molsim package                  **
**                                                                                                          **
**                                          version 6.4.7, v2.2.0                                           **
**                                                                                                          **
**                                                                                                          **
**                                                Per Linse                                                 **
**                                            Physical Chemistry                                            **
**                                         Department of Chemistry                                          **
**                                             Lund University                                              **
**                                               P.O. Box 124                                               **
**                                          S-221 00 Lund, SWEDEN                                           **
**                                                                                                          **
**                                                                                                          **
**                                         with contributions from                                          **
**                                                                                                          **
**                  Anna Akinchina, Fredrik Carlsson, Samuel Edgecombe, Yoshikatsu Hayashi                  **
**          Pascal Hebbeker, Cornelius Hofzumahaus, Niklas Källrot, Björn Linse, Vladimir Lobaskin          **
**               Thomas M. Nymand, Alberto Pais, Jurij Rescic, Stefanie Schneider, Marie Skepö              **
**          Joakim Stenhammar, Anders Wallqvist, Jos van Rijssel, Erik Wernersson, Per-Olof Åstrand         **
**                                                                                                          **
**                                                                                                          **
**************************************************************************************************************
**************************************************************************************************************
 
2017-01-05     15:52:45

**************************************************************************************************************
*                                                                                                            *
*                                            i n p u t   d a t a                                             *
*                                                                                                            *
**************************************************************************************************************


**************************************************************************************************************
*                                            general information                                             *
**************************************************************************************************************


title   : one sphere with diblock brush                                                             

key data: mode           : simulation
          method         : mc   
          ensemble       : nvt
          boundary cond. : sph
          start          : setconf 


number of time steps/passes           1  *        10  =         10

temperature                    =     298.000
pressure                       =       0.101
spherical cell radius          =     137.000
volume                         =   0.108E+08

seed of random generator       =           1

optional subroutine used
------------------------
   ControlAver
   MainAver
   DistFunc
   Group

parameters controlling the output interval (0 = no)
-------------------------------------------------
   itest              0
   ipart              1
   iatom              0
   iaver              0
   ishow              1
   iplot              1
   ilist              1

external units
--------------
number        generic name        file name
------        ------------        ---------
   1               fin            FIN       
   2               fout           FOUT      
   3               fcnf           FCNF      
   8               flist          FLIST     

**************************************************************************************************************
*                                                   units                                                    *
**************************************************************************************************************

quantity                unit
--------                ----
length              1.000E-10 m
mass                1.000E-03 kg/mol
temperature         1.000E+00 k
time                1.000E-12 s
energy              1.000E+03 j/mol
heat capacity       1.000E+00 j/mol*k
diff. coeff.        1.000E-09 m**2/s
pressure            1.000E+06 pa
volume              1.000E-30 m**3
linear vel.         1.000E+02 m/s
linear acc.         1.000E+14 m/s**2
force               1.000E+11 n/mol
moment of inertia   1.000E-23 kg*m**2/mol
angle               1.745E-02 rad

**************************************************************************************************************
*                                               particle data                                                *
**************************************************************************************************************

charged atoms enabled

number of chains               =      20
number of particles            =     501
number of atoms                =     501
number of chains types         =       1     (     10 )
number of particle types       =       4     (     10 )
number of atom types           =       4     (     10 )

chain type         no of chains             topology  npptct(1,ict)  npptct(2,ict)  npptct(3,ict)  npptct(4,ict)
----------         ------------             --------  -------------  -------------  -------------  -------------
diblock               20                    block         0            10            10             0

particle       no        atom     no     mass    hard core    no of unit   weak      pK        sigma    epsilon  zatalpha
                                                 radius       charges      charge                              
--------       --        ----     --     ----    ---------    ----------   ------    --        -----    -------  --------
sph             1
                         sph      1      1.000   25.000        0.0000        F      0.0000     0.0000    0.0000    0.0000
p+            200
                         p+       1      1.000    2.000        0.0000        F      0.0000     0.0000    0.0000    0.0000
p-            200
                         p-       1      1.000    2.000       -0.5000        F      0.0000     0.0000    0.0000    0.0000
i+            100
                         i+       1      1.000    2.000        1.0000        F      0.0000     0.0000    0.0000    0.0000

molecular input frame: sph       
---------------------- ---

atom               coordinate (x,y,z)
----               ------------------
sph          0.00000   0.00000   0.00000

principal axis frame: sph       
--------------------- ---

atom               coordinate (x,y,z)
----               ------------------
sph          0.00000   0.00000   0.00000

molecular input frame: p+        
---------------------- --

atom               coordinate (x,y,z)
----               ------------------
p+           0.00000   0.00000   0.00000

principal axis frame: p+        
--------------------- --

atom               coordinate (x,y,z)
----               ------------------
p+           0.00000   0.00000   0.00000

molecular input frame: p-        
---------------------- --

atom               coordinate (x,y,z)
----               ------------------
p-           0.00000   0.00000   0.00000

principal axis frame: p-        
--------------------- --

atom               coordinate (x,y,z)
----               ------------------
p-           0.00000   0.00000   0.00000

molecular input frame: i+        
---------------------- --

atom               coordinate (x,y,z)
----               ------------------
i+           0.00000   0.00000   0.00000

principal axis frame: i+        
--------------------- --

atom               coordinate (x,y,z)
----               ------------------
i+           0.00000   0.00000   0.00000

particle             mass           moment of inertia (x,y,z)        maximal atom-com distance
--------             ----           -------------------------        -------------------------
sph                 1.000          0.000     0.000     0.000             0.000
p+                  1.000          0.000     0.000     0.000             0.000
p-                  1.000          0.000     0.000     0.000             0.000
i+                  1.000          0.000     0.000     0.000             0.000

**************************************************************************************************************
*                                          two-body potential data                                           *
**************************************************************************************************************

rcut                           =     274.000
utoltab                        =   0.100E-04
ftoltab                        =   0.100E-04
umaxtab                        =   0.200E+05
fmaxtab                        =   0.200E+05

monoatomic energy and force routines

relative permittivity          =   78.400000

system net charge based on zat =    0.00    

particle pair              potential
-------------              ---------
sph-sph                      default             
sph-p+                       default             
sph-p-                       default             
sph-i+                       default             
p+-p+                        default             
p+-p-                        default             
p+-i+                        default             
p--p-                        default             
p--i+                        default             
i+-i+                        default             

atom pair         energy coefficients (ipot and ucoff)
---------         ------------------------------------
sph-sph                1  0.000000E+00
sph-p+                 1  0.000000E+00
sph-p-                 1  0.000000E+00
sph-i+                 1  0.000000E+00
p+-p+                  1  0.000000E+00
p+-p-                  1  0.000000E+00
p+-i+                  1  0.000000E+00
p--p-                  1  0.443034E+01
p--i+                  1 -0.886068E+01
i+-i+                  1  0.177214E+02

number of 1/r coefficients than has been changed/added based on zat = 10

specification of two-body potential tables
------------------------------------------
atom pair          no of grids         iubuflow       rumin     rumax
---------          -----------         --------       -----     -----
sph-sph                2                   1          0.316   301.400
sph-p+                 2                  25          0.316   301.400
sph-p-                 2                  49          0.316   301.400
sph-i+                 2                  73          0.316   301.400
p+-p+                  2                  97          0.316   301.400
p+-p-                  2                 121          0.316   301.400
p+-i+                  2                 145          0.316   301.400
p--p-                 53                 169          0.316   301.400
p--i+                 61                 805          0.316   301.400
i+-i+                 70                1537          0.316   301.400

nbuf (needed, allocated)        =       2377      3000

**************************************************************************************************************
*                                               ipotchain data                                               *
**************************************************************************************************************

bond: force constant           =         2.40880
bond: power                    =               2
bond: eqilibrium separation    =         5.00000
angle: force constant          =         0.00000
angle: power                   =               2
angle: eqilibrium separation   =       180.00000
itestpotchain                  =               0

**************************************************************************************************************
*                                         initial configuration data                                         *
**************************************************************************************************************

start configuration from SetConfiguration
-----------------------------------------
part. type    routine          no of unit cells (x,y,z)     lower (x,y,z)      upper (x,y,z)      shift (x,y,z)
----------    -------          ------------------------     -------------      -------------      -------------
 1  sph       origin                  0    0    0        -137.0-137.0-137.0  137.0 137.0 137.0    0.0   0.0   0.0
 2  p+        sphbrushlattice         0    0    0        -137.0-137.0-137.0  137.0 137.0 137.0    0.0   0.0   0.0
 3  p-        sphbrushlattice         0    0    0        -137.0-137.0-137.0  137.0 137.0 137.0    0.0   0.0   0.0
 4  i+        random                  0    0    0        -137.0-137.0-137.0  137.0 137.0 137.0    0.0   0.0   0.0

bond length scaling factor              =      1.000
minimum angle between consecutive beads =    120.000

first macrostep                =      1

**************************************************************************************************************
*                                                coordinates                                                 *
**************************************************************************************************************


particle coordinates
--------------------
particle no   particle type       com (x,y,z)              x'-axis (x,y,z)        y'-axis (x,y,z)        z'-axis (x,y,z)
-----------   -------------       -----------              ---------------        ---------------        ---------------
     1        sph             0.000    0.000    0.000   1.000  0.000  0.000    0.000  1.000  0.000    0.000  0.000  1.000
     2        p+             -4.736   22.810   13.649  -0.836 -0.530  0.143    0.521 -0.682  0.513   -0.174  0.504  0.846
     3        p+             -0.096   24.432   12.735   0.273 -0.695 -0.666    0.453 -0.517  0.726   -0.849 -0.500  0.173
     4        p+              3.021   27.320   15.371  -0.177  0.346 -0.921    0.532  0.821  0.207    0.828 -0.453 -0.330
     5        p+              4.064   32.085   16.471  -0.239 -0.487 -0.840   -0.584 -0.619  0.526   -0.776  0.616 -0.136
     6        p+              6.349   35.466   19.360  -0.804  0.167 -0.571    0.592  0.318 -0.740    0.058 -0.933 -0.354
     7        p+              7.004   40.423   19.435  -0.596  0.505  0.624   -0.368  0.519 -0.771   -0.714 -0.689 -0.123
     8        p+              7.497   45.378   19.884  -0.728 -0.215 -0.651    0.519 -0.794 -0.318   -0.448 -0.569  0.690
     9        p+              8.652   50.111   21.010  -0.315  0.545 -0.777    0.884 -0.130 -0.450   -0.346 -0.828 -0.441
    10        p+             11.636   52.765   18.001  -0.286  0.711 -0.642    0.554  0.670  0.494    0.782 -0.214 -0.586
    11        p+             11.756   51.794   13.098  -0.359 -0.773  0.522   -0.840  0.025 -0.541    0.406 -0.633 -0.659
    12        p+            -20.833  -12.716  -11.544   0.532 -0.519 -0.669    0.696  0.718 -0.004    0.482 -0.464  0.743
    13        p+            -22.938   -8.398  -12.933  -0.662  0.624  0.414   -0.557 -0.041 -0.829   -0.500 -0.780  0.375
    14        p+            -23.977   -5.099  -16.543   0.400 -0.646 -0.651   -0.639 -0.705  0.307   -0.657  0.293 -0.694
    15        p+            -24.467   -0.123  -16.579  -0.880 -0.278 -0.386   -0.429  0.115  0.896   -0.205  0.954 -0.220
    16        p+            -25.367    3.415  -19.996   0.502 -0.764  0.404   -0.622 -0.644 -0.445    0.600 -0.028 -0.799
    17        p+            -27.316    7.142  -22.699  -0.372 -0.600  0.708    0.902 -0.052  0.429   -0.221  0.798  0.560
    18        p+            -25.826    8.808  -27.172   0.792 -0.593 -0.142   -0.083 -0.336  0.938   -0.604 -0.731 -0.316
    19        p+            -20.997    9.675  -28.134  -0.497  0.638  0.588   -0.740 -0.665  0.096    0.453 -0.388  0.803
    20        p+            -17.656    6.577  -30.193   0.749 -0.269  0.605   -0.110  0.850  0.515   -0.653 -0.452  0.607
    21        p+            -16.334    3.275  -33.708  -0.631 -0.750  0.197    0.049  0.215  0.975   -0.774  0.626 -0.099
    22        p+            -12.574  -23.647    3.424   0.477  0.181 -0.860   -0.573  0.806 -0.148    0.667  0.563  0.488
    23        p+             -9.304  -27.367    4.106   0.324  0.940 -0.108    0.033  0.102  0.994    0.945 -0.326  0.002
    24        p+             -6.865  -30.470    7.177  -0.379 -0.918 -0.120   -0.102 -0.088  0.991   -0.920  0.387 -0.060
    25        p+             -3.690  -31.759   10.818   0.527  0.621 -0.580    0.377  0.440  0.815    0.762 -0.648 -0.002
    26        p+             -1.679  -36.319   11.219   0.573 -0.059 -0.818   -0.577  0.680 -0.453    0.583  0.731  0.356
    27        p+              0.219  -40.683    9.685  -0.540 -0.555  0.633   -0.751 -0.022 -0.660    0.380 -0.832 -0.405
    28        p+              3.230  -43.593   12.418   0.296 -0.558 -0.775    0.714 -0.409  0.568   -0.634 -0.722  0.277
    29        p+              6.488  -47.333   11.786   0.962 -0.212 -0.175    0.078  0.822 -0.564    0.263  0.528  0.807
    30        p+             10.591  -48.061    9.023  -0.165  0.251  0.954   -0.260  0.922 -0.287   -0.952 -0.295 -0.087
    31        p+             14.988  -48.735    6.740  -0.307  0.149 -0.940    0.818 -0.463 -0.341   -0.486 -0.874  0.020
    32        p+              5.887   -1.450  -26.310  -0.581  0.794 -0.177    0.206 -0.067 -0.976   -0.787 -0.604 -0.125
    33        p+              1.335   -2.605  -28.027   0.938 -0.329 -0.112    0.133  0.041  0.990   -0.321 -0.944  0.082
    34        p+             -1.635    0.173  -30.936  -0.648 -0.329 -0.687   -0.690 -0.129  0.712   -0.323  0.935 -0.144
    35        p+             -5.671    2.900  -32.063  -0.294 -0.756 -0.585    0.252  0.529 -0.810    0.922 -0.386  0.035
    36        p+             -9.190    3.082  -35.610  -0.267  0.822 -0.503    0.015 -0.519 -0.855   -0.964 -0.236  0.126
    37        p+            -12.233    1.171  -39.087  -0.143  0.756 -0.638   -0.989 -0.082  0.125    0.042  0.649  0.760
    38        p+            -16.723   -0.261  -40.758  -0.028  0.043 -0.999   -0.220 -0.975 -0.036   -0.975  0.219  0.036
    39        p+            -19.348   -2.971  -44.038   0.589 -0.622 -0.516    0.446 -0.282  0.849   -0.674 -0.730  0.111
    40        p+            -18.867   -6.706  -47.327  -0.004 -0.465  0.885   -0.616  0.699  0.364   -0.788 -0.544 -0.289
    41        p+            -20.821  -10.455  -49.997  -0.465  0.427 -0.776   -0.823 -0.532  0.201   -0.327  0.731  0.598
    42        p+             12.996   11.962   20.421   0.675  0.700  0.233    0.216  0.114 -0.970   -0.705  0.705 -0.075
    43        p+             10.649   16.136   21.858  -0.528  0.405 -0.746   -0.788  0.093  0.608    0.315  0.910  0.270
    44        p+             11.487   20.353   24.411  -0.451  0.261 -0.854    0.836 -0.210 -0.506   -0.312 -0.942 -0.124
    45        p+             15.607   22.378   26.393  -0.912 -0.012  0.410    0.245 -0.819  0.519    0.330  0.574  0.750
    46        p+             18.335   26.437   27.432  -0.501  0.781 -0.372   -0.381 -0.585 -0.716   -0.777 -0.217  0.590
    47        p+             17.245   31.132   28.760  -0.644 -0.666 -0.376   -0.247 -0.284  0.926   -0.724  0.689  0.018
    48        p+             15.063   34.757   26.096  -0.564  0.822  0.082   -0.099  0.031 -0.995   -0.820 -0.569  0.064
    49        p+             12.851   38.527   23.668  -0.680 -0.433 -0.592    0.725 -0.275 -0.632    0.111 -0.859  0.501
    50        p+              8.530   41.035   23.456   0.186  0.366  0.912    0.859 -0.510  0.029    0.476  0.778 -0.409
    51        p+              6.299   45.244   24.973   0.592 -0.520 -0.616    0.748  0.639  0.179    0.300 -0.567  0.767
    52        p+              7.913  -13.419   22.053  -0.702 -0.167  0.692    0.053  0.957  0.284   -0.710  0.236 -0.663
    53        p+             10.561  -13.291   26.292  -0.549 -0.172  0.818   -0.830  0.225 -0.510   -0.097 -0.959 -0.266
    54        p+             10.413  -14.314   31.184  -0.409  0.896 -0.174   -0.075  0.157  0.985    0.909  0.416  0.003
    55        p+              7.666  -11.691   34.435  -0.506 -0.845  0.172   -0.051 -0.170 -0.984    0.861 -0.506  0.043
    56        p+              4.119   -8.334   35.506  -0.391 -0.342 -0.854   -0.045  0.934 -0.354    0.919 -0.100 -0.381
    57        p+             -0.274   -9.231   37.719   0.562  0.551  0.617    0.220  0.619 -0.754   -0.797  0.559  0.227
    58        p+             -3.894  -12.674   37.516  -0.379 -0.717  0.585   -0.774  0.592  0.224   -0.507 -0.368 -0.779
    59        p+             -7.411  -12.451   33.970   0.870 -0.472  0.145   -0.157  0.013  0.988   -0.468 -0.882 -0.062
    60        p+            -10.475  -15.541   31.506   0.754 -0.049  0.655   -0.588  0.396  0.706   -0.294 -0.917  0.270
    61        p+            -13.475  -19.339   30.252   0.564 -0.813  0.145    0.211  0.311  0.927   -0.799 -0.492  0.347
    62        p+            -16.816  -11.973   17.402  -0.358  0.668 -0.652   -0.164  0.643  0.748    0.919  0.375 -0.121
    63        p+            -20.600   -9.496   15.271  -0.854 -0.269  0.445    0.045 -0.890 -0.453    0.519 -0.367  0.772
    64        p+            -24.062   -7.392   12.340   0.445 -0.340 -0.828    0.827  0.511  0.235    0.343 -0.790  0.509
    65        p+            -27.894   -4.260   11.629   0.244 -0.640 -0.729    0.635  0.673 -0.379    0.733 -0.370  0.571
    66        p+            -31.152   -1.513   14.244   0.660  0.727  0.190    0.134  0.135 -0.982   -0.739  0.673 -0.008
    67        p+            -33.456    1.334   17.648   0.131 -0.703 -0.699   -0.125  0.688 -0.715    0.983  0.181  0.003
    68        p+            -34.952    4.680   21.048   0.193 -0.230  0.954   -0.817  0.501  0.286   -0.544 -0.834 -0.091
    69        p+            -37.851    7.976   23.443   0.996  0.014  0.094    0.093  0.042 -0.995   -0.018  0.999  0.041
    70        p+            -36.041   12.272   25.251   0.013  0.707  0.707    0.902 -0.313  0.296    0.431  0.634 -0.642
    71        p+            -34.748   15.646   28.707   0.507 -0.823 -0.257    0.220 -0.165  0.961   -0.833 -0.544  0.098
    72        p+            -14.478   22.131   -5.442   0.407 -0.291 -0.866    0.257 -0.873  0.414   -0.877 -0.391 -0.280
    73        p+            -17.426   25.805   -7.118   0.206 -0.949 -0.239   -0.526 -0.313  0.790   -0.825 -0.037 -0.564
    74        p+            -20.473   29.523   -8.493  -0.103 -0.816 -0.569    0.750  0.312 -0.583    0.653 -0.487  0.580
    75        p+            -24.394   32.164   -6.863   0.366 -0.850 -0.379   -0.158 -0.458  0.875   -0.917 -0.261 -0.302
    76        p+            -27.478   35.474   -4.736   0.862  0.473 -0.185   -0.148 -0.114 -0.982   -0.486  0.874 -0.028
    77        p+            -30.966   38.907   -3.712   0.375 -0.590  0.715    0.175 -0.712 -0.680    0.910  0.380 -0.164
    78        p+            -34.761   38.976   -0.456   0.213 -0.952  0.222    0.963  0.167 -0.211    0.163  0.258  0.952
    79        p+            -38.957   36.344   -1.134  -0.584 -0.802 -0.127   -0.028  0.176 -0.984    0.811 -0.571 -0.125
    80        p+            -43.488   37.467   -2.924  -0.070  0.997  0.040    0.473 -0.002  0.881    0.878  0.080 -0.471
    81        p+            -46.994   38.018   -6.446   0.703 -0.565  0.432   -0.318  0.294  0.901   -0.636 -0.771  0.028
    82        p+              7.083  -25.839    3.346   0.800  0.167  0.577    0.594 -0.086 -0.800   -0.084  0.982 -0.168
    83        p+              6.014  -28.074    7.689  -0.880  0.156 -0.449   -0.472 -0.181  0.862    0.053  0.971  0.233
    84        p+              9.427  -30.080   10.742  -0.604 -0.252  0.756   -0.309  0.948  0.069   -0.734 -0.192 -0.651
    85        p+              9.050  -33.100   14.710  -0.577  0.568 -0.587    0.684 -0.057 -0.727   -0.447 -0.821 -0.356
    86        p+              5.688  -34.599   18.094   0.705  0.381  0.598   -0.139 -0.752  0.644    0.695 -0.538 -0.477
    87        p+              4.014  -37.919   21.436  -0.677 -0.544 -0.495   -0.455 -0.219  0.863   -0.579  0.810 -0.099
    88        p+              2.569  -41.727   24.337   0.416  0.833  0.364    0.066 -0.427  0.902    0.907 -0.351 -0.233
    89        p+              1.275  -45.810   26.916  -0.575  0.123  0.809   -0.036  0.984 -0.175   -0.817 -0.130 -0.562
    90        p+             -1.658  -49.531   28.514   0.514 -0.826  0.233    0.096 -0.214 -0.972    0.853  0.522 -0.031
    91        p+             -3.919  -53.174   31.087   0.606 -0.594  0.529    0.350 -0.398 -0.848    0.714  0.699 -0.033
    92        p+            -26.500    4.007   -3.267  -0.783  0.606 -0.139    0.171 -0.006 -0.985   -0.598 -0.795 -0.099
    93        p+            -29.525    3.745    0.706  -0.811 -0.399 -0.428   -0.200 -0.498  0.844   -0.550  0.770  0.324
    94        p+            -33.638    1.729    2.710  -0.540 -0.010 -0.842   -0.591  0.717  0.370    0.600  0.697 -0.392
    95        p+            -37.043    2.992    6.147  -0.792 -0.326 -0.516    0.037  0.818 -0.573    0.609 -0.473 -0.636
    96        p+            -40.428    5.888    8.416  -0.146  0.100  0.984    0.987 -0.054  0.152    0.068  0.994 -0.091
    97        p+            -41.148    9.301   11.998  -0.425 -0.707  0.566    0.463  0.367  0.807   -0.778  0.605  0.172
    98        p+            -44.960   12.528   11.755   0.202 -0.768  0.607    0.069 -0.607 -0.791    0.977  0.202 -0.070
    99        p+            -45.439   15.736    7.950  -0.483 -0.650  0.587    0.130  0.610  0.782   -0.866  0.454 -0.210
   100        p+            -45.233   18.785    3.992  -0.814 -0.013  0.580   -0.419 -0.679 -0.603    0.402 -0.734  0.548
   101        p+            -44.195   23.675    3.923   0.347 -0.932 -0.104   -0.055  0.091 -0.994    0.936  0.351 -0.019
   102        p+             25.487    6.867    5.679   0.431 -0.570  0.700   -0.606 -0.757 -0.244    0.669 -0.319 -0.672
   103        p+             29.660    7.298    2.958  -0.446  0.895  0.012    0.009 -0.008  1.000    0.895  0.446 -0.005
   104        p+             33.208    8.269   -0.429  -0.929  0.085  0.360    0.369  0.284  0.885   -0.027  0.955 -0.295
   105        p+             37.220   11.032    0.697  -0.034  0.663  0.748   -0.869  0.350 -0.350   -0.493 -0.662  0.564
   106        p+             40.818   11.144    4.167  -0.064  0.762 -0.644    0.726 -0.408 -0.554   -0.685 -0.503 -0.527
   107        p+             44.681    8.181    5.308   0.862 -0.343  0.373    0.463  0.833 -0.302   -0.207  0.433  0.877
   108        p+             49.401    9.228    6.585   0.336 -0.797  0.501    0.919  0.161 -0.360    0.206  0.582  0.787
   109        p+             53.739   10.818    4.673   0.681 -0.454 -0.575    0.732  0.458  0.505    0.034 -0.764  0.644
   110        p+             55.807   14.642    2.202   0.707 -0.608  0.362    0.666  0.400 -0.629    0.238  0.686  0.688
   111        p+             56.377   15.346   -2.715  -0.694  0.631  0.346    0.068  0.536 -0.841   -0.717 -0.560 -0.415
   112        p+             11.536   24.411   -0.235   0.664 -0.695 -0.276   -0.525 -0.170 -0.834    0.533  0.699 -0.478
   113        p+             12.982   28.835    1.592   0.477 -0.768 -0.428   -0.873 -0.471 -0.128   -0.103  0.435 -0.895
   114        p+             11.313   31.782    5.270  -0.596 -0.141 -0.790    0.797 -0.217 -0.563   -0.092 -0.966  0.242
   115        p+              8.044   33.712    8.524  -0.723 -0.517  0.458    0.656 -0.306  0.690   -0.217  0.799  0.561
   116        p+              4.796   32.624   12.166   0.180  0.676  0.714    0.443  0.593 -0.673   -0.878  0.438 -0.193
   117        p+              0.756   29.767   11.449   0.322 -0.308 -0.895    0.206 -0.900  0.384   -0.924 -0.308 -0.227
   118        p+             -3.288   28.721   14.196   0.688 -0.428  0.586    0.712  0.556 -0.429   -0.142  0.712  0.687
   119        p+             -4.186   27.872   19.041  -0.770  0.113 -0.628    0.603  0.453 -0.657    0.210 -0.884 -0.417
   120        p+             -6.042   25.511   23.038   0.679  0.343  0.649   -0.472 -0.472  0.744    0.562 -0.812 -0.158
   121        p+             -3.275   22.277   25.662  -0.764  0.460  0.453    0.603  0.759  0.246   -0.231  0.461 -0.857
   122        p+              1.874   19.174  -18.917  -0.287  0.456 -0.842    0.747  0.657  0.101    0.600 -0.600 -0.530
   123        p+              4.744   22.493  -16.521   0.252 -0.959 -0.129    0.113  0.162 -0.980    0.961  0.232  0.149
   124        p+              8.977   25.106  -17.027  -0.101 -0.653 -0.751    0.894  0.271 -0.356    0.436 -0.707  0.556
   125        p+             13.563   26.794  -15.969   0.768 -0.539  0.345   -0.224  0.279  0.934   -0.599 -0.795  0.094
   126        p+             16.299   30.193  -13.527   0.623 -0.194 -0.758    0.257 -0.864  0.433   -0.739 -0.465 -0.488
   127        p+             15.151   31.793   -8.932  -0.300 -0.600  0.742   -0.769 -0.308 -0.560    0.564 -0.738 -0.369
   128        p+             13.209   29.236   -5.099   0.327 -0.800  0.504    0.110 -0.497 -0.861    0.939  0.337 -0.074
   129        p+              9.087   27.072   -3.274  -0.128 -0.888  0.442   -0.067  0.453  0.889   -0.989  0.084 -0.118
   130        p+              6.559   27.074    1.039   0.343 -0.536 -0.771    0.235  0.844 -0.482    0.909 -0.016  0.416
   131        p+              2.146   28.723    2.714  -0.479 -0.860  0.176    0.051 -0.227 -0.972    0.876 -0.457  0.153
   132        p+            -21.060    8.111   14.823  -0.526 -0.213  0.823   -0.817  0.396 -0.419   -0.237 -0.893 -0.382
   133        p+            -24.876   10.969   13.317  -0.854  0.442 -0.273   -0.305 -0.852 -0.426   -0.421 -0.280  0.863
   134        p+            -28.750   11.875   16.345  -0.531  0.491  0.691   -0.799 -0.562 -0.215    0.282 -0.666  0.690
   135        p+            -30.973   15.601   18.831  -0.812  0.503 -0.296    0.576  0.772 -0.269    0.093 -0.389 -0.917
   136        p+            -34.243   18.858   16.908  -0.525  0.096  0.845   -0.733  0.454 -0.507   -0.433 -0.886 -0.169
   137        p+            -34.086   23.620   15.393  -0.652  0.590 -0.477    0.190 -0.482 -0.856   -0.734 -0.648  0.202
   138        p+            -34.434   28.466   16.574  -0.663  0.134  0.736    0.714  0.408  0.569   -0.224  0.903 -0.366
   139        p+            -32.360   30.266   20.753   0.711 -0.702 -0.034   -0.014  0.034 -0.999    0.703  0.711  0.014
   140        p+            -29.486   34.300   21.435   0.090  0.905 -0.417    0.352  0.363  0.863    0.932 -0.224 -0.286
   141        p+            -27.118   38.483   20.058   0.853  0.220 -0.473   -0.020 -0.892 -0.451   -0.521  0.394 -0.757
   142        p+             -3.935    2.360   26.607  -0.765  0.471  0.440    0.621  0.358  0.697    0.171  0.806 -0.567
   143        p+             -4.549    2.954   31.534   0.388  0.881  0.270    0.862 -0.243 -0.444   -0.326  0.405 -0.854
   144        p+             -1.511    5.539   34.549  -0.193 -0.410 -0.891    0.451 -0.844  0.291   -0.872 -0.345  0.348
   145        p+              3.016    7.342   35.669  -0.616 -0.575  0.538   -0.168  0.763  0.624   -0.769  0.294 -0.567
   146        p+              6.856    9.568   37.971  -0.529 -0.674 -0.515    0.316  0.407 -0.857    0.787 -0.616 -0.002
   147        p+              9.454    7.960   41.929  -0.275  0.746  0.606   -0.641  0.327 -0.694   -0.716 -0.580  0.389
   148        p+             11.035   11.163   45.427  -0.056  0.633 -0.772    0.269 -0.735 -0.622   -0.961 -0.243 -0.129
   149        p+             11.103   16.089   44.570  -0.360 -0.730  0.580   -0.385 -0.451 -0.806    0.850 -0.513 -0.119
   150        p+              8.400   18.811   41.363  -0.683 -0.730  0.011   -0.006 -0.009 -1.000    0.730 -0.683  0.002
   151        p+              3.593   17.730   40.513  -0.171 -0.695 -0.698   -0.962  0.271 -0.034    0.212  0.666 -0.716
   152        p+             18.962  -13.266  -13.909   0.679  0.716  0.162    0.251 -0.019 -0.968   -0.690  0.698 -0.192
   153        p+             22.251  -15.938  -16.563  -0.090 -0.591 -0.802   -0.981  0.190 -0.030    0.170  0.784 -0.597
   154        p+             25.868  -15.126  -19.917   0.572  0.698  0.430   -0.305 -0.306  0.902    0.761 -0.648  0.038
   155        p+             30.232  -13.097  -18.561  -0.741  0.437 -0.510    0.430 -0.275 -0.860   -0.516 -0.857  0.016
   156        p+             35.070  -12.029  -17.889   0.277 -0.747 -0.604    0.703 -0.271  0.657   -0.655 -0.607  0.450
   157        p+             38.701  -14.837  -19.872   0.780  0.596 -0.191    0.151  0.116  0.982    0.607 -0.795  0.001
   158        p+             41.597  -18.397  -17.887  -0.513 -0.045 -0.857   -0.588 -0.709  0.390   -0.626  0.703  0.337
   159        p+             40.576  -22.888  -15.941   0.797 -0.214  0.565    0.548  0.650 -0.527   -0.255  0.729  0.635
   160        p+             42.391  -27.194  -14.162   0.934  0.270  0.234   -0.208 -0.120  0.971    0.290 -0.955 -0.056
   161        p+             41.066  -29.613   -9.992  -0.753 -0.341 -0.562    0.360  0.502 -0.787    0.551 -0.795 -0.255
   162        p+             -1.742  -20.185  -17.847  -0.530  0.843 -0.092   -0.010 -0.114 -0.993   -0.848 -0.525  0.069
   163        p+             -5.389  -23.055  -19.708   0.947 -0.165 -0.277    0.229 -0.260  0.938   -0.226 -0.951 -0.208
   164        p+             -4.419  -27.460  -21.864  -0.961 -0.259 -0.093    0.274 -0.933 -0.232   -0.027 -0.249  0.968
   165        p+             -1.800  -31.183  -23.934   0.387 -0.898 -0.211   -0.659 -0.109 -0.744    0.645  0.427 -0.634
   166        p+              0.641  -35.492  -23.247   0.942  0.085  0.324    0.333 -0.320 -0.887    0.029  0.944 -0.330
   167        p+              2.409  -38.689  -19.833  -0.293 -0.778  0.556   -0.332 -0.462 -0.822    0.897 -0.425 -0.123
   168        p+              1.964  -39.976  -15.022  -0.748 -0.590  0.305   -0.609  0.426 -0.669    0.265 -0.686 -0.678
   169        p+              1.130  -36.515  -11.512   0.678  0.684  0.268    0.389 -0.025 -0.921   -0.623  0.729 -0.283
   170        p+              3.712  -33.936   -8.094  -0.565  0.170 -0.807   -0.646 -0.699  0.305   -0.513  0.694  0.505
   171        p+              3.383  -31.587   -3.692  -0.685  0.414 -0.599    0.715  0.540 -0.445    0.139 -0.733 -0.666
   172        p+            -13.885    4.299  -22.753  -0.237  0.159  0.958    0.929 -0.252  0.271    0.284  0.955 -0.088
   173        p+             -9.679    5.611  -25.118   0.736 -0.547 -0.399    0.576  0.816 -0.055    0.355 -0.190  0.915
   174        p+             -6.172    9.146  -25.567   0.177  0.602  0.779   -0.956  0.294 -0.010   -0.235 -0.743  0.627
   175        p+             -6.775   13.232  -28.386   0.975  0.134  0.176   -0.154 -0.162  0.975    0.159 -0.978 -0.138
   176        p+             -4.309   16.594  -31.146  -0.684 -0.457  0.568   -0.382 -0.439 -0.813    0.621 -0.774  0.126
   177        p+             -3.000   18.665  -35.504  -0.434 -0.669 -0.603    0.109  0.625 -0.773    0.894 -0.401 -0.198
   178        p+             -5.539   21.966  -38.272   0.826  0.466 -0.317   -0.122 -0.401 -0.908   -0.551  0.788 -0.274
   179        p+             -4.357   25.765  -41.299   0.408 -0.772  0.487    0.655  0.619  0.433   -0.636  0.143  0.759
   180        p+             -2.722   29.543  -44.138  -0.161  0.484  0.860    0.392 -0.769  0.506    0.906  0.418 -0.066
   181        p+             -1.548   33.309  -47.210   0.660  0.110  0.744    0.410 -0.882 -0.233    0.630  0.459 -0.627
   182        p+             22.932  -12.352    7.110  -0.744  0.529  0.409   -0.668 -0.611 -0.425    0.025 -0.589  0.808
   183        p+             27.090  -13.045    9.799  -0.479  0.866  0.141   -0.053  0.131 -0.990   -0.876 -0.482 -0.017
   184        p+             30.363  -12.996   13.579  -0.045  0.988 -0.145   -0.139  0.137  0.981    0.989  0.065  0.131
   185        p+             30.597  -11.212   18.244   0.377 -0.517 -0.768    0.629  0.752 -0.197    0.680 -0.409  0.609
   186        p+             33.914  -10.028   21.794   0.825 -0.531 -0.192   -0.083  0.223 -0.971    0.559  0.817  0.140
   187        p+             36.088   -6.973   25.101   0.551 -0.227  0.803   -0.834 -0.110  0.541   -0.034 -0.968 -0.250
   188        p+             37.773   -4.315   28.986   0.747  0.463  0.477    0.660 -0.598 -0.454    0.075  0.654 -0.753
   189        p+             40.100   -1.116   32.044  -0.378 -0.913 -0.154   -0.622  0.127  0.773   -0.686  0.388 -0.616
   190        p+             42.691    3.114   32.674  -0.208 -0.161 -0.965    0.889  0.379 -0.255    0.407 -0.911  0.064
   191        p+             42.874    5.396   37.119  -0.191  0.306 -0.933   -0.678 -0.728 -0.100   -0.710  0.613  0.347
   192        p+             21.225    8.552  -14.331   0.102 -0.237 -0.966   -0.448 -0.878  0.168   -0.888  0.416 -0.196
   193        p+             21.434    4.060  -16.516   0.671  0.593 -0.444    0.462  0.134  0.877    0.580 -0.794 -0.184
   194        p+             25.067    0.644  -16.882  -0.451 -0.613  0.648    0.334 -0.790 -0.514    0.827 -0.015  0.561
   195        p+             29.800    1.885  -15.852  -0.627 -0.584 -0.515   -0.301 -0.429  0.852   -0.718  0.689  0.093
   196        p+             32.797    0.437  -12.121   0.260 -0.919 -0.297    0.816  0.374 -0.440    0.515 -0.128  0.847
   197        p+             36.970    1.569   -9.610   0.792 -0.171  0.587   -0.605 -0.087  0.791   -0.084 -0.981 -0.172
   198        p+             40.481    4.468   -7.545   0.953 -0.156 -0.261   -0.184  0.387 -0.903    0.241  0.909  0.340
   199        p+             39.730    8.052   -4.140  -0.587 -0.783 -0.204   -0.307  0.449 -0.839    0.749 -0.430 -0.505
   200        p+             39.171    7.078    0.732  -0.711 -0.160  0.685    0.426  0.676  0.601   -0.559  0.719 -0.412
   201        p+             36.218    7.035    4.766   0.838 -0.018 -0.546    0.494  0.452  0.743    0.233 -0.892  0.388
