**************************************************************************************************************
**************************************************************************************************************
**                                                                                                          **
**                                                                                                          **
**                                                  Molsim                                                  **
**                                                                                                          **
**                  integrated md/mc/bd simulation program belonging to the molsim package                  **
**                                                                                                          **
**                                          version 6.4.7, v2.2.0                                           **
**                                                                                                          **
**                                                                                                          **
**                                                Per Linse                                                 **
**                                            Physical Chemistry                                            **
**                                         Department of Chemistry                                          **
**                                             Lund University                                              **
**                                               P.O. Box 124                                               **
**                                          S-221 00 Lund, SWEDEN                                           **
**                                                                                                          **
**                                                                                                          **
**                                         with contributions from                                          **
**                                                                                                          **
**                  Anna Akinchina, Fredrik Carlsson, Samuel Edgecombe, Yoshikatsu Hayashi                  **
**          Pascal Hebbeker, Cornelius Hofzumahaus, Niklas Källrot, Björn Linse, Vladimir Lobaskin          **
**               Thomas M. Nymand, Alberto Pais, Jurij Rescic, Stefanie Schneider, Marie Skepö              **
**          Joakim Stenhammar, Anders Wallqvist, Jos van Rijssel, Erik Wernersson, Per-Olof Åstrand         **
**                                                                                                          **
**                                                                                                          **
**************************************************************************************************************
**************************************************************************************************************
 
2017-01-05     15:52:12

**************************************************************************************************************
*                                                                                                            *
*                                            i n p u t   d a t a                                             *
*                                                                                                            *
**************************************************************************************************************


**************************************************************************************************************
*                                            general information                                             *
**************************************************************************************************************


title   : pe at a cationic surface of mobile charges                                                

key data: mode           : simulation
          method         : mc   
          ensemble       : nvt
          boundary cond. : xyz
          start          : setconf 


number of time steps/passes           1  *         1  =          1

temperature                    =     298.000
pressure                       =       0.101
box lengths (x,y,z)            =     200.000     200.000     400.000
volume                         =   0.160E+08

seed of random generator       =           1

optional subroutine used
------------------------
   ControlAver
   MainAver
   Group
   Static

parameters controlling the output interval (0 = no)
-------------------------------------------------
   itest              0
   ipart              1
   iatom              0
   iaver              0
   ishow              1
   iplot              1
   ilist              0

external units
--------------
number        generic name        file name
------        ------------        ---------
   1               fin            FIN       
   2               fout           FOUT      
   3               fcnf           FCNF      

**************************************************************************************************************
*                                                   units                                                    *
**************************************************************************************************************

quantity                unit
--------                ----
length              1.000E-10 m
mass                1.000E-03 kg/mol
temperature         1.000E+00 k
time                1.000E-12 s
energy              1.000E+03 j/mol
heat capacity       1.000E+00 j/mol*k
diff. coeff.        1.000E-09 m**2/s
pressure            1.000E+06 pa
volume              1.000E-30 m**3
linear vel.         1.000E+02 m/s
linear acc.         1.000E+14 m/s**2
force               1.000E+11 n/mol
moment of inertia   1.000E-23 kg*m**2/mol
angle               1.745E-02 rad

**************************************************************************************************************
*                                               particle data                                                *
**************************************************************************************************************

charged atoms enabled

number of chains               =       1
number of particles            =     300
number of atoms                =     300
number of chains types         =       1     (     10 )
number of particle types       =       4     (     10 )
number of atom types           =       4     (     10 )

chain type         no of chains             topology  npptct(1,ict)  npptct(2,ict)  npptct(3,ict)  npptct(4,ict)
----------         ------------             --------  -------------  -------------  -------------  -------------
pe1                    1                    block        50             0             0             0

particle       no        atom     no     mass    hard core    no of unit   weak      pK        sigma    epsilon  zatalpha
                                                 radius       charges      charge                              
--------       --        ----     --     ----    ---------    ----------   ------    --        -----    -------  --------
bead           50
                         bead     1     20.000    2.000       -1.0000        F      0.0000     0.0000    0.0000    0.0000
surf+         100
                         surf+    1     20.000    2.000        1.0000        F      0.0000     0.0000    0.0000    0.0000
surf-         100
                         surf-    1     20.000    2.000       -1.0000        F      0.0000     0.0000    0.0000    0.0000
pos            50
                         pos      1     20.000    2.000        1.0000        F      0.0000     0.0000    0.0000    0.0000

molecular input frame: bead      
---------------------- ----

atom               coordinate (x,y,z)
----               ------------------
bead         0.00000   0.00000   0.00000

principal axis frame: bead      
--------------------- ----

atom               coordinate (x,y,z)
----               ------------------
bead         0.00000   0.00000   0.00000

molecular input frame: surf+     
---------------------- -----

atom               coordinate (x,y,z)
----               ------------------
surf+        0.00000   0.00000   0.00000

principal axis frame: surf+     
--------------------- -----

atom               coordinate (x,y,z)
----               ------------------
surf+        0.00000   0.00000   0.00000

molecular input frame: surf-     
---------------------- -----

atom               coordinate (x,y,z)
----               ------------------
surf-        0.00000   0.00000   0.00000

principal axis frame: surf-     
--------------------- -----

atom               coordinate (x,y,z)
----               ------------------
surf-        0.00000   0.00000   0.00000

molecular input frame: pos       
---------------------- ---

atom               coordinate (x,y,z)
----               ------------------
pos          0.00000   0.00000   0.00000

principal axis frame: pos       
--------------------- ---

atom               coordinate (x,y,z)
----               ------------------
pos          0.00000   0.00000   0.00000

particle             mass           moment of inertia (x,y,z)        maximal atom-com distance
--------             ----           -------------------------        -------------------------
bead               20.000          0.000     0.000     0.000             0.000
surf+              20.000          0.000     0.000     0.000             0.000
surf-              20.000          0.000     0.000     0.000             0.000
pos                20.000          0.000     0.000     0.000             0.000

**************************************************************************************************************
*                                          two-body potential data                                           *
**************************************************************************************************************

rcut                           =     100.000
utoltab                        =   0.100E-04
ftoltab                        =   0.100E-04
umaxtab                        =   0.200E+05
fmaxtab                        =   0.200E+05

monoatomic energy and force routines

relative permittivity          =   78.400000

system net charge based on zat =    0.00    

parameters controlling the ewald summation
------------------------------------------
txewaldrec                     =              std
iewaldopt                      =                1
uewaldtol                      =      0.60750E-06
error estimate in real space   =      0.60750E-06
error estimate in rec. space   =      0.71904E-07
ualpha                         =      0.30000E-01
ualphared                      =       3.0000    
ncut                           =                7
ncut2                          =               49
ncutregion                     =           sphere
nkvec (one octant)             =              238
surface term                   =                F

2d layer correction included
ncutd2,                        =                7
ncut2d2                        =               49
nkvec2d (one octant)           =               44

particle pair              potential
-------------              ---------
bead-bead                    default             
bead-surf+                   default             
bead-surf-                   default             
bead-pos                     default             
surf+-surf+                  default             
surf+-surf-                  default             
surf+-pos                    default             
surf--surf-                  default             
surf--pos                    default             
pos-pos                      default             

atom pair         energy coefficients (ipot and ucoff)
---------         ------------------------------------
bead-bead              1  0.177214E+02
bead-surf+             1 -0.177214E+02
bead-surf-             1  0.177214E+02
bead-pos               1 -0.177214E+02
surf+-surf+            1  0.177214E+02
surf+-surf-            1 -0.177214E+02
surf+-pos              1  0.177214E+02
surf--surf-            1  0.177214E+02
surf--pos              1 -0.177214E+02
pos-pos                1  0.177214E+02

number of 1/r coefficients than has been changed/added based on zat = 10

specification of two-body potential tables
------------------------------------------
atom pair          no of grids         iubuflow       rumin     rumax
---------          -----------         --------       -----     -----
bead-bead             65                   1          0.316   110.000
bead-surf+            65                 781          0.316   110.000
bead-surf-            65                1561          0.316   110.000
bead-pos              65                2341          0.316   110.000
surf+-surf+           65                3121          0.316   110.000
surf+-surf-           65                3901          0.316   110.000
surf+-pos             65                4681          0.316   110.000
surf--surf-           65                5461          0.316   110.000
surf--pos             65                6241          0.316   110.000
pos-pos               65                7021          0.316   110.000

nbuf (needed, allocated)        =       7801      9000

**************************************************************************************************************
*                                               ipotchain data                                               *
**************************************************************************************************************

bond: force constant           =         2.40880
bond: power                    =               2
bond: eqilibrium separation    =         5.00000
angle: force constant          =         0.00207
angle: power                   =               2
angle: eqilibrium separation   =       180.00000
itestpotchain                  =               0

**************************************************************************************************************
*                                          external potential data                                           *
**************************************************************************************************************

particle type                  =  bead      
hard walls at z = -wall_z_ext and +wall_z_ext
wall_z_ext                     =    150.    
particle type                  =  surf+     
particle type                  =  surf-     
hard walls at z = -wall_z_ext and +wall_z_ext
wall_z_ext                     =    150.    
particle type                  =  pos       

**************************************************************************************************************
*                                         initial configuration data                                         *
**************************************************************************************************************

start configuration from SetConfiguration
-----------------------------------------
part. type    routine          no of unit cells (x,y,z)     lower (x,y,z)      upper (x,y,z)      shift (x,y,z)
----------    -------          ------------------------     -------------      -------------      -------------
 1  bead      chainrandom             0    0    0        -100.0-100.0-140.0  100.0 100.0-120.0    0.0   0.0   0.0
 2  surf+     random                  0    0    0        -100.0-100.0-150.0  100.0 100.0-150.0    0.0   0.0   0.0
 3  surf-     random                  0    0    0        -100.0-100.0-150.0  100.0 100.0-150.0    0.0   0.0   0.0
 4  pos       random                  0    0    0        -100.0-100.0-140.0  100.0 100.0 150.0    0.0   0.0   0.0

bond length scaling factor              =      1.000
minimum angle between consecutive beads =     90.000

first macrostep                =      1

**************************************************************************************************************
*                                                coordinates                                                 *
**************************************************************************************************************


particle coordinates
--------------------
particle no   particle type       com (x,y,z)              x'-axis (x,y,z)        y'-axis (x,y,z)        z'-axis (x,y,z)
-----------   -------------       -----------              ---------------        ---------------        ---------------
     1        bead          -54.413  -34.524 -127.766   0.422 -0.552  0.719   -0.595 -0.767 -0.240    0.684 -0.327 -0.652
     2        bead          -51.239  -31.253 -125.710   0.203 -0.963 -0.175    0.070 -0.164  0.984   -0.977 -0.212  0.034
     3        bead          -47.852  -32.008 -122.110  -0.236  0.675  0.699    0.213  0.738 -0.640   -0.948 -0.002 -0.318
     4        bead          -44.916  -35.945 -123.046   0.603  0.044  0.796   -0.451  0.842  0.295   -0.658 -0.537  0.528
     5        bead          -42.884  -37.398 -127.377   0.083 -0.283  0.956    0.269  0.930  0.251   -0.959  0.236  0.153
     6        bead          -39.450  -37.894 -130.978   0.752 -0.173  0.636   -0.031  0.955  0.295   -0.659 -0.241  0.713
     7        bead          -41.200  -42.351 -132.420  -0.287  0.456 -0.842    0.747  0.657  0.101    0.600 -0.600 -0.530
     8        bead          -43.831  -43.414 -128.303  -0.711  0.345 -0.613    0.663  0.619 -0.421    0.234 -0.706 -0.669
     9        bead          -44.004  -46.072 -124.072  -0.066 -0.083 -0.994   -0.830  0.558  0.009    0.554  0.826 -0.106
    10        bead          -47.723  -43.428 -122.028  -0.736 -0.673  0.069   -0.020 -0.081 -0.997    0.677 -0.735  0.046
    11        bead          -52.275  -44.583 -123.745   0.938 -0.329 -0.112    0.133  0.041  0.990   -0.321 -0.944  0.082
    12        bead          -52.985  -42.003 -127.968   0.811  0.279 -0.515    0.460 -0.847  0.265   -0.362 -0.452 -0.815
    13        bead          -57.209  -41.507 -130.597  -0.164 -0.825  0.541   -0.792 -0.216 -0.570    0.588 -0.522 -0.618
    14        bead          -57.315  -45.791 -133.173  -0.224  0.755 -0.617   -0.230 -0.656 -0.719   -0.947 -0.019  0.320
    15        bead          -52.526  -47.161 -133.602   0.301 -0.920  0.250    0.469 -0.086 -0.879    0.831  0.382  0.406
    16        bead          -49.600  -45.421 -137.264  -0.757  0.496 -0.426   -0.570 -0.180  0.802    0.321  0.850  0.418
    17        bead          -52.548  -41.747 -138.940   0.206 -0.949 -0.239   -0.526 -0.313  0.790   -0.825 -0.037 -0.564
    18        bead          -53.631  -38.060 -135.741  -0.817  0.028  0.575    0.572 -0.081  0.816    0.069  0.996  0.050
    19        bead          -56.667  -35.323 -132.861   0.340 -0.729  0.594    0.908  0.089 -0.410    0.246  0.678  0.692
    20        bead          -60.556  -32.431 -134.090   0.800 -0.062 -0.596   -0.469 -0.685 -0.558   -0.374  0.726 -0.577
    21        bead          -62.654  -34.004 -138.348  -0.343  0.667 -0.662    0.218 -0.629 -0.746   -0.914 -0.400  0.070
    22        bead          -67.174  -35.740 -137.099   0.562  0.748 -0.353   -0.326 -0.192 -0.926   -0.760  0.635  0.136
    23        bead          -66.640  -40.240 -139.212  -0.027  0.415 -0.910   -0.651 -0.698 -0.299   -0.759  0.584  0.289
    24        bead          -68.823  -43.411 -136.021   0.835  0.086 -0.544   -0.392  0.787 -0.477    0.387  0.611  0.690
    25        bead          -69.504  -46.771 -139.661   0.458  0.758 -0.465    0.308  0.356  0.882    0.834 -0.547 -0.070
    26        bead          -70.986  -50.906 -137.272  -0.117 -0.525 -0.843    0.873  0.351 -0.340    0.474 -0.775  0.417
    27        bead          -70.887  -53.612 -133.069   0.093 -0.986  0.136   -0.253  0.109  0.961   -0.963 -0.124 -0.239
    28        bead          -68.373  -52.843 -128.815  -0.231 -0.446 -0.865    0.561  0.665 -0.493    0.795 -0.599  0.096
    29        bead          -72.179  -53.525 -125.645  -0.245  0.753 -0.611   -0.967 -0.142  0.212    0.073  0.643  0.762
    30        bead          -75.053  -57.429 -126.868   0.079 -0.784 -0.616   -0.344  0.559 -0.755    0.936  0.271 -0.225
    31        bead          -75.839  -58.751 -122.110  -0.851  0.050 -0.522    0.322  0.835 -0.446    0.414 -0.548 -0.727
    32        bead          -72.539  -62.469 -121.575  -0.923 -0.049  0.381    0.384 -0.127  0.914    0.004  0.991  0.136
    33        bead          -68.244  -60.379 -123.053  -0.607 -0.781  0.149    0.119  0.095  0.988   -0.786  0.618  0.035
    34        bead          -64.797  -57.695 -120.621  -0.554  0.220  0.803    0.827  0.258  0.500   -0.097  0.941 -0.325
    35        bead          -61.091  -60.719 -122.076   0.752 -0.051  0.657   -0.235  0.911  0.340   -0.615 -0.410  0.673
    36        bead          -56.262  -61.310 -120.920  -0.369  0.505  0.780    0.749 -0.335  0.571    0.550  0.795 -0.255
    37        bead          -52.144  -63.866 -122.147   0.047 -0.961 -0.271   -0.402 -0.267  0.876   -0.915  0.068 -0.398
    38        bead          -48.927  -67.386 -120.643  -0.683 -0.688 -0.246   -0.270  0.550 -0.791    0.679 -0.474 -0.561
    39        bead          -47.115  -69.339 -124.874   0.352 -0.615  0.706    0.195  0.786  0.587   -0.915 -0.069  0.397
    40        bead          -44.344  -72.501 -127.580   0.555 -0.415 -0.721   -0.418 -0.888  0.189   -0.719  0.197 -0.666
    41        bead          -41.259  -75.375 -124.892  -0.872 -0.436 -0.222   -0.133 -0.225  0.965   -0.470  0.872  0.138
    42        bead          -39.992  -74.432 -120.148   0.945 -0.282  0.163   -0.135  0.119  0.984   -0.297 -0.952  0.074
    43        bead          -35.311  -76.164 -120.437  -0.369 -0.257  0.893    0.528 -0.849 -0.027    0.765  0.462  0.449
    44        bead          -30.526  -77.571 -120.086   0.519  0.085 -0.851    0.171 -0.985  0.006   -0.838 -0.148 -0.526
    45        bead          -30.104  -80.546 -124.082  -0.419 -0.289 -0.861   -0.442  0.893 -0.084    0.793  0.346 -0.502
    46        bead          -26.034  -83.234 -125.182  -0.664  0.644 -0.379    0.279 -0.257 -0.925   -0.694 -0.720 -0.009
    47        bead          -23.830  -87.264 -127.157   0.678 -0.735 -0.013   -0.027 -0.006 -1.000    0.735  0.678 -0.024
    48        bead          -22.312  -89.571 -122.989  -0.753  0.229  0.617    0.062 -0.909  0.413    0.656  0.349  0.670
    49        bead          -17.977  -91.994 -123.563  -0.607  0.767 -0.209   -0.091  0.194  0.977    0.790  0.612 -0.048
    50        bead          -18.618  -93.169 -128.381   0.836 -0.113 -0.536    0.445 -0.432  0.785   -0.321 -0.895 -0.311
    51        surf+          10.061   11.595 -148.500   0.971 -0.188 -0.146   -0.185 -0.213 -0.959    0.149  0.959 -0.242
    52        surf+          63.360   19.220 -148.500  -0.572 -0.819  0.030   -0.054  0.002 -0.999    0.818 -0.573 -0.046
    53        surf+          71.697  -66.904 -148.500  -0.775  0.181  0.606   -0.484  0.447 -0.753   -0.407 -0.876 -0.259
    54        surf+          70.565  -87.527 -148.500  -0.883  0.357 -0.304   -0.271  0.139  0.952    0.383  0.924 -0.026
    55        surf+         -72.738   67.727 -148.500   0.837 -0.233 -0.495   -0.465  0.174 -0.868    0.288  0.957  0.037
    56        surf+         -60.569  -46.920 -148.500   0.093 -0.644 -0.759    0.570 -0.590  0.571   -0.816 -0.486  0.313
    57        surf+         -50.058   44.748 -148.500   0.496 -0.376  0.783    0.200 -0.828 -0.524    0.845  0.417 -0.336
    58        surf+          79.871   97.400 -148.500  -0.686 -0.688 -0.236   -0.522  0.692 -0.499    0.507 -0.219 -0.834
    59        surf+          -3.139   11.059 -148.500   0.957  0.007  0.289    0.266 -0.413 -0.871    0.113  0.911 -0.398
    60        surf+           2.006   41.695 -148.500   0.728  0.500 -0.468    0.396  0.251  0.883    0.559 -0.829 -0.015
    61        surf+          24.895  -50.740 -148.500  -0.597 -0.292 -0.747   -0.704 -0.254  0.663   -0.384  0.922 -0.054
    62        surf+          13.729  -46.838 -148.500  -0.277  0.282 -0.919   -0.279 -0.939 -0.204   -0.920  0.199  0.339
    63        surf+          35.530  -70.917 -148.500  -0.114  0.969 -0.219   -0.832  0.027  0.554    0.543  0.245  0.803
    64        surf+          90.099  -12.221 -148.500   0.031  0.815  0.579   -0.976 -0.099  0.192    0.214 -0.571  0.793
    65        surf+          35.755  -60.749 -148.500   0.755  0.642 -0.134    0.565 -0.533  0.630    0.333 -0.551 -0.765
    66        surf+         -89.940  -39.321 -148.500   0.280  0.693  0.665    0.954 -0.121 -0.276   -0.110  0.711 -0.695
    67        surf+          22.332   75.855 -148.500  -0.817  0.252 -0.518   -0.247  0.660  0.710    0.520  0.708 -0.477
    68        surf+           9.071  -79.688 -148.500  -0.563  0.283 -0.776   -0.368  0.755  0.542    0.740  0.591 -0.321
    69        surf+         -40.493  -58.222 -148.500   0.263  0.965  0.014    0.075 -0.005 -0.997   -0.962  0.263 -0.074
    70        surf+          95.133  -13.953 -148.500   0.715 -0.002  0.699    0.330  0.883 -0.334   -0.616  0.469  0.632
    71        surf+          29.086   83.116 -148.500  -0.306  0.535  0.788   -0.948 -0.102 -0.300   -0.080 -0.839  0.538
    72        surf+         -63.085  -85.726 -148.500   0.389 -0.920 -0.039    0.012 -0.037  0.999   -0.921 -0.390 -0.004
    73        surf+          95.900   71.512 -148.500   0.729  0.015 -0.684    0.208  0.948  0.242    0.652 -0.318  0.688
    74        surf+          11.986  -25.503 -148.500  -0.644 -0.525 -0.556   -0.194 -0.592  0.783   -0.740  0.612  0.280
    75        surf+          85.950   36.434 -148.500   0.636 -0.076  0.768   -0.006 -0.996 -0.093    0.772  0.054 -0.634
    76        surf+         -25.547  -35.473 -148.500   0.146  0.923 -0.357   -0.370  0.386  0.845    0.918  0.009  0.397
    77        surf+          77.632  -51.093 -148.500   0.397  0.628  0.669   -0.275  0.777 -0.566   -0.875  0.041  0.482
    78        surf+          40.953   48.267 -148.500   0.527  0.616 -0.585    0.849 -0.351  0.396    0.039 -0.705 -0.708
    79        surf+         -16.022  -41.198 -148.500   0.275  0.576 -0.770   -0.665  0.692  0.280    0.694  0.435  0.573
    80        surf+          38.118   18.735 -148.500  -0.912 -0.012  0.410    0.245 -0.819  0.519    0.330  0.574  0.750
    81        surf+          61.168   51.619 -148.500   0.553 -0.796  0.245   -0.126 -0.371 -0.920    0.823  0.478 -0.306
    82        surf+         -42.435  -19.262 -148.500   0.236 -0.703  0.671    0.677 -0.377 -0.632    0.697  0.603  0.387
    83        surf+         -77.846   15.859 -148.500  -0.323 -0.733  0.599   -0.351  0.680  0.643   -0.879 -0.003 -0.477
    84        surf+         -77.879  -88.679 -148.500   0.959 -0.105 -0.263    0.280  0.199  0.939   -0.046 -0.974  0.220
    85        surf+         -37.194   34.735 -148.500   0.647  0.430  0.629    0.365 -0.900  0.239    0.669  0.075 -0.739
    86        surf+          23.378  -77.707 -148.500   0.736 -0.441  0.514   -0.427  0.287  0.858   -0.526 -0.850  0.023
    87        surf+          35.625   29.829 -148.500  -0.356 -0.304 -0.883    0.691  0.551 -0.468    0.629 -0.777  0.014
    88        surf+         -50.983  -25.466 -148.500   0.738 -0.084 -0.669    0.625 -0.290  0.725   -0.255 -0.953 -0.162
    89        surf+          32.003  -33.077 -148.500  -0.043  0.690  0.722    0.995  0.097 -0.033   -0.093  0.717 -0.691
    90        surf+         -54.594  -82.796 -148.500  -0.273  0.897  0.347   -0.632  0.104 -0.768   -0.725 -0.429  0.539
    91        surf+          47.511   13.799 -148.500   0.931 -0.218 -0.293   -0.277  0.103 -0.955    0.239  0.970  0.035
    92        surf+          89.792  -81.539 -148.500  -0.556  0.037  0.830   -0.762  0.374 -0.528   -0.330 -0.927 -0.180
    93        surf+           1.994  -79.018 -148.500  -0.611 -0.608  0.507   -0.301 -0.414 -0.859    0.732 -0.678  0.070
    94        surf+          53.379   14.766 -148.500   0.352 -0.522 -0.777   -0.369 -0.840  0.397   -0.860  0.147 -0.489
    95        surf+          74.802   51.514 -148.500  -0.034  0.663  0.748   -0.869  0.350 -0.350   -0.493 -0.662  0.564
    96        surf+         -87.105   51.437 -148.500  -0.723 -0.517  0.458    0.656 -0.306  0.690   -0.217  0.799  0.561
    97        surf+         -28.305  -40.803 -148.500   0.222 -0.552 -0.804    0.938  0.345  0.022    0.265 -0.759  0.595
    98        surf+           6.959   39.048 -148.500   0.443 -0.561  0.699   -0.360  0.603  0.712   -0.821 -0.567  0.065
    99        surf+          59.240  -87.939 -148.500  -0.286  0.574  0.768   -0.842  0.233 -0.487   -0.458 -0.785  0.416
   100        surf+           3.597  -41.779 -148.500   0.598 -0.556 -0.577   -0.275  0.534 -0.799    0.753  0.637  0.167
   101        surf+          33.803   20.992 -148.500  -0.719  0.672 -0.177    0.133 -0.118 -0.984   -0.683 -0.731 -0.004
   102        surf+          84.699  -90.412 -148.500  -0.879  0.475 -0.047   -0.010  0.079  0.997    0.477  0.876 -0.065
   103        surf+         -43.931   54.081 -148.500  -0.710  0.704  0.025    0.014 -0.021  1.000    0.704  0.710  0.004
   104        surf+         -33.328   36.532 -148.500  -0.404 -0.902 -0.150   -0.026  0.175 -0.984    0.914 -0.394 -0.094
   105        surf+         -38.728   56.400 -148.500   0.077 -0.686 -0.724   -0.452  0.623 -0.638    0.889  0.377 -0.262
   106        surf+          97.265    1.697 -148.500   0.616  0.464 -0.636   -0.787  0.332 -0.520   -0.030  0.821  0.570
   107        surf+          26.105   45.593 -148.500  -0.560  0.005 -0.828    0.777  0.351 -0.523    0.288 -0.936 -0.201
   108        surf+         -46.292  -43.091 -148.500  -0.488 -0.697  0.525    0.409  0.349  0.843   -0.771  0.627  0.114
   109        surf+         -96.943   20.168 -148.500   0.531  0.285 -0.798   -0.197 -0.875 -0.443   -0.824  0.392 -0.409
   110        surf+          -7.425  -83.123 -148.500   0.712  0.231 -0.662   -0.246  0.967  0.073    0.657  0.111  0.746
   111        surf+         -64.169   43.916 -148.500   0.265 -0.670 -0.693    0.747 -0.312  0.587   -0.610 -0.674  0.417
   112        surf+         -69.746  -74.451 -148.500   0.628 -0.680  0.377    0.748  0.662 -0.052   -0.214  0.315  0.925
   113        surf+         -69.514  -49.478 -148.500  -0.918 -0.300 -0.260   -0.272 -0.002  0.962   -0.289  0.954 -0.079
   114        surf+           7.698   58.319 -148.500  -0.822 -0.368  0.434   -0.476  0.025 -0.879    0.313 -0.929 -0.195
   115        surf+         -55.259  -21.535 -148.500  -0.383  0.027 -0.924   -0.490  0.842  0.227    0.783  0.539 -0.309
   116        surf+         -62.955  -80.998 -148.500   0.597  0.151 -0.788   -0.593 -0.578 -0.560   -0.540  0.802 -0.256
   117        surf+         -95.658    0.864 -148.500   0.121  0.762 -0.636   -0.199  0.647  0.736    0.972  0.038  0.230
   118        surf+          65.580   97.550 -148.500  -0.501  0.781 -0.372   -0.381 -0.585 -0.716   -0.777 -0.217  0.590
   119        surf+          98.996   26.725 -148.500  -0.413 -0.539 -0.734   -0.723  0.684 -0.095    0.554  0.491 -0.672
   120        surf+          19.570  -37.537 -148.500  -0.740 -0.032  0.672    0.628 -0.391  0.673    0.241  0.920  0.309
   121        surf+         -93.559  -97.520 -148.500  -0.107 -0.760  0.641    0.471  0.529  0.706   -0.876  0.377  0.301
   122        surf+          96.431   61.965 -148.500   0.535 -0.209 -0.819   -0.743 -0.577 -0.338   -0.402  0.789 -0.464
   123        surf+         -21.661   48.889 -148.500   0.518  0.812 -0.269   -0.855  0.493 -0.158    0.004  0.312  0.950
   124        surf+         -92.852  -71.650 -148.500  -0.054  0.986  0.156    0.278  0.165 -0.946   -0.959 -0.008 -0.283
   125        surf+         -67.040   57.364 -148.500  -0.146  0.100  0.984    0.987 -0.054  0.152    0.068  0.994 -0.091
   126        surf+          69.706  -23.636 -148.500   0.588 -0.557  0.587   -0.772 -0.168  0.613   -0.243 -0.813 -0.528
   127        surf+          -9.046   76.821 -148.500  -0.744 -0.624  0.239   -0.107 -0.241 -0.965    0.660 -0.743  0.112
   128        surf+         -60.180   63.937 -148.500  -0.370 -0.928  0.046   -0.036 -0.035 -0.999    0.928 -0.371 -0.021
   129        surf+         -20.433   16.120 -148.500   0.720  0.022  0.694   -0.083  0.995  0.054   -0.689 -0.097  0.718
   130        surf+         -83.028   97.095 -148.500   0.386  0.706  0.594    0.453  0.417 -0.788   -0.804  0.573 -0.159
   131        surf+         -10.050  -42.957 -148.500  -0.932  0.286 -0.222   -0.339 -0.471  0.814    0.129  0.834  0.536
   132        surf+         -28.839   96.518 -148.500   0.535  0.565  0.628    0.839 -0.443 -0.316    0.100  0.696 -0.712
   133        surf+         -43.669   -3.750 -148.500  -0.687 -0.347  0.639    0.423  0.525  0.739   -0.592  0.777 -0.214
   134        surf+          61.815   57.750 -148.500  -0.715  0.199 -0.670    0.698  0.226 -0.679    0.016 -0.953 -0.301
   135        surf+         -70.616  -78.794 -148.500  -0.603 -0.710 -0.365   -0.290 -0.232  0.929   -0.744  0.665 -0.066
   136        surf+         -38.562   64.416 -148.500   0.808 -0.094 -0.581   -0.588 -0.194 -0.785   -0.039  0.976 -0.212
   137        surf+         -91.718   91.342 -148.500  -0.525  0.096  0.845   -0.733  0.454 -0.507   -0.433 -0.886 -0.169
   138        surf+          60.107  -68.340 -148.500   0.109  0.505  0.856    0.802  0.465 -0.376   -0.588  0.727 -0.354
   139        surf+          51.430  -69.532 -148.500  -0.508  0.529  0.680    0.851  0.188  0.490    0.131  0.828 -0.546
   140        surf+          10.375   32.654 -148.500  -0.683  0.682 -0.263   -0.150  0.221  0.964    0.715  0.697 -0.049
   141        surf+          88.710  -26.318 -148.500  -0.771  0.386 -0.507    0.631  0.358 -0.688   -0.085 -0.850 -0.519
   142        surf+         -84.976   13.547 -148.500   0.159  0.609  0.777   -0.401  0.759 -0.512   -0.902 -0.231  0.365
   143        surf+          47.271  -13.658 -148.500   0.575 -0.472 -0.669   -0.424  0.528 -0.736    0.700  0.707  0.103
   144        surf+          97.310   33.235 -148.500   0.396 -0.692  0.604    0.578 -0.323 -0.749    0.714  0.645  0.273
   145        surf+         -27.839   85.797 -148.500   0.748  0.558 -0.359   -0.181 -0.350 -0.919   -0.639  0.752 -0.161
   146        surf+          83.118  -13.143 -148.500  -0.936  0.352  0.004    0.006  0.006  1.000    0.352  0.936 -0.007
   147        surf+         -32.032   82.548 -148.500  -0.856 -0.277  0.436    0.400  0.179  0.899   -0.327  0.944 -0.042
   148        surf+          76.550    1.164 -148.500   0.590  0.729 -0.347    0.447 -0.653 -0.611   -0.672  0.205 -0.711
   149        surf+         -71.280   62.397 -148.500   0.586 -0.425 -0.690   -0.453  0.534 -0.714    0.672  0.731  0.121
   150        surf+          68.185   -3.899 -148.500  -0.397 -0.785  0.475    0.469  0.271  0.840   -0.789  0.557  0.261
   151        surf-          28.134   88.032 -148.500  -0.587 -0.520  0.620    0.371 -0.854 -0.365    0.719  0.016  0.695
   152        surf-         -30.350  -29.780 -148.500   0.778 -0.628 -0.018    0.027  0.004  1.000   -0.628 -0.778  0.020
   153        surf-         -67.200   67.906 -148.500  -0.938 -0.318 -0.138    0.131  0.042 -0.990    0.321 -0.947  0.003
   154        surf-         -94.281  -56.446 -148.500  -0.636  0.654  0.411    0.760  0.623  0.186   -0.135  0.430 -0.893
   155        surf-          -5.769  -70.192 -148.500  -0.609 -0.382 -0.695   -0.174  0.919 -0.353    0.774 -0.094 -0.626
   156        surf-         -73.707  -86.356 -148.500  -0.813  0.573  0.106   -0.056  0.104 -0.993   -0.579 -0.813 -0.052
   157        surf-         -20.956  -13.048 -148.500   0.154 -0.687 -0.711   -0.424 -0.696  0.580   -0.892  0.212 -0.399
   158        surf-         -77.632  -70.559 -148.500   0.449  0.638  0.626    0.741  0.126 -0.659   -0.499  0.760 -0.416
   159        surf-          26.518  -13.963 -148.500  -0.571  0.548 -0.612   -0.730  0.002  0.683    0.376  0.837  0.399
   160        surf-          14.432  -87.057 -148.500  -0.184 -0.983 -0.027    0.054 -0.037  0.998   -0.981  0.182  0.060
   161        surf-          13.511   74.868 -148.500  -0.461  0.569  0.681    0.133 -0.714  0.687    0.877  0.408  0.253
   162        surf-         -91.618   -2.358 -148.500  -0.698  0.687  0.205    0.113 -0.177  0.978    0.708  0.705  0.046
   163        surf-          61.058    4.799 -148.500   0.608  0.774  0.176    0.136  0.117 -0.984   -0.782  0.622 -0.034
   164        surf-         -33.801   98.889 -148.500   0.905 -0.007 -0.425   -0.222  0.845 -0.486    0.362  0.535  0.763
   165        surf-          22.902   62.123 -148.500   0.988  0.022 -0.155    0.155 -0.010  0.988    0.021 -1.000 -0.014
   166        surf-          85.322   -9.432 -148.500   0.742 -0.186 -0.644   -0.615 -0.573 -0.542   -0.268  0.798 -0.540
   167        surf-         -13.245  -52.117 -148.500  -0.847  0.421 -0.323    0.235 -0.248 -0.940   -0.476 -0.872  0.111
   168        surf-         -42.416  -84.113 -148.500  -0.677 -0.544 -0.495   -0.455 -0.219  0.863   -0.579  0.810 -0.099
   169        surf-          85.505  -59.132 -148.500   0.614  0.619  0.490   -0.544 -0.119  0.831    0.573 -0.776  0.264
   170        surf-          18.220   11.142 -148.500  -0.715  0.064  0.696    0.384  0.868  0.315   -0.584  0.492 -0.645
   171        surf-          82.063  -62.923 -148.500   0.862 -0.343  0.373    0.463  0.833 -0.302   -0.207  0.433  0.877
   172        surf-         -63.552  -92.176 -148.500   0.788 -0.545  0.287    0.463  0.216 -0.860    0.407  0.810  0.422
   173        surf-         -78.211   36.622 -148.500   0.534  0.496  0.685    0.764 -0.631 -0.139    0.363  0.597 -0.715
   174        surf-         -47.698  -65.335 -148.500   0.406 -0.608  0.682    0.583  0.747  0.319   -0.704  0.268  0.658
   175        surf-         -63.908   20.587 -148.500   0.415 -0.872  0.260    0.115  0.333  0.936   -0.902 -0.359  0.239
   176        surf-         -72.400  -21.093 -148.500   0.523 -0.485 -0.701   -0.850 -0.231 -0.473    0.067  0.843 -0.533
   177        surf-         -97.865   49.570 -148.500   0.039  0.853  0.520    0.422  0.457 -0.783   -0.906  0.250 -0.342
   178        surf-          71.783  -93.405 -148.500   0.348  0.275 -0.896    0.462  0.782  0.419    0.816 -0.560  0.145
   179        surf-          69.092  -47.798 -148.500  -0.214 -0.936  0.278    0.124 -0.309 -0.943    0.969 -0.167  0.182
   180        surf-         -23.021  -27.776 -148.500   0.275 -0.752  0.599   -0.615  0.341  0.711   -0.739 -0.563 -0.369
   181        surf-         -47.329   67.578 -148.500   0.124 -0.786  0.606   -0.565 -0.558 -0.608    0.816 -0.267 -0.513
   182        surf-          91.121  -77.106 -148.500   0.169  0.056 -0.984   -0.556  0.830 -0.048    0.814  0.555  0.172
   183        surf-          83.204    5.745 -148.500  -0.759 -0.161 -0.631    0.515 -0.743 -0.429   -0.400 -0.650  0.646
   184        surf-         -66.957  -16.803 -148.500  -0.311 -0.903  0.296   -0.912  0.196 -0.360    0.267 -0.382 -0.885
   185        surf-         -16.458   49.093 -148.500   0.460  0.661  0.592   -0.764  0.635 -0.116   -0.453 -0.399  0.797
   186        surf-          69.322  -74.345 -148.500   0.781 -0.595  0.188   -0.114  0.160  0.981   -0.613 -0.788  0.057
   187        surf-          89.616  -35.806 -148.500   0.679 -0.682 -0.273    0.470  0.689 -0.552    0.564  0.246  0.788
   188        surf-         -60.343   -9.364 -148.500   0.830  0.544  0.119    0.336 -0.318 -0.887   -0.445  0.776 -0.447
