**************************************************************************************************************
**************************************************************************************************************
**                                                                                                          **
**                                                                                                          **
**                                                  Molsim                                                  **
**                                                                                                          **
**                  integrated md/mc/bd simulation program belonging to the molsim package                  **
**                                                                                                          **
**                                      version 6.4.7, Sep 18, 2015 v                                       **
**                                                                                                          **
**                                                                                                          **
**                                                Per Linse                                                 **
**                                            Physical Chemistry                                            **
**                                         Department of Chemistry                                          **
**                                             Lund University                                              **
**                                               P.O. Box 124                                               **
**                                          S-221 00 Lund, SWEDEN                                           **
**                                                                                                          **
**                                                                                                          **
**                                         with contributions from                                          **
**                                                                                                          **
**                  Anna Akinchina, Fredrik Carlsson, Samuel Edgecombe, Yoshikatsu Hayashi                  **
**          Pascal Hebbeker, Cornelius Hofzumahaus, Niklas Källrot, Björn Linse, Vladimir Lobaskin          **
**               Thomas M. Nymand, Alberto Pais, Jurij Rescic, Stefanie Schneider, Marie Skepö              **
**          Joakim Stenhammar, Anders Wallqvist, Jos van Rijssel, Erik Wernersson, Per-Olof Åstrand         **
**                                                                                                          **
**                                                                                                          **
**************************************************************************************************************
**************************************************************************************************************
 
2016-09-13     16:40:20

**************************************************************************************************************
*                                                                                                            *
*                                            i n p u t   d a t a                                             *
*                                                                                                            *
**************************************************************************************************************


**************************************************************************************************************
*                                            general information                                             *
**************************************************************************************************************


title   : pe at a cationic surface of mobile charges                                                

key data: mode           : simulation
          method         : mc   
          ensemble       : nvt
          boundary cond. : xyz
          start          : setconf 


number of time steps/passes           1  *         1  =          1

temperature                    =     298.000
pressure                       =       0.101
box lengths (x,y,z)            =     200.000     200.000     400.000
volume                         =   0.160E+08

seed of random generator       =           1

optional subroutine used
------------------------
   ControlAver
   MainAver
   Group
   Static

parameters controlling the output interval (0 = no)
-------------------------------------------------
   itest              0
   ipart              1
   iatom              0
   iaver              0
   ishow              1
   iplot              1
   ilist              0

external units
--------------
number        generic name        file name
------        ------------        ---------
   1               fin            FIN       
   2               fout           FOUT      
   3               fcnf           FCNF      

**************************************************************************************************************
*                                                   units                                                    *
**************************************************************************************************************

quantity                unit
--------                ----
length              1.000E-10 m
mass                1.000E-03 kg/mol
temperature         1.000E+00 k
time                1.000E-12 s
energy              1.000E+03 j/mol
heat capacity       1.000E+00 j/mol*k
diff. coeff.        1.000E-09 m**2/s
pressure            1.000E+06 pa
volume              1.000E-30 m**3
linear vel.         1.000E+02 m/s
linear acc.         1.000E+14 m/s**2
force               1.000E+11 n/mol
moment of inertia   1.000E-23 kg*m**2/mol
angle               1.745E-02 rad

**************************************************************************************************************
*                                               particle data                                                *
**************************************************************************************************************

charged atoms enabled

number of chains               =       1
number of particles            =     300
number of atoms                =     300
number of chains types         =       1     (     10 )
number of particle types       =       4     (     10 )
number of atom types           =       4     (     10 )

chain type         no of chains             topology  no of particles of the different types
----------         ------------             --------  --------------------------------------
pe1                    1                    block        50    0    0    0

particle       no        atom     no     mass    hard core    no of unit   weak      pK        sigma    epsilon  zatalpha
                                                 radius       charges      charge                              
--------       --        ----     --     ----    ---------    ----------   ------    --        -----    -------  --------
bead           50
                         bead     1     20.000    2.000       -1.0000        F      0.0000     0.0000    0.0000    0.0000
surf+         100
                         surf+    1     20.000    2.000        1.0000        F      0.0000     0.0000    0.0000    0.0000
surf-         100
                         surf-    1     20.000    2.000       -1.0000        F      0.0000     0.0000    0.0000    0.0000
pos            50
                         pos      1     20.000    2.000        1.0000        F      0.0000     0.0000    0.0000    0.0000

molecular input frame: bead      
---------------------- ----

atom               coordinate (x,y,z)
----               ------------------
bead         0.00000   0.00000   0.00000

principal axis frame: bead      
--------------------- ----

atom               coordinate (x,y,z)
----               ------------------
bead         0.00000   0.00000   0.00000

molecular input frame: surf+     
---------------------- -----

atom               coordinate (x,y,z)
----               ------------------
surf+        0.00000   0.00000   0.00000

principal axis frame: surf+     
--------------------- -----

atom               coordinate (x,y,z)
----               ------------------
surf+        0.00000   0.00000   0.00000

molecular input frame: surf-     
---------------------- -----

atom               coordinate (x,y,z)
----               ------------------
surf-        0.00000   0.00000   0.00000

principal axis frame: surf-     
--------------------- -----

atom               coordinate (x,y,z)
----               ------------------
surf-        0.00000   0.00000   0.00000

molecular input frame: pos       
---------------------- ---

atom               coordinate (x,y,z)
----               ------------------
pos          0.00000   0.00000   0.00000

principal axis frame: pos       
--------------------- ---

atom               coordinate (x,y,z)
----               ------------------
pos          0.00000   0.00000   0.00000

particle             mass           moment of inertia (x,y,z)        maximal atom-com distance
--------             ----           -------------------------        -------------------------
bead               20.000          0.000     0.000     0.000             0.000
surf+              20.000          0.000     0.000     0.000             0.000
surf-              20.000          0.000     0.000     0.000             0.000
pos                20.000          0.000     0.000     0.000             0.000

**************************************************************************************************************
*                                          two-body potential data                                           *
**************************************************************************************************************

rcut                           =     100.000
utoltab                        =   0.100E-04
ftoltab                        =   0.100E-04
umaxtab                        =   0.200E+05
fmaxtab                        =   0.200E+05

monoatomic energy and force routines

relative permittivity          =   78.400000

system net charge based on zat =    0.00    

parameters controlling the ewald summation
------------------------------------------
txewaldrec                     =              std
iewaldopt                      =                1
uewaldtol                      =      0.60750E-06
error estimate in real space   =      0.60750E-06
error estimate in rec. space   =      0.71904E-07
ualpha                         =      0.30000E-01
ualphared                      =       3.0000    
ncut                           =                7
ncut2                          =               49
ncutregion                     =           sphere
nkvec (one octant)             =              238
surface term                   =                F

2d layer correction included
ncutd2,                        =                7
ncut2d2                        =               49
nkvec2d (one octant)           =               44

particle pair              potential
-------------              ---------
bead-bead                    default             
bead-surf+                   default             
bead-surf-                   default             
bead-pos                     default             
surf+-surf+                  default             
surf+-surf-                  default             
surf+-pos                    default             
surf--surf-                  default             
surf--pos                    default             
pos-pos                      default             

atom pair         energy coefficients (ipot and ucoff)
---------         ------------------------------------
bead-bead              1  0.177214E+02
bead-surf+             1 -0.177214E+02
bead-surf-             1  0.177214E+02
bead-pos               1 -0.177214E+02
surf+-surf+            1  0.177214E+02
surf+-surf-            1 -0.177214E+02
surf+-pos              1  0.177214E+02
surf--surf-            1  0.177214E+02
surf--pos              1 -0.177214E+02
pos-pos                1  0.177214E+02

number of 1/r coefficients than has been changed/added based on zat = 10

specification of two-body potential tables
------------------------------------------
atom pair          no of grids         iubuflow       rumin     rumax
---------          -----------         --------       -----     -----
bead-bead             65                   1          0.316   110.000
bead-surf+            65                 781          0.316   110.000
bead-surf-            65                1561          0.316   110.000
bead-pos              65                2341          0.316   110.000
surf+-surf+           65                3121          0.316   110.000
surf+-surf-           65                3901          0.316   110.000
surf+-pos             65                4681          0.316   110.000
surf--surf-           65                5461          0.316   110.000
surf--pos             65                6241          0.316   110.000
pos-pos               65                7021          0.316   110.000

nbuf (needed, allocated)        =       7801      9000

**************************************************************************************************************
*                                               ipotchain data                                               *
**************************************************************************************************************

bond: force constant           =         2.40880
bond: power                    =               2
bond: eqilibrium separation    =         5.00000
angle: force constant          =         0.00207
angle: power                   =               2
angle: eqilibrium separation   =       180.00000
itestpotchain                  =               0

**************************************************************************************************************
*                                          external potential data                                           *
**************************************************************************************************************

particle type                  =  bead      
hard walls at z = -wall_z_ext and +wall_z_ext
wall_z_ext                     =    150.    
particle type                  =  surf+     
particle type                  =  surf-     
hard walls at z = -wall_z_ext and +wall_z_ext
wall_z_ext                     =    150.    
particle type                  =  pos       

**************************************************************************************************************
*                                         initial configuration data                                         *
**************************************************************************************************************

start configuration from SetConfiguration
-----------------------------------------
part. type    routine          no of unit cells (x,y,z)     lower (x,y,z)      upper (x,y,z)      shift (x,y,z)
----------    -------          ------------------------     -------------      -------------      -------------
 1  bead      chainrandom             0    0    0        -100.0-100.0-140.0  100.0 100.0-120.0    0.0   0.0   0.0
 2  surf+     random                  0    0    0        -100.0-100.0-150.0  100.0 100.0-150.0    0.0   0.0   0.0
 3  surf-     random                  0    0    0        -100.0-100.0-150.0  100.0 100.0-150.0    0.0   0.0   0.0
 4  pos       random                  0    0    0        -100.0-100.0-140.0  100.0 100.0 150.0    0.0   0.0   0.0

bond length scaling factor              =      1.000
minimum angle between consecutive beads =     90.000

first macrostep                =      1

**************************************************************************************************************
*                                                coordinates                                                 *
**************************************************************************************************************


particle coordinates
--------------------
particle no   particle type       com (x,y,z)              x'-axis (x,y,z)        y'-axis (x,y,z)        z'-axis (x,y,z)
-----------   -------------       -----------              ---------------        ---------------        ---------------
     1        bead          -98.999  -75.139 -126.091   0.588  0.271  0.762    0.248  0.836 -0.489   -0.770  0.476  0.425
     2        bead          -97.795  -78.405 -129.681  -0.118  0.862  0.493    0.098  0.504 -0.858   -0.988 -0.053 -0.144
     3        bead           98.362  -81.313 -128.346   0.099  0.608 -0.788   -0.955  0.279  0.095    0.278  0.743  0.608
     4        bead          -99.251  -84.683 -125.526  -0.801 -0.502 -0.326   -0.578  0.506  0.640   -0.156  0.702 -0.695
     5        bead           97.399  -87.644 -123.288  -0.293  0.933  0.207   -0.556 -0.343  0.757    0.777  0.107  0.620
     6        bead           96.826  -91.401 -126.536   0.776 -0.425 -0.466   -0.511  0.008 -0.859    0.369  0.905 -0.211
     7        bead          -98.631  -91.636 -128.612   0.046 -0.334 -0.941   -0.506  0.805 -0.310    0.861  0.491 -0.132
     8        bead          -95.814  -88.281 -131.021   0.851  0.475  0.224    0.241  0.025 -0.970   -0.467  0.879 -0.093
     9        bead          -95.925  -89.167 -135.941   0.995 -0.093  0.038   -0.044 -0.057  0.997   -0.090 -0.994 -0.061
    10        bead          -95.685  -93.642 -138.159  -0.670 -0.577  0.467   -0.665  0.746 -0.033   -0.329 -0.333 -0.884
    11        bead          -98.402  -97.695 -139.249   0.714 -0.697  0.075    0.118  0.015 -0.993    0.690  0.717  0.093
    12        bead           98.482   99.501 -136.523   0.615  0.475 -0.629   -0.618 -0.206 -0.759   -0.490  0.856  0.167
    13        bead           93.993  -99.487 -138.479  -0.072  0.478 -0.875   -0.879  0.385  0.282    0.472  0.789  0.392
    14        bead           91.602  -95.114 -138.890  -0.821  0.171 -0.544    0.446 -0.403 -0.800   -0.356 -0.899  0.254
    15        bead           92.742  -91.303 -135.861   0.767 -0.151 -0.624   -0.449 -0.821 -0.353   -0.459  0.551 -0.697
    16        bead           87.941  -90.698 -134.606  -0.271  0.902  0.336    0.036 -0.340  0.940    0.962  0.267  0.060
    17        bead           86.289  -94.197 -131.440  -0.738  0.674 -0.037    0.057  0.008 -0.998   -0.673 -0.739 -0.045
    18        bead           83.278  -96.721 -128.347   0.354 -0.894  0.274    0.202  0.359  0.911   -0.913 -0.267  0.307
    19        bead           86.651  -97.648 -124.774   0.447 -0.590 -0.672   -0.168  0.683 -0.711    0.879  0.431  0.206
    20        bead           88.957  -96.531 -120.480  -0.405 -0.428  0.808    0.820 -0.560  0.114    0.404  0.709  0.578
    21        bead           91.097  -92.108 -121.407  -0.732  0.541 -0.415   -0.387  0.171  0.906    0.561  0.824  0.084
    22        bead           89.923  -87.361 -120.362   0.219 -0.971 -0.094    0.031 -0.089  0.996   -0.975 -0.220  0.011
    23        bead           86.364  -84.779 -122.742  -0.672 -0.711 -0.210   -0.377  0.085  0.922   -0.638  0.699 -0.325
    24        bead           88.735  -82.070 -126.213   0.092  0.899 -0.428    0.018  0.428  0.904    0.996 -0.091  0.023
    25        bead           91.975  -79.458 -128.983   0.226 -0.773  0.593   -0.297 -0.634 -0.714    0.928 -0.015 -0.373
    26        bead           91.789  -75.550 -125.870   0.806 -0.306  0.507    0.060 -0.809 -0.585    0.589  0.502 -0.634
    27        bead           94.699  -77.556 -122.333  -0.523  0.757  0.392    0.203 -0.336  0.920    0.828  0.561  0.022
    28        bead           98.736  -75.527 -120.192  -0.546 -0.590 -0.594    0.358  0.477 -0.803    0.757 -0.652 -0.049
    29        bead          -99.313  -71.345 -122.117  -0.910 -0.306 -0.280   -0.414  0.626  0.661   -0.027  0.717 -0.696
    30        bead          -97.486  -66.898 -120.745   0.485 -0.069 -0.872   -0.712 -0.610 -0.348   -0.508  0.790 -0.345
    31        bead           99.470  -62.944 -121.062   0.600  0.605 -0.523    0.473  0.260  0.842    0.645 -0.753 -0.130
    32        bead           97.798  -62.522 -125.755  -0.472  0.508  0.720   -0.870 -0.141 -0.472   -0.139 -0.850  0.509
    33        bead           93.300  -64.620 -125.149  -0.688  0.433  0.583   -0.031  0.784 -0.620   -0.725 -0.444 -0.526
    34        bead           93.754  -69.565 -124.559  -0.710 -0.222 -0.669    0.632  0.217 -0.743    0.310 -0.951 -0.014
    35        bead           92.724  -72.314 -120.512  -0.686 -0.568  0.455   -0.341 -0.301 -0.891    0.643 -0.766  0.013
    36        bead           89.418  -75.920 -121.545   0.343  0.908  0.243   -0.503 -0.041  0.863    0.794 -0.418  0.442
    37        bead           85.015  -78.210 -122.147   0.060  0.989 -0.134   -0.105  0.140  0.985    0.993 -0.045  0.112
    38        bead           82.354  -80.797 -125.499   0.641  0.143 -0.754    0.768 -0.121  0.629   -0.001 -0.982 -0.187
    39        bead           81.639  -83.968 -129.298   0.540  0.515  0.666    0.832 -0.206 -0.515   -0.129  0.832 -0.539
    40        bead           85.485  -84.810 -132.379  -0.598  0.564  0.570    0.559 -0.217  0.801    0.575  0.797 -0.186
    41        bead           84.863  -83.536 -137.174   0.827 -0.113  0.550   -0.557 -0.296  0.776    0.075 -0.948 -0.308
    42        bead           81.583  -86.777 -139.108  -0.584 -0.545 -0.602    0.398  0.454 -0.797    0.708 -0.705 -0.048
    43        bead           77.189  -88.719 -137.721   0.771  0.566 -0.292    0.628 -0.752  0.199   -0.107 -0.336 -0.936
    44        bead           76.236  -93.599 -137.195  -0.763  0.645  0.055   -0.077 -0.007 -0.997   -0.642 -0.765  0.055
    45        bead           71.820  -95.783 -138.046   0.554 -0.831  0.054    0.065 -0.022 -0.998    0.830  0.557  0.042
    46        bead           68.909  -92.093 -139.752  -0.382  0.518  0.765   -0.455 -0.826  0.332    0.804 -0.222  0.552
    47        bead           64.958  -89.435 -138.227  -0.608  0.759 -0.233    0.310 -0.044 -0.950   -0.731 -0.650 -0.209
    48        bead           61.789  -85.585 -137.862  -0.766  0.478 -0.429    0.305 -0.317 -0.898   -0.566 -0.819  0.097
    49        bead           57.117  -84.221 -139.009   0.819  0.163 -0.550    0.299 -0.940  0.167   -0.489 -0.301 -0.819
    50        bead           52.293  -85.526 -139.176  -0.246 -0.484  0.840   -0.758  0.636  0.145   -0.605 -0.601 -0.523
    51        surf+         -36.403   64.640 -148.500  -0.098 -0.761 -0.641   -0.100  0.648 -0.755    0.990 -0.009 -0.140
    52        surf+          86.757  -43.172 -148.500  -0.653 -0.512  0.558   -0.749  0.324 -0.579    0.115 -0.796 -0.595
    53        surf+         -43.220   93.969 -148.500  -0.362  0.646 -0.671   -0.268  0.618  0.739    0.893  0.448 -0.051
    54        surf+         -93.345  -15.674 -148.500   0.786 -0.489 -0.379   -0.515 -0.856  0.036   -0.342  0.167 -0.925
    55        surf+          48.167   87.489 -148.500  -0.883  0.039  0.469    0.464 -0.092  0.881    0.078  0.995  0.063
    56        surf+         -25.100  -66.621 -148.500   0.772 -0.432 -0.467   -0.558 -0.107 -0.823    0.305  0.896 -0.323
    57        surf+          49.233    3.241 -148.500   0.406  0.806  0.430    0.254  0.353 -0.901   -0.878  0.474 -0.061
    58        surf+         -82.658   46.652 -148.500   0.085  0.288  0.954   -0.995  0.075  0.066   -0.052 -0.955  0.293
    59        surf+          -5.799  -27.485 -148.500   0.925 -0.136  0.356   -0.181  0.664  0.726   -0.335 -0.736  0.589
    60        surf+         -21.419  -51.937 -148.500  -0.290 -0.628  0.722   -0.508 -0.539 -0.672    0.811 -0.561 -0.163
    61        surf+         -57.952  -96.146 -148.500   0.712 -0.482  0.511   -0.222  0.536  0.815   -0.666 -0.693  0.275
    62        surf+          31.966   28.776 -148.500  -0.649 -0.759  0.055   -0.036  0.103  0.994   -0.760  0.643 -0.094
    63        surf+         -23.504   77.047 -148.500  -0.700 -0.492  0.517   -0.670  0.203 -0.714    0.247 -0.846 -0.472
    64        surf+         -24.403   61.209 -148.500   0.570 -0.497 -0.654    0.615 -0.270  0.741   -0.545 -0.825  0.151
    65        surf+           8.022  -44.864 -148.500   0.736 -0.119 -0.667   -0.202  0.901 -0.384    0.646  0.417  0.639
    66        surf+         -69.677   -8.973 -148.500   0.893 -0.422  0.157    0.127 -0.097 -0.987    0.432  0.901 -0.033
    67        surf+         -28.151  -33.589 -148.500  -0.002  0.823  0.568    0.093  0.565 -0.820   -0.996  0.051 -0.078
    68        surf+          41.745  -62.854 -148.500  -0.114 -0.993  0.025   -0.009 -0.024 -1.000    0.993 -0.114 -0.007
    69        surf+          25.953  -79.585 -148.500   0.467 -0.447 -0.763   -0.567  0.511 -0.646    0.679  0.734 -0.015
    70        surf+          84.211   -6.268 -148.500  -0.334  0.519  0.787    0.011 -0.832  0.554    0.943  0.194  0.272
    71        surf+         -42.943   -2.063 -148.500   0.572  0.217  0.791   -0.598  0.771  0.221   -0.562 -0.599  0.570
    72        surf+          54.822   32.201 -148.500  -0.361 -0.604 -0.711   -0.080  0.779 -0.622    0.929 -0.167 -0.330
    73        surf+         -27.363  -40.980 -148.500  -0.472 -0.715  0.515    0.156 -0.644 -0.749    0.867 -0.273  0.416
    74        surf+         -24.573   97.219 -148.500  -0.659 -0.296  0.692    0.647 -0.692  0.320    0.384  0.659  0.647
    75        surf+         -91.084  -65.047 -148.500   0.603  0.196 -0.773    0.412 -0.907  0.091   -0.683 -0.373 -0.628
    76        surf+          90.625   10.703 -148.500   0.214  0.428  0.878   -0.357  0.871 -0.338   -0.909 -0.241  0.340
    77        surf+          22.870   32.278 -148.500   0.513  0.414  0.752   -0.423  0.884 -0.198   -0.747 -0.217  0.629
    78        surf+          75.766  -34.183 -148.500   0.710  0.055 -0.702    0.658  0.303  0.689    0.251 -0.952  0.178
    79        surf+           2.224  -63.214 -148.500  -0.721  0.674  0.161   -0.107  0.121 -0.987   -0.685 -0.728 -0.016
    80        surf+          26.951  -67.021 -148.500   0.067 -0.220  0.973    0.765 -0.615 -0.192    0.641  0.757  0.127
    81        surf+         -44.549  -96.482 -148.500  -0.321  0.288 -0.902   -0.187  0.915  0.359    0.929  0.284 -0.240
    82        surf+          65.027   55.854 -148.500   0.199  0.757  0.622    0.669  0.358 -0.651   -0.716  0.546 -0.436
    83        surf+          15.777  -35.235 -148.500  -0.456  0.367 -0.811   -0.809  0.209  0.550    0.371  0.906  0.201
    84        surf+         -60.404   57.359 -148.500  -0.401  0.786 -0.470    0.841  0.520  0.151    0.363 -0.335 -0.869
    85        surf+         -54.825  -69.932 -148.500  -0.310  0.942  0.131   -0.112 -0.173  0.979    0.944  0.289  0.159
    86        surf+         -73.628  -19.782 -148.500  -0.555 -0.580 -0.597   -0.166  0.780 -0.603    0.815 -0.236 -0.529
    87        surf+         -95.643   48.169 -148.500  -0.633  0.554  0.541   -0.479  0.269 -0.836   -0.608 -0.788  0.094
    88        surf+         -31.159   73.257 -148.500   0.431 -0.087 -0.898    0.884 -0.156  0.440   -0.178 -0.984  0.010
    89        surf+          13.499  -46.443 -148.500   0.288 -0.798 -0.530   -0.730  0.174 -0.660    0.619  0.577 -0.532
    90        surf+         -91.194  -55.526 -148.500  -0.464 -0.560 -0.687    0.182 -0.819  0.545   -0.867  0.128  0.481
    91        surf+          -2.968  -34.262 -148.500   0.551  0.594  0.586   -0.589  0.774 -0.232   -0.591 -0.217  0.777
    92        surf+           3.243   96.411 -148.500   0.865  0.315 -0.391    0.502 -0.514  0.695    0.018 -0.798 -0.603
    93        surf+         -73.696   79.879 -148.500  -0.231 -0.749  0.621    0.612 -0.608 -0.505    0.756  0.263  0.599
    94        surf+         -60.124   16.859 -148.500  -0.186 -0.640  0.745    0.946  0.088  0.312   -0.265  0.763  0.589
    95        surf+          95.416   68.395 -148.500  -0.720  0.694  0.002   -0.001  0.001 -1.000   -0.694 -0.720 -0.000
    96        surf+          25.180  -39.141 -148.500   0.652 -0.026  0.758   -0.757 -0.086  0.648    0.049 -0.996 -0.076
    97        surf+          31.218   74.952 -148.500   0.573  0.657 -0.489    0.319  0.371  0.872    0.755 -0.656  0.003
    98        surf+          -3.621  -39.297 -148.500  -0.555 -0.651  0.517   -0.172  0.699  0.694   -0.813  0.296 -0.500
    99        surf+          77.308   20.467 -148.500  -0.754  0.653  0.063   -0.075 -0.182  0.981    0.652  0.735  0.186
   100        surf+          11.448   23.930 -148.500   0.460 -0.707  0.537   -0.145 -0.657 -0.740    0.876  0.262 -0.405
   101        surf+           8.037   -0.895 -148.500  -0.708  0.705 -0.046    0.032 -0.033 -0.999   -0.706 -0.708  0.001
   102        surf+          55.112  -64.667 -148.500  -0.264 -0.719 -0.643    0.219 -0.694  0.686   -0.939  0.040  0.341
   103        surf+          18.504   80.282 -148.500   0.115 -0.800 -0.589    0.944 -0.097  0.317   -0.310 -0.592  0.744
   104        surf+         -61.156   48.951 -148.500   0.383  0.545 -0.746   -0.181 -0.747 -0.639   -0.906  0.380 -0.188
   105        surf+         -67.441  -87.335 -148.500  -0.401 -0.916  0.008    0.603 -0.257  0.755   -0.689  0.308  0.656
   106        surf+          92.871  -97.923 -148.500   0.466  0.680 -0.566    0.268 -0.718 -0.642   -0.843  0.147 -0.517
   107        surf+          -5.199  -87.831 -148.500   0.871  0.434 -0.231   -0.343  0.199 -0.918   -0.352  0.879  0.322
   108        surf+         -17.835   -2.749 -148.500  -0.504  0.082 -0.860    0.677  0.655 -0.335    0.536 -0.751 -0.386
   109        surf+          78.579   73.961 -148.500   0.716 -0.689 -0.109   -0.063  0.092 -0.994    0.695  0.719  0.023
   110        surf+          86.453   20.265 -148.500   0.269  0.148 -0.952    0.655 -0.752  0.069   -0.706 -0.642 -0.299
   111        surf+          81.995  -27.544 -148.500  -0.014  0.704 -0.710    0.756  0.472  0.453    0.654 -0.531 -0.539
   112        surf+         -79.791   28.158 -148.500  -0.624 -0.105  0.774    0.213  0.931  0.298   -0.752  0.351 -0.558
   113        surf+         -72.104  -50.679 -148.500   0.839 -0.400 -0.370   -0.515 -0.361 -0.778    0.177  0.843 -0.508
   114        surf+          12.656   53.223 -148.500   0.692  0.612 -0.382   -0.721  0.616 -0.319    0.040  0.496  0.867
   115        surf+         -40.117  -74.529 -148.500  -0.518  0.186  0.835   -0.689 -0.669 -0.279    0.507 -0.720  0.474
   116        surf+         -72.230  -95.000 -148.500  -0.621  0.541 -0.567   -0.742 -0.174  0.647    0.251  0.823  0.509
   117        surf+         -47.694   -4.928 -148.500  -0.061 -0.101 -0.993   -0.887  0.462  0.007    0.458  0.881 -0.118
   118        surf+          46.276  -37.720 -148.500  -0.231  0.937 -0.262   -0.168 -0.304 -0.938   -0.958 -0.172  0.228
   119        surf+         -97.737   29.541 -148.500  -0.120  0.926 -0.357   -0.514  0.249  0.821    0.849  0.282  0.446
   120        surf+         -18.352  -14.896 -148.500   0.686  0.068 -0.724    0.528  0.639  0.560    0.501 -0.766  0.402
   121        surf+         -33.890  -93.236 -148.500   0.136  0.466 -0.874   -0.451  0.815  0.364    0.882  0.345  0.321
   122        surf+         -15.068  -51.004 -148.500  -0.956 -0.041  0.291   -0.294  0.139 -0.946   -0.002 -0.989 -0.145
   123        surf+          37.592   47.064 -148.500  -0.663 -0.587 -0.465   -0.149 -0.506  0.850   -0.734  0.632  0.248
   124        surf+         -53.045   46.003 -148.500  -0.778  0.005  0.629   -0.535 -0.531 -0.657    0.330 -0.847  0.416
   125        surf+          85.685  -57.837 -148.500   0.673  0.580  0.459    0.737 -0.576 -0.353    0.060  0.576 -0.815
   126        surf+         -62.463    6.415 -148.500   0.368 -0.794  0.484    0.246  0.585  0.773   -0.896 -0.165  0.411
   127        surf+          52.062  -24.040 -148.500   0.143  0.989 -0.024   -0.016 -0.022 -1.000   -0.990  0.144  0.012
   128        surf+         -34.392  -54.674 -148.500   0.689 -0.293 -0.663    0.464 -0.524  0.714   -0.556 -0.800 -0.225
   129        surf+          82.321   69.370 -148.500  -0.262  0.022  0.965   -0.910 -0.338 -0.240    0.321 -0.941  0.109
   130        surf+          -8.858   68.277 -148.500  -0.304 -0.953  0.006    0.019 -0.013 -1.000    0.953 -0.303  0.022
   131        surf+         -49.188  -79.440 -148.500  -0.331 -0.429  0.840   -0.519  0.827  0.218   -0.788 -0.364 -0.496
   132        surf+          50.635   -5.054 -148.500  -0.595 -0.374  0.711    0.020  0.878  0.479   -0.804  0.299 -0.515
   133        surf+          -1.749  -19.285 -148.500  -0.128 -0.626  0.770    0.614 -0.660 -0.434    0.779  0.417  0.468
   134        surf+           7.640  -58.807 -148.500   0.222  0.586  0.779   -0.479 -0.630  0.611    0.849 -0.509  0.141
   135        surf+          23.524   57.533 -148.500  -0.117  0.453  0.884   -0.854  0.409 -0.322   -0.507 -0.792  0.339
   136        surf+          66.425  -22.782 -148.500  -0.572  0.382 -0.726   -0.737  0.150  0.659    0.361  0.912  0.196
   137        surf+         -64.340  -96.944 -148.500   0.198 -0.736  0.648   -0.726  0.334  0.602   -0.659 -0.589 -0.468
   138        surf+         -97.658   98.187 -148.500  -0.057  0.704  0.708    0.422  0.660 -0.622   -0.905  0.263 -0.334
   139        surf+          16.382   -4.925 -148.500   0.782  0.051 -0.621   -0.623  0.037 -0.781   -0.017  0.998  0.061
   140        surf+           7.488   76.515 -148.500   0.900 -0.145 -0.411   -0.334  0.376 -0.864    0.280  0.915  0.290
   141        surf+         -21.835   -5.370 -148.500  -0.194  0.662 -0.724    0.521 -0.555 -0.648   -0.831 -0.503 -0.238
   142        surf+         -91.286   55.869 -148.500  -0.676 -0.472 -0.565    0.698 -0.657 -0.285   -0.237 -0.588  0.774
   143        surf+         -45.766  -65.988 -148.500   0.192  0.802  0.566    0.779 -0.475  0.409    0.596  0.362 -0.716
   144        surf+         -50.380  -42.835 -148.500  -0.710 -0.511  0.484   -0.538  0.838  0.095   -0.454 -0.193 -0.870
   145        surf+         -95.436   18.763 -148.500   0.384  0.367 -0.848    0.345  0.794  0.500    0.856 -0.484  0.179
   146        surf+         -95.445   72.568 -148.500  -0.711  0.541 -0.449    0.675  0.703 -0.223    0.195 -0.461 -0.866
   147        surf+          11.879   33.673 -148.500  -0.666 -0.734  0.132   -0.096 -0.091 -0.991    0.740 -0.672 -0.010
   148        surf+          87.654  -63.216 -148.500  -0.612 -0.562  0.556   -0.275 -0.508 -0.816    0.742 -0.652  0.156
   149        surf+         -34.339   10.613 -148.500  -0.668 -0.715  0.205   -0.141 -0.149 -0.979    0.731 -0.683 -0.001
   150        surf+         -31.887   57.386 -148.500   0.554 -0.759 -0.341    0.027 -0.393  0.919   -0.832 -0.519 -0.197
   151        surf-         -57.719   95.836 -148.500  -0.378  0.918 -0.123    0.063  0.158  0.985    0.924  0.365 -0.117
   152        surf-         -89.769  -91.979 -148.500  -0.471 -0.530 -0.705   -0.081  0.822 -0.564    0.879 -0.208 -0.430
   153        surf-         -30.171  -69.670 -148.500  -0.353 -0.244  0.903    0.910 -0.314  0.271    0.217  0.918  0.333
   154        surf-         -53.597   78.513 -148.500   0.574 -0.631  0.521    0.326 -0.408 -0.853    0.751  0.660 -0.029
   155        surf-         -56.907   91.802 -148.500   0.784 -0.620 -0.032   -0.052 -0.015 -0.999    0.618  0.785 -0.044
   156        surf-          -7.145   90.049 -148.500  -0.166  0.734 -0.658   -0.474  0.525  0.706    0.865  0.430  0.261
   157        surf-          77.536  -79.719 -148.500   0.026 -0.630  0.776    0.809  0.469  0.354   -0.587  0.619  0.522
   158        surf-          56.782   83.855 -148.500   0.150 -0.964 -0.221   -0.231  0.183 -0.956    0.961  0.194 -0.196
   159        surf-         -34.964   53.456 -148.500   0.393 -0.896 -0.208    0.060  0.250 -0.966    0.917  0.368  0.152
   160        surf-         -87.464  -43.903 -148.500  -0.841  0.534 -0.085    0.264  0.269 -0.926   -0.472 -0.802 -0.367
   161        surf-         -13.682   78.119 -148.500   0.794  0.247  0.556    0.225 -0.968  0.108    0.565  0.039 -0.824
   162        surf-         -46.785  -25.809 -148.500   0.751  0.660 -0.001   -0.003  0.005  1.000    0.660 -0.751  0.005
   163        surf-         -47.143  -47.689 -148.500  -0.361 -0.928 -0.093   -0.143  0.153 -0.978    0.922 -0.340 -0.188
   164        surf-           2.670  -15.197 -148.500   0.711  0.688 -0.143   -0.147 -0.053 -0.988   -0.687  0.724  0.064
   165        surf-          96.877    5.322 -148.500  -0.703 -0.182  0.687   -0.710  0.141 -0.690    0.029 -0.973 -0.228
   166        surf-         -90.501    7.849 -148.500  -0.625  0.150 -0.766   -0.277  0.875  0.397    0.730  0.460 -0.505
   167        surf-          81.353  -52.307 -148.500  -0.184 -0.733 -0.654   -0.739  0.542 -0.400    0.649  0.410 -0.641
   168        surf-         -56.947   38.494 -148.500   0.187  0.476 -0.859   -0.501 -0.706 -0.500   -0.845  0.524  0.106
   169        surf-          -9.990   59.217 -148.500  -0.870  0.410  0.276    0.352  0.124  0.928    0.346  0.904 -0.252
   170        surf-           1.431   47.156 -148.500  -0.583  0.306 -0.753   -0.743  0.176  0.646    0.330  0.936  0.124
   171        surf-         -68.679    0.933 -148.500   0.522  0.439 -0.731    0.283 -0.898 -0.337   -0.804 -0.031 -0.593
   172        surf-           7.482  -20.501 -148.500   0.213  0.862  0.460    0.491  0.312 -0.813   -0.845  0.399 -0.356
   173        surf-          38.512    3.133 -148.500  -0.735  0.445  0.513   -0.518 -0.856  0.000    0.439 -0.265  0.859
   174        surf-         -91.193  -45.559 -148.500   0.158  0.248 -0.956    0.671  0.683  0.288    0.724 -0.687 -0.059
   175        surf-          73.558   73.358 -148.500   0.582  0.260 -0.770   -0.682 -0.359 -0.637   -0.442  0.896 -0.032
   176        surf-          73.754   66.146 -148.500  -0.763 -0.247 -0.597    0.557 -0.721 -0.412   -0.329 -0.647  0.688
   177        surf-          21.182   -3.602 -148.500  -0.840 -0.047  0.541   -0.446 -0.509 -0.737    0.310 -0.860  0.406
   178        surf-          88.860  -71.705 -148.500   0.152 -0.609 -0.779    0.244  0.786 -0.567    0.958 -0.104  0.268
   179        surf-          19.666  -37.236 -148.500  -0.835 -0.080  0.544    0.546 -0.006  0.837   -0.064  0.997  0.048
   180        surf-         -85.184    0.340 -148.500   0.631 -0.426  0.649   -0.478  0.446  0.757   -0.611 -0.788  0.078
   181        surf-          67.080   10.257 -148.500  -0.705 -0.682  0.193    0.708 -0.690  0.148    0.032  0.241  0.970
   182        surf-         -45.975  -76.926 -148.500  -0.092  0.406 -0.909   -0.427  0.809  0.404    0.899  0.426  0.099
   183        surf-         -78.985  -72.321 -148.500  -0.270  0.624 -0.733   -0.945 -0.025  0.327    0.186  0.781  0.596
   184        surf-          92.211  -23.712 -148.500   0.691  0.620 -0.371    0.246  0.281  0.928    0.680 -0.732  0.042
   185        surf-          73.570   81.445 -148.500   0.725 -0.688 -0.028    0.013 -0.026  1.000   -0.689 -0.725 -0.009
   186        surf-          41.849   19.022 -148.500  -0.402  0.619  0.675    0.875  0.477  0.084   -0.270  0.624 -0.733
   187        surf-          51.597   21.220 -148.500  -0.685 -0.694 -0.221   -0.063 -0.245  0.967   -0.726  0.676  0.124
   188        surf-         -63.837   83.568 -148.500  -0.605  0.505  0.616   -0.075  0.734 -0.675   -0.793 -0.454 -0.406
