**************************************************************************************************************
**************************************************************************************************************
**                                                                                                          **
**                                                                                                          **
**                                                  Molsim                                                  **
**                                                                                                          **
**                  integrated md/mc/bd simulation program belonging to the molsim package                  **
**                                                                                                          **
**                                          version 6.4.7, v2.2.0                                           **
**                                                                                                          **
**                                                                                                          **
**                                                Per Linse                                                 **
**                                            Physical Chemistry                                            **
**                                         Department of Chemistry                                          **
**                                             Lund University                                              **
**                                               P.O. Box 124                                               **
**                                          S-221 00 Lund, SWEDEN                                           **
**                                                                                                          **
**                                                                                                          **
**                                         with contributions from                                          **
**                                                                                                          **
**                  Anna Akinchina, Fredrik Carlsson, Samuel Edgecombe, Yoshikatsu Hayashi                  **
**          Pascal Hebbeker, Cornelius Hofzumahaus, Niklas Källrot, Björn Linse, Vladimir Lobaskin          **
**               Thomas M. Nymand, Alberto Pais, Jurij Rescic, Stefanie Schneider, Marie Skepö              **
**          Joakim Stenhammar, Anders Wallqvist, Jos van Rijssel, Erik Wernersson, Per-Olof Åstrand         **
**                                                                                                          **
**                                                                                                          **
**************************************************************************************************************
**************************************************************************************************************
 
2017-01-05     15:51:07

**************************************************************************************************************
*                                                                                                            *
*                                            i n p u t   d a t a                                             *
*                                                                                                            *
**************************************************************************************************************


**************************************************************************************************************
*                                            general information                                             *
**************************************************************************************************************


title   : points in a sphere                                                                        

key data: mode           : simulation
          method         : mc   
          ensemble       : nvt
          boundary cond. : sph
          start          : setconf 


number of time steps/passes           1  *      1000  =       1000

temperature                    =     298.000
pressure                       =       0.101
spherical cell radius          =      50.000
volume                         =   0.524E+06

seed of random generator       =     9876543

optional subroutine used
------------------------
   ControlAver
   MainAver
   Group
   Static

parameters controlling the output interval (0 = no)
-------------------------------------------------
   itest              0
   ipart              1
   iatom              0
   iaver          10000
   ishow              1
   iplot              1
   ilist              0

external units
--------------
number        generic name        file name
------        ------------        ---------
   1               fin            FIN       
   2               fout           FOUT      
   3               fcnf           FCNF      

**************************************************************************************************************
*                                                   units                                                    *
**************************************************************************************************************

quantity                unit
--------                ----
length              1.000E-10 m
mass                1.000E-03 kg/mol
temperature         1.000E+00 k
time                1.000E-12 s
energy              1.000E+03 j/mol
heat capacity       1.000E+00 j/mol*k
diff. coeff.        1.000E-09 m**2/s
pressure            1.000E+06 pa
volume              1.000E-30 m**3
linear vel.         1.000E+02 m/s
linear acc.         1.000E+14 m/s**2
force               1.000E+11 n/mol
moment of inertia   1.000E-23 kg*m**2/mol
angle               1.745E-02 rad

**************************************************************************************************************
*                                               particle data                                                *
**************************************************************************************************************

charged atoms enabled

number of particles            =     100
number of atoms                =     100
number of particle types       =       1     (     10 )
number of atom types           =       1     (     10 )

particle       no        atom     no     mass    hard core    no of unit   weak      pK        sigma    epsilon  zatalpha
                                                 radius       charges      charge                              
--------       --        ----     --     ----    ---------    ----------   ------    --        -----    -------  --------
pt            100
                         pt       1      1.000    0.000        0.0000        F      0.0000     0.0000    0.0000    0.0000

molecular input frame: pt        
---------------------- --

atom               coordinate (x,y,z)
----               ------------------
pt           0.00000   0.00000   0.00000

principal axis frame: pt        
--------------------- --

atom               coordinate (x,y,z)
----               ------------------
pt           0.00000   0.00000   0.00000

particle             mass           moment of inertia (x,y,z)        maximal atom-com distance
--------             ----           -------------------------        -------------------------
pt                  1.000          0.000     0.000     0.000             0.000

**************************************************************************************************************
*                                          two-body potential data                                           *
**************************************************************************************************************

rcut                           =     100.000
utoltab                        =   0.100E-04
ftoltab                        =   0.100E-04
umaxtab                        =   0.200E+05
fmaxtab                        =   0.200E+05

monoatomic energy and force routines

particle pair              potential
-------------              ---------
pt-pt                        default             

atom pair         energy coefficients (ipot and ucoff)
---------         ------------------------------------
pt-pt               

specification of two-body potential tables
------------------------------------------
atom pair          no of grids         iubuflow       rumin     rumax
---------          -----------         --------       -----     -----
pt-pt                  2                   1          0.316   110.000

nbuf (needed, allocated)        =         25      1000

**************************************************************************************************************
*                                         initial configuration data                                         *
**************************************************************************************************************

start configuration from SetConfiguration
-----------------------------------------
part. type    routine          no of unit cells (x,y,z)     lower (x,y,z)      upper (x,y,z)      shift (x,y,z)
----------    -------          ------------------------     -------------      -------------      -------------
 1  pt        random                  0    0    0        -50.00-50.00-50.00  50.00 50.00 50.00   0.00  0.00  0.00

first macrostep                =      1

**************************************************************************************************************
*                                                coordinates                                                 *
**************************************************************************************************************


particle coordinates
--------------------
particle no   particle type       com (x,y,z)              x'-axis (x,y,z)        y'-axis (x,y,z)        z'-axis (x,y,z)
-----------   -------------       -----------              ---------------        ---------------        ---------------
     1        pt            -13.504   38.415  -11.616  -0.901 -0.033  0.432   -0.426 -0.115 -0.897    0.080 -0.993  0.089
     2        pt              2.325  -32.604   -3.406   0.969  0.152  0.196   -0.116 -0.421  0.900    0.220 -0.894 -0.391
     3        pt            -32.114  -16.839   -5.391   0.428  0.857  0.289    0.750 -0.158 -0.642   -0.505  0.491 -0.710
     4        pt             11.477  -15.547  -26.470   0.846 -0.047 -0.532    0.475 -0.387  0.790   -0.243 -0.921 -0.305
     5        pt             30.946  -21.977    2.461   0.967 -0.241  0.083    0.203  0.925  0.322   -0.154 -0.295  0.943
     6        pt             10.269   29.935   26.948  -0.157 -0.846 -0.510    0.535 -0.507  0.675   -0.830 -0.167  0.533
     7        pt            -23.473  -26.878  -20.019  -0.576 -0.399  0.713   -0.808  0.412 -0.422   -0.125 -0.819 -0.560
     8        pt              8.277   -6.972   38.591  -0.518 -0.833  0.195    0.045  0.201  0.979   -0.854  0.516 -0.066
     9        pt             26.332   40.309   -6.752   0.330 -0.872  0.361    0.937  0.349 -0.013   -0.115  0.342  0.933
    10        pt            -33.296   -6.596   18.730  -0.047  0.726  0.686    0.805 -0.379  0.456    0.591  0.574 -0.567
    11        pt             35.566  -24.553   23.259   0.547 -0.833 -0.079    0.017  0.106 -0.994    0.837  0.543  0.072
    12        pt            -40.126    3.009    4.706   0.288  0.916  0.279    0.030 -0.300  0.954    0.957 -0.266 -0.113
    13        pt             23.878   22.349  -20.024  -0.037 -0.490 -0.871    0.456  0.767 -0.452    0.889 -0.414  0.195
    14        pt             -3.044  -17.279  -12.642  -0.594  0.394  0.701   -0.779 -0.497 -0.381    0.199 -0.773  0.603
    15        pt            -14.723  -23.492  -34.838   0.249 -0.951 -0.183    0.020 -0.184  0.983   -0.968 -0.248 -0.026
    16        pt             10.044  -44.232   10.572  -0.111 -0.889 -0.444   -0.594  0.417 -0.688    0.797  0.187 -0.575
    17        pt             34.045   -8.787  -32.868  -0.388  0.699  0.601   -0.774 -0.601  0.198    0.499 -0.388  0.774
    18        pt            -29.405    1.116  -13.329   0.187  0.182 -0.965   -0.228 -0.948 -0.223   -0.955  0.262 -0.136
    19        pt             28.439  -16.255   22.755   0.378  0.715  0.588   -0.368  0.699 -0.613   -0.849  0.015  0.528
    20        pt             25.164  -10.575   34.360   0.365  0.673  0.643   -0.731  0.635 -0.250   -0.577 -0.379  0.724
    21        pt             28.843    2.912  -14.328  -0.864 -0.476 -0.164    0.116  0.129 -0.985    0.490 -0.870 -0.057
    22        pt             -1.305  -27.286  -21.404   0.290 -0.550  0.783    0.852 -0.223 -0.473    0.435  0.805  0.404
    23        pt             -4.573  -22.991   21.800   0.743  0.581 -0.332   -0.266 -0.198 -0.943   -0.614  0.789  0.007
    24        pt             36.538  -10.916  -27.034   0.623  0.629  0.465    0.249  0.404 -0.880   -0.742  0.664  0.095
    25        pt            -31.896  -32.177   -4.821   0.698 -0.716  0.032    0.002  0.046  0.999   -0.716 -0.697  0.033
    26        pt            -17.587  -23.217    8.421   0.728 -0.497 -0.473    0.521  0.849 -0.089    0.446 -0.182  0.877
    27        pt            -15.696    8.737    4.081   0.770  0.429 -0.472   -0.193 -0.548 -0.814   -0.608  0.718 -0.339
    28        pt             29.904   -4.821  -31.214  -0.886  0.140  0.442   -0.345 -0.837 -0.425    0.311 -0.529  0.790
    29        pt            -38.638    4.884   11.127   0.603  0.600  0.526   -0.766  0.249  0.593    0.225 -0.760  0.610
    30        pt             48.346    7.354   -2.302  -0.493  0.738  0.461    0.249 -0.388  0.887    0.833  0.553  0.007
    31        pt             25.976    2.123   38.595   0.668 -0.630  0.396    0.115 -0.438 -0.892    0.735  0.641 -0.220
    32        pt            -44.349  -17.313  -11.270   0.019  0.860  0.510    0.940  0.158 -0.301   -0.340  0.485 -0.806
    33        pt             28.771  -10.895   34.941   0.360 -0.821  0.443   -0.870 -0.467 -0.158    0.336 -0.328 -0.883
    34        pt             -4.647  -10.831   21.081   0.502  0.530 -0.683   -0.008 -0.787 -0.617   -0.865  0.315 -0.391
    35        pt             19.837   26.858  -10.553  -0.991  0.104 -0.079    0.070 -0.091 -0.993   -0.110 -0.990  0.083
    36        pt             43.048    8.655  -18.955  -0.747 -0.264  0.610   -0.526 -0.324 -0.786    0.406 -0.908  0.103
    37        pt            -18.920   35.926   21.624  -0.564  0.687  0.458   -0.136 -0.624  0.769    0.815  0.372  0.445
    38        pt              0.606    2.828  -25.630   0.273 -0.248  0.930    0.511  0.856  0.078   -0.815  0.454  0.360
    39        pt            -10.235  -37.441   -7.286  -0.876 -0.046  0.480   -0.433  0.513 -0.741   -0.212 -0.857 -0.469
    40        pt             10.217   -9.095   38.997  -0.646 -0.172 -0.743    0.612 -0.699 -0.371   -0.456 -0.694  0.557
    41        pt              8.387  -37.579   29.567  -0.760 -0.104 -0.642    0.650 -0.116 -0.751    0.004 -0.988  0.156
    42        pt             43.029  -19.968   13.455   0.038  0.976 -0.213   -0.637 -0.141 -0.758   -0.770  0.165  0.616
    43        pt            -28.397  -26.048  -28.352   0.535 -0.809 -0.245   -0.121  0.214 -0.969    0.836  0.548  0.017
    44        pt            -34.130   -1.747   -9.455  -0.717  0.480  0.506    0.645  0.732  0.218   -0.266  0.483 -0.834
    45        pt            -29.390   28.593   18.605  -0.347  0.239  0.907   -0.654 -0.754 -0.052    0.672 -0.612  0.418
    46        pt              4.709    0.136  -22.710   0.908 -0.395  0.138    0.230  0.197 -0.953    0.349  0.897  0.270
    47        pt            -32.018  -25.271   19.544  -0.486  0.869  0.092    0.162  0.192 -0.968   -0.859 -0.455 -0.234
    48        pt             18.223  -33.478   -6.636   0.046  0.332 -0.942    0.490 -0.830 -0.268   -0.871 -0.449 -0.201
    49        pt             -5.063  -18.003   27.893  -0.623 -0.629  0.465    0.744 -0.660  0.103    0.242  0.410  0.879
    50        pt             -9.049   12.970  -34.286   0.100 -0.528 -0.843    0.139 -0.832  0.537   -0.985 -0.171 -0.010
    51        pt            -27.632   -4.031  -14.514  -0.527  0.644 -0.554   -0.483 -0.764 -0.429   -0.699  0.041  0.714
    52        pt             10.309  -39.592   23.936   0.740 -0.278  0.613   -0.120  0.841  0.527   -0.662 -0.464  0.589
    53        pt            -36.534    5.216    6.151  -0.001  0.765 -0.644   -0.800 -0.387 -0.459   -0.601  0.514  0.612
    54        pt            -28.483  -22.969  -15.923   0.245 -0.886  0.392    0.527  0.462  0.714   -0.814  0.032  0.580
    55        pt            -29.104   14.561  -32.670   0.695 -0.683 -0.226   -0.446 -0.655  0.610   -0.564 -0.323 -0.760
    56        pt             -6.686   -6.193   -8.810   0.845  0.513  0.153    0.203 -0.043 -0.978   -0.495  0.857 -0.141
    57        pt             13.330   -1.560   18.212   0.471  0.796  0.381   -0.232 -0.305  0.924    0.851 -0.523  0.041
    58        pt             40.219    7.668   26.342  -0.368 -0.454  0.812    0.194 -0.891 -0.410    0.909  0.007  0.416
    59        pt             20.852   27.093   10.805   0.310  0.698 -0.645   -0.637  0.657  0.404    0.706  0.285  0.648
    60        pt            -18.539   10.618   34.594  -0.014  0.610 -0.792   -0.991 -0.114 -0.070   -0.133  0.784  0.606
    61        pt              3.399    7.506  -14.398  -0.592 -0.629 -0.503    0.329 -0.759  0.562   -0.736  0.168  0.656
    62        pt            -19.973  -21.001   13.005   0.312  0.507  0.804   -0.433  0.829 -0.355   -0.846 -0.237  0.478
    63        pt             18.186    5.240   15.820  -0.340 -0.407  0.848    0.091 -0.912 -0.401    0.936 -0.059  0.347
    64        pt              7.500   36.127   27.309   0.683  0.523 -0.509   -0.622  0.052 -0.781   -0.382  0.851  0.361
    65        pt            -37.642   25.545    9.845  -0.294  0.137  0.946    0.952 -0.051  0.303    0.090  0.989 -0.115
    66        pt             -3.570   -0.984   11.802  -0.932  0.334  0.143   -0.118  0.094 -0.989   -0.343 -0.938 -0.048
    67        pt             26.335    1.263  -33.176   0.819 -0.560 -0.125    0.165  0.020  0.986   -0.550 -0.828  0.109
    68        pt             19.539  -35.362  -20.438  -0.489 -0.871 -0.048   -0.012  0.061 -0.998    0.872 -0.487 -0.041
    69        pt             -3.865    9.976  -45.204   0.306  0.952 -0.017    0.129 -0.059 -0.990   -0.943  0.301 -0.141
    70        pt            -25.488  -16.450    8.933   0.361  0.817 -0.449    0.932 -0.293  0.215    0.044 -0.496 -0.867
    71        pt             -2.137   -9.764    2.264   0.342  0.926  0.163   -0.244 -0.080  0.967    0.908 -0.370  0.198
    72        pt             -5.779    3.497   22.774   0.749 -0.488  0.448   -0.660 -0.605  0.445    0.054 -0.629 -0.776
    73        pt            -28.189   27.780  -25.700   0.675  0.466  0.573   -0.457 -0.346  0.820    0.580 -0.814 -0.021
    74        pt             27.136   34.291    4.236   0.614  0.448  0.649   -0.179  0.881 -0.439   -0.769  0.154  0.621
    75        pt             33.434  -32.070   16.105   0.655  0.237  0.718    0.374  0.724 -0.580   -0.657  0.648  0.386
    76        pt              1.439   17.494  -23.032   0.708 -0.695 -0.120   -0.132  0.037 -0.991    0.693  0.718 -0.065
    77        pt             40.111   20.137    1.450  -0.158 -0.889 -0.431    0.667 -0.418  0.617   -0.728 -0.190  0.658
    78        pt            -15.013   -5.696  -25.910  -0.703 -0.451 -0.551    0.652 -0.718 -0.244   -0.286 -0.530  0.798
    79        pt             28.940   -6.412  -20.417   0.552 -0.616 -0.562   -0.311  0.473 -0.824    0.773  0.630  0.070
    80        pt            -19.076   18.457    3.046  -0.270  0.483  0.833    0.797 -0.375  0.475    0.541  0.792 -0.284
    81        pt            -17.327  -10.191  -13.240  -0.550 -0.001  0.835   -0.533  0.770 -0.350   -0.643 -0.638 -0.424
    82        pt             10.609   -6.450   -5.949   0.655  0.735 -0.175    0.092  0.153  0.984    0.750 -0.661  0.033
    83        pt             24.805    1.987    4.805   0.082 -0.982  0.171    0.668  0.181  0.722   -0.740  0.055  0.671
    84        pt             27.852   14.616  -33.600   0.951 -0.194  0.239    0.203 -0.187 -0.961    0.231  0.963 -0.138
    85        pt             38.082  -22.790    9.136   0.909 -0.305 -0.285    0.132 -0.438  0.889   -0.396 -0.846 -0.358
    86        pt              7.397   29.887  -15.288   0.012 -0.959 -0.283   -0.231 -0.278  0.932   -0.973  0.054 -0.225
    87        pt             10.463  -17.078    5.004   0.656 -0.482  0.581    0.197  0.852  0.484   -0.729 -0.203  0.654
    88        pt             10.828  -30.665   15.126   0.697  0.478  0.534   -0.692  0.255  0.675    0.187 -0.841  0.508
    89        pt             14.372  -21.426   31.237   0.425 -0.097 -0.900    0.852  0.379  0.362    0.306 -0.920  0.244
    90        pt             32.364  -32.143    3.363   0.972  0.207  0.111   -0.165  0.265  0.950    0.167 -0.942  0.292
    91        pt            -21.712  -10.812  -38.113  -0.554 -0.652  0.517   -0.778  0.627 -0.043   -0.296 -0.426 -0.855
    92        pt             31.706  -14.671   -9.950  -0.427  0.104  0.898   -0.425  0.854 -0.301   -0.798 -0.510 -0.320
    93        pt             23.749   -9.997   -1.632   0.696 -0.716 -0.050    0.558  0.584 -0.590    0.451  0.383  0.806
    94        pt            -22.508   11.325    8.326  -0.250  0.289 -0.924   -0.053 -0.957 -0.285   -0.967 -0.023  0.255
    95        pt             -3.205  -20.718  -44.458  -0.498  0.419 -0.759    0.863  0.322 -0.388    0.082 -0.849 -0.522
    96        pt            -28.970  -32.488   11.799   0.690  0.682  0.244   -0.218 -0.125  0.968    0.690 -0.721  0.062
    97        pt             -0.519   38.430  -20.939  -0.709 -0.530 -0.465    0.408  0.230 -0.884    0.575 -0.816  0.053
    98        pt            -10.097  -44.330   20.172  -0.569  0.771  0.286    0.019 -0.336  0.942    0.822  0.541  0.176
    99        pt            -21.657  -21.134   10.849   0.831 -0.055 -0.553    0.348 -0.724  0.595   -0.433 -0.687 -0.583
   100        pt            -13.992  -25.501  -11.665   0.404 -0.850  0.339   -0.278 -0.467 -0.839    0.872  0.245 -0.425

**************************************************************************************************************
*                                                  mc data                                                   *
**************************************************************************************************************

uniform sampling, random
cubic displacement volume

single-particle move                   pt        
-------------------                    ----------
probability                    =       1.000
tran. displacement parameter   =           10.000
rot. displacement parameter    =            0.000


**************************************************************************************************************
*                                               neighbour list                                               *
**************************************************************************************************************

verlet list
automatic control of update frequency
layer thickness                =       200.000
factor used to calculate nneigh=         2.000
maximal number of neighbours   =          2000

**************************************************************************************************************
*                                          thermodynamic quantities                                          *
**************************************************************************************************************

quantity                            initial value
&-------                            -------------
total potential energy         =          0.00000
 total two-body energy         =          0.00000
  pt-pt                        =          0.00000
enthalpy                       =          2.47771
temperature                    =        298.00000
pressure (excl. cont. contr.)  =          0.78578
number of particles            =        100.00000
volume                         =      5.23599E+05

total potential energy (NkT)   =          0.00000
pressure (NkT/V)(excl. contact)=          1.00000
pressure (kT) (excl. contact)  =      1.90986E-04
 
total cpu time since start (s)        0.01

**************************************************************************************************************
*                                                                                                            *
*                              r e s u l t   o f   m a c r o s t e p         1                               *
*                                                                                                            *
**************************************************************************************************************

 
  step/pass   pot. energy    temperature    pressure       volume

**************************************************************************************************************
*                                               mc statistics                                                *
**************************************************************************************************************

single-particle move                             total          pt        
-------------------                              -----          ----------
total number of conf.          =           100000 1.00         100000 1.00
accepted number of conf.       =            92920 0.93          92920 0.93
outside-box rejected conf.     =             7075 0.07           7075 0.07
hard-core rejected conf.       =                5 0.00              5 0.00

average no of displaced part.  =                                      1.00
average no of net joining part.=                                      0.00

**************************************************************************************************************
*                                             control statistics                                             *
**************************************************************************************************************

quantity                                    pt        
--------                                    ----------

<dr**2>/step (macrostep)       =            0.2923E+01
precision                      =            0.2033E+00
<dr**2>/step (from start)      =            0.2923E+01
precision                      =            0.2033E+00

orientation order, x'-axis     =                1.0000
orientation order, y'-axis     =                1.0000
orientation order, z'-axis     =                1.0000

<ro> (x,y,z)                   =     2.485-2.619-0.885
<x'> (x,y,z)                   =      0.11 -0.00  0.08
<y'> (x,y,z)                   =      0.02 -0.05 -0.07
<z'> (x,y,z)                   =     -0.06 -0.11  0.10

**************************************************************************************************************
*                                          thermodynamic quantities                                          *
**************************************************************************************************************

quantity                                  average    fluctuation          check
&&------                                  -------    -----------          -----
total potential energy         =          0.00000        0.00000      0.000E+00
 total two-body energy         =          0.00000        0.00000      0.000E+00
  pt-pt                        =          0.00000        0.00000      0.000E+00
enthalpy                       =          2.47771        0.00000
cv                             =          0.00000
temperature                    =        298.00000        0.00000
pressure (excl. cont. contr.)  =          0.78578        0.00000
number of particles            =        100.00000        0.00000
volume                         =      5.23599E+05    5.89831E-02

total potential energy (NkT)   =          0.00000
pressure (NkT/V)(excl. contact)=          1.00000
pressure (kT) (excl. contact)  =      1.90986E-04
number density                 =      1.90986E-04

**************************************************************************************************************
*                                                                                                            *
*                                          f i n a l   r e s u l t                                           *
*                                                                                                            *
**************************************************************************************************************

2017-01-05     15:51:09

title   : points in a sphere                                                                        

key data: mode           : simulation
          method         : mc   
          ensemble       : nvt
          boundary cond. : sph
          start          : setconf 


number of time steps/passes           1  *      1000  =       1000

temperature                    =     298.000
pressure                       =       0.786
spherical cell radius          =      50.000
volume                         =   0.524E+06

seed of random generator       =     9876544


**************************************************************************************************************
*                                                coordinates                                                 *
**************************************************************************************************************


particle coordinates
--------------------
particle no   particle type       com (x,y,z)              x'-axis (x,y,z)        y'-axis (x,y,z)        z'-axis (x,y,z)
-----------   -------------       -----------              ---------------        ---------------        ---------------
     1        pt              2.629  -14.823    7.123  -0.901 -0.033  0.432   -0.426 -0.115 -0.897    0.080 -0.993  0.089
     2        pt            -37.873   23.367   -2.863   0.969  0.152  0.196   -0.116 -0.421  0.900    0.220 -0.894 -0.391
     3        pt             28.810  -16.761  -15.527   0.428  0.857  0.289    0.750 -0.158 -0.642   -0.505  0.491 -0.710
     4        pt              8.294   -1.056  -26.368   0.846 -0.047 -0.532    0.475 -0.387  0.790   -0.243 -0.921 -0.305
     5        pt             18.385  -41.360    3.250   0.967 -0.241  0.083    0.203  0.925  0.322   -0.154 -0.295  0.943
     6        pt            -26.758   -5.951    0.998  -0.157 -0.846 -0.510    0.535 -0.507  0.675   -0.830 -0.167  0.533
     7        pt            -40.161   -0.713  -18.823  -0.576 -0.399  0.713   -0.808  0.412 -0.422   -0.125 -0.819 -0.560
     8        pt             44.470   -0.285   21.468  -0.518 -0.833  0.195    0.045  0.201  0.979   -0.854  0.516 -0.066
     9        pt            -11.270    6.543   37.416   0.330 -0.872  0.361    0.937  0.349 -0.013   -0.115  0.342  0.933
    10        pt             -7.080   20.274  -11.464  -0.047  0.726  0.686    0.805 -0.379  0.456    0.591  0.574 -0.567
    11        pt              1.609   32.758   -3.348   0.547 -0.833 -0.079    0.017  0.106 -0.994    0.837  0.543  0.072
    12        pt             31.862   -3.000  -21.098   0.288  0.916  0.279    0.030 -0.300  0.954    0.957 -0.266 -0.113
    13        pt             34.852   -3.901   -4.502  -0.037 -0.490 -0.871    0.456  0.767 -0.452    0.889 -0.414  0.195
    14        pt            -20.996  -30.728  -29.971  -0.594  0.394  0.701   -0.779 -0.497 -0.381    0.199 -0.773  0.603
    15        pt              4.497  -37.913    0.545   0.249 -0.951 -0.183    0.020 -0.184  0.983   -0.968 -0.248 -0.026
    16        pt            -36.512   14.034  -30.630  -0.111 -0.889 -0.444   -0.594  0.417 -0.688    0.797  0.187 -0.575
    17        pt             13.664   23.762   12.249  -0.388  0.699  0.601   -0.774 -0.601  0.198    0.499 -0.388  0.774
    18        pt            -27.302   18.816    6.194   0.187  0.182 -0.965   -0.228 -0.948 -0.223   -0.955  0.262 -0.136
    19        pt             -9.686  -15.513  -20.819   0.378  0.715  0.588   -0.368  0.699 -0.613   -0.849  0.015  0.528
    20        pt            -22.857    2.719   43.131   0.365  0.673  0.643   -0.731  0.635 -0.250   -0.577 -0.379  0.724
    21        pt             27.149   32.051  -16.756  -0.864 -0.476 -0.164    0.116  0.129 -0.985    0.490 -0.870 -0.057
    22        pt            -20.197   11.761   21.022   0.290 -0.550  0.783    0.852 -0.223 -0.473    0.435  0.805  0.404
    23        pt             -0.328   20.570  -33.439   0.743  0.581 -0.332   -0.266 -0.198 -0.943   -0.614  0.789  0.007
    24        pt             23.097    0.771  -37.360   0.623  0.629  0.465    0.249  0.404 -0.880   -0.742  0.664  0.095
    25        pt             10.867    9.441  -33.790   0.698 -0.716  0.032    0.002  0.046  0.999   -0.716 -0.697  0.033
    26        pt            -37.117   22.850   11.413   0.728 -0.497 -0.473    0.521  0.849 -0.089    0.446 -0.182  0.877
    27        pt              6.522  -39.588   22.517   0.770  0.429 -0.472   -0.193 -0.548 -0.814   -0.608  0.718 -0.339
    28        pt            -20.651   25.406  -22.264  -0.886  0.140  0.442   -0.345 -0.837 -0.425    0.311 -0.529  0.790
    29        pt              9.149   30.734    6.068   0.603  0.600  0.526   -0.766  0.249  0.593    0.225 -0.760  0.610
    30        pt             14.478  -32.170  -35.274  -0.493  0.738  0.461    0.249 -0.388  0.887    0.833  0.553  0.007
    31        pt            -13.495  -43.635  -12.993   0.668 -0.630  0.396    0.115 -0.438 -0.892    0.735  0.641 -0.220
    32        pt             10.711  -30.219  -36.471   0.019  0.860  0.510    0.940  0.158 -0.301   -0.340  0.485 -0.806
    33        pt             -7.823  -10.518   -1.810   0.360 -0.821  0.443   -0.870 -0.467 -0.158    0.336 -0.328 -0.883
    34        pt             25.549  -33.502    9.152   0.502  0.530 -0.683   -0.008 -0.787 -0.617   -0.865  0.315 -0.391
    35        pt            -28.601   -2.083   21.789  -0.991  0.104 -0.079    0.070 -0.091 -0.993   -0.110 -0.990  0.083
    36        pt              2.743  -33.250    3.139  -0.747 -0.264  0.610   -0.526 -0.324 -0.786    0.406 -0.908  0.103
    37        pt              3.679    5.691  -18.377  -0.564  0.687  0.458   -0.136 -0.624  0.769    0.815  0.372  0.445
    38        pt              6.147   23.638  -26.459   0.273 -0.248  0.930    0.511  0.856  0.078   -0.815  0.454  0.360
    39        pt             -3.416   28.921   13.551  -0.876 -0.046  0.480   -0.433  0.513 -0.741   -0.212 -0.857 -0.469
    40        pt            -28.504   28.234   20.915  -0.646 -0.172 -0.743    0.612 -0.699 -0.371   -0.456 -0.694  0.557
    41        pt              6.275    8.738   -2.376  -0.760 -0.104 -0.642    0.650 -0.116 -0.751    0.004 -0.988  0.156
    42        pt            -18.336    9.212   -0.805   0.038  0.976 -0.213   -0.637 -0.141 -0.758   -0.770  0.165  0.616
    43        pt             41.056    1.247   13.106   0.535 -0.809 -0.245   -0.121  0.214 -0.969    0.836  0.548  0.017
    44        pt             38.854    7.139    2.560  -0.717  0.480  0.506    0.645  0.732  0.218   -0.266  0.483 -0.834
    45        pt             -0.909   12.682  -44.442  -0.347  0.239  0.907   -0.654 -0.754 -0.052    0.672 -0.612  0.418
    46        pt             -9.234   -7.058    4.645   0.908 -0.395  0.138    0.230  0.197 -0.953    0.349  0.897  0.270
    47        pt             27.133    4.181  -34.723  -0.486  0.869  0.092    0.162  0.192 -0.968   -0.859 -0.455 -0.234
    48        pt             24.065  -25.933  -33.237   0.046  0.332 -0.942    0.490 -0.830 -0.268   -0.871 -0.449 -0.201
    49        pt              8.317  -13.694   -6.630  -0.623 -0.629  0.465    0.744 -0.660  0.103    0.242  0.410  0.879
    50        pt              2.103   -9.462   21.926   0.100 -0.528 -0.843    0.139 -0.832  0.537   -0.985 -0.171 -0.010
    51        pt             25.661   38.020   -7.275  -0.527  0.644 -0.554   -0.483 -0.764 -0.429   -0.699  0.041  0.714
    52        pt            -11.224  -18.766   40.543   0.740 -0.278  0.613   -0.120  0.841  0.527   -0.662 -0.464  0.589
    53        pt             22.423   19.118   36.949  -0.001  0.765 -0.644   -0.800 -0.387 -0.459   -0.601  0.514  0.612
    54        pt            -35.429  -11.183  -18.325   0.245 -0.886  0.392    0.527  0.462  0.714   -0.814  0.032  0.580
    55        pt             35.007    8.748  -23.452   0.695 -0.683 -0.226   -0.446 -0.655  0.610   -0.564 -0.323 -0.760
    56        pt             -1.672  -43.501  -16.378   0.845  0.513  0.153    0.203 -0.043 -0.978   -0.495  0.857 -0.141
    57        pt             18.414   20.315    7.606   0.471  0.796  0.381   -0.232 -0.305  0.924    0.851 -0.523  0.041
    58        pt            -43.653   10.021  -12.394  -0.368 -0.454  0.812    0.194 -0.891 -0.410    0.909  0.007  0.416
    59        pt            -12.286  -39.124   -6.598   0.310  0.698 -0.645   -0.637  0.657  0.404    0.706  0.285  0.648
    60        pt              9.207  -44.759   -2.972  -0.014  0.610 -0.792   -0.991 -0.114 -0.070   -0.133  0.784  0.606
    61        pt             15.649   39.792    1.323  -0.592 -0.629 -0.503    0.329 -0.759  0.562   -0.736  0.168  0.656
    62        pt            -31.312  -31.612   21.723   0.312  0.507  0.804   -0.433  0.829 -0.355   -0.846 -0.237  0.478
    63        pt             20.111  -29.313   26.935  -0.340 -0.407  0.848    0.091 -0.912 -0.401    0.936 -0.059  0.347
    64        pt             13.804   -8.354   22.703   0.683  0.523 -0.509   -0.622  0.052 -0.781   -0.382  0.851  0.361
    65        pt              1.592  -10.568   24.800  -0.294  0.137  0.946    0.952 -0.051  0.303    0.090  0.989 -0.115
    66        pt            -39.379  -17.522   19.887  -0.932  0.334  0.143   -0.118  0.094 -0.989   -0.343 -0.938 -0.048
    67        pt             33.054   -1.904   21.612   0.819 -0.560 -0.125    0.165  0.020  0.986   -0.550 -0.828  0.109
    68        pt            -15.777   37.311   18.607  -0.489 -0.871 -0.048   -0.012  0.061 -0.998    0.872 -0.487 -0.041
    69        pt             35.650    4.433  -17.117   0.306  0.952 -0.017    0.129 -0.059 -0.990   -0.943  0.301 -0.141
    70        pt             25.816  -18.950   22.555   0.361  0.817 -0.449    0.932 -0.293  0.215    0.044 -0.496 -0.867
    71        pt            -14.728    2.504   -5.675   0.342  0.926  0.163   -0.244 -0.080  0.967    0.908 -0.370  0.198
    72        pt             28.527   10.114    1.240   0.749 -0.488  0.448   -0.660 -0.605  0.445    0.054 -0.629 -0.776
    73        pt             25.672    6.319  -25.963   0.675  0.466  0.573   -0.457 -0.346  0.820    0.580 -0.814 -0.021
    74        pt             11.957    2.495    4.196   0.614  0.448  0.649   -0.179  0.881 -0.439   -0.769  0.154  0.621
    75        pt            -16.724   15.984   19.313   0.655  0.237  0.718    0.374  0.724 -0.580   -0.657  0.648  0.386
    76        pt             15.147    8.429   20.752   0.708 -0.695 -0.120   -0.132  0.037 -0.991    0.693  0.718 -0.065
    77        pt             41.062    3.752   25.946  -0.158 -0.889 -0.431    0.667 -0.418  0.617   -0.728 -0.190  0.658
