**************************************************************************************************************
**************************************************************************************************************
**                                                                                                          **
**                                                                                                          **
**                                                  Molsim                                                  **
**                                                                                                          **
**                  integrated md/mc/bd simulation program belonging to the molsim package                  **
**                                                                                                          **
**                                          version 6.4.7, v2.2.0                                           **
**                                                                                                          **
**                                                                                                          **
**                                                Per Linse                                                 **
**                                            Physical Chemistry                                            **
**                                         Department of Chemistry                                          **
**                                             Lund University                                              **
**                                               P.O. Box 124                                               **
**                                          S-221 00 Lund, SWEDEN                                           **
**                                                                                                          **
**                                                                                                          **
**                                         with contributions from                                          **
**                                                                                                          **
**                  Anna Akinchina, Fredrik Carlsson, Samuel Edgecombe, Yoshikatsu Hayashi                  **
**          Pascal Hebbeker, Cornelius Hofzumahaus, Niklas Källrot, Björn Linse, Vladimir Lobaskin          **
**               Thomas M. Nymand, Alberto Pais, Jurij Rescic, Stefanie Schneider, Marie Skepö              **
**          Joakim Stenhammar, Anders Wallqvist, Jos van Rijssel, Erik Wernersson, Per-Olof Åstrand         **
**                                                                                                          **
**                                                                                                          **
**************************************************************************************************************
**************************************************************************************************************
 
2017-01-05     15:51:09

**************************************************************************************************************
*                                                                                                            *
*                                            i n p u t   d a t a                                             *
*                                                                                                            *
**************************************************************************************************************


**************************************************************************************************************
*                                            general information                                             *
**************************************************************************************************************


title   :  point ions in a sphere                                                                   

key data: mode           : simulation
          method         : mc   
          ensemble       : nvt
          boundary cond. : sph
          start          : setconf 


number of time steps/passes           1  *      1000  =       1000

temperature                    =     298.000
pressure                       =       0.101
spherical cell radius          =      50.000
volume                         =   0.524E+06

seed of random generator       =     9876543

optional subroutine used
------------------------
   ControlAver
   MainAver
   Group
   Static

parameters controlling the output interval (0 = no)
-------------------------------------------------
   itest              0
   ipart              1
   iatom              0
   iaver          10000
   ishow              1
   iplot              1
   ilist              0

external units
--------------
number        generic name        file name
------        ------------        ---------
   1               fin            FIN       
   2               fout           FOUT      
   3               fcnf           FCNF      

**************************************************************************************************************
*                                                   units                                                    *
**************************************************************************************************************

quantity                unit
--------                ----
length              1.000E-10 m
mass                1.000E-03 kg/mol
temperature         1.000E+00 k
time                1.000E-12 s
energy              1.000E+03 j/mol
heat capacity       1.000E+00 j/mol*k
diff. coeff.        1.000E-09 m**2/s
pressure            1.000E+06 pa
volume              1.000E-30 m**3
linear vel.         1.000E+02 m/s
linear acc.         1.000E+14 m/s**2
force               1.000E+11 n/mol
moment of inertia   1.000E-23 kg*m**2/mol
angle               1.745E-02 rad

**************************************************************************************************************
*                                               particle data                                                *
**************************************************************************************************************

charged atoms enabled

number of particles            =     100
number of atoms                =     100
number of particle types       =       1     (     10 )
number of atom types           =       1     (     10 )

particle       no        atom     no     mass    hard core    no of unit   weak      pK        sigma    epsilon  zatalpha
                                                 radius       charges      charge                              
--------       --        ----     --     ----    ---------    ----------   ------    --        -----    -------  --------
ion           100
                         ion      1      1.000    0.000        2.0000        F      0.0000     0.0000    0.0000    0.0000

molecular input frame: ion       
---------------------- ---

atom               coordinate (x,y,z)
----               ------------------
ion          0.00000   0.00000   0.00000

principal axis frame: ion       
--------------------- ---

atom               coordinate (x,y,z)
----               ------------------
ion          0.00000   0.00000   0.00000

particle             mass           moment of inertia (x,y,z)        maximal atom-com distance
--------             ----           -------------------------        -------------------------
ion                 1.000          0.000     0.000     0.000             0.000

**************************************************************************************************************
*                                          two-body potential data                                           *
**************************************************************************************************************

rcut                           =     100.000
utoltab                        =   0.100E-04
ftoltab                        =   0.100E-04
umaxtab                        =   0.200E+05
fmaxtab                        =   0.200E+05

monoatomic energy and force routines

relative permittivity          =   78.402600

system net charge based on zat =    200.    
%%%%%%%%%%%%%%%%%%%%%%%%%%%%%%%%%%%%%%%%%%%%%%%%%%%%%%%%%%%%%%%%%%%%%%%%%%%%%%%%%%%%%%%%%%%%%%%%%%%%%%%%%%%%%%
%                                                                                                            %
%                                w a r n i n g   f r o m   p o t e n t i a l                                 %
%                                                                                                            %
%                                            non-zero net charge                                             %
%                                                                                                            %
%%%%%%%%%%%%%%%%%%%%%%%%%%%%%%%%%%%%%%%%%%%%%%%%%%%%%%%%%%%%%%%%%%%%%%%%%%%%%%%%%%%%%%%%%%%%%%%%%%%%%%%%%%%%%%

particle pair              potential
-------------              ---------
ion-ion                      default             

atom pair         energy coefficients (ipot and ucoff)
---------         ------------------------------------
ion-ion                1  0.708831E+02

number of 1/r coefficients than has been changed/added based on zat =  1

specification of two-body potential tables
------------------------------------------
atom pair          no of grids         iubuflow       rumin     rumax
---------          -----------         --------       -----     -----
ion-ion               86                   1          0.316   110.000

nbuf (needed, allocated)        =       1033      3000

**************************************************************************************************************
*                                         initial configuration data                                         *
**************************************************************************************************************

start configuration from SetConfiguration
-----------------------------------------
part. type    routine          no of unit cells (x,y,z)     lower (x,y,z)      upper (x,y,z)      shift (x,y,z)
----------    -------          ------------------------     -------------      -------------      -------------
 1  ion       random                  0    0    0        -50.00-50.00-50.00  50.00 50.00 50.00   0.00  0.00  0.00

first macrostep                =      1

**************************************************************************************************************
*                                                coordinates                                                 *
**************************************************************************************************************


particle coordinates
--------------------
particle no   particle type       com (x,y,z)              x'-axis (x,y,z)        y'-axis (x,y,z)        z'-axis (x,y,z)
-----------   -------------       -----------              ---------------        ---------------        ---------------
     1        ion           -13.504   38.415  -11.616  -0.901 -0.033  0.432   -0.426 -0.115 -0.897    0.080 -0.993  0.089
     2        ion             2.325  -32.604   -3.406   0.969  0.152  0.196   -0.116 -0.421  0.900    0.220 -0.894 -0.391
     3        ion           -32.114  -16.839   -5.391   0.428  0.857  0.289    0.750 -0.158 -0.642   -0.505  0.491 -0.710
     4        ion            11.477  -15.547  -26.470   0.846 -0.047 -0.532    0.475 -0.387  0.790   -0.243 -0.921 -0.305
     5        ion            30.946  -21.977    2.461   0.967 -0.241  0.083    0.203  0.925  0.322   -0.154 -0.295  0.943
     6        ion            10.269   29.935   26.948  -0.157 -0.846 -0.510    0.535 -0.507  0.675   -0.830 -0.167  0.533
     7        ion           -23.473  -26.878  -20.019  -0.576 -0.399  0.713   -0.808  0.412 -0.422   -0.125 -0.819 -0.560
     8        ion             8.277   -6.972   38.591  -0.518 -0.833  0.195    0.045  0.201  0.979   -0.854  0.516 -0.066
     9        ion            26.332   40.309   -6.752   0.330 -0.872  0.361    0.937  0.349 -0.013   -0.115  0.342  0.933
    10        ion           -33.296   -6.596   18.730  -0.047  0.726  0.686    0.805 -0.379  0.456    0.591  0.574 -0.567
    11        ion            35.566  -24.553   23.259   0.547 -0.833 -0.079    0.017  0.106 -0.994    0.837  0.543  0.072
    12        ion           -40.126    3.009    4.706   0.288  0.916  0.279    0.030 -0.300  0.954    0.957 -0.266 -0.113
    13        ion            23.878   22.349  -20.024  -0.037 -0.490 -0.871    0.456  0.767 -0.452    0.889 -0.414  0.195
    14        ion            -3.044  -17.279  -12.642  -0.594  0.394  0.701   -0.779 -0.497 -0.381    0.199 -0.773  0.603
    15        ion           -14.723  -23.492  -34.838   0.249 -0.951 -0.183    0.020 -0.184  0.983   -0.968 -0.248 -0.026
    16        ion            10.044  -44.232   10.572  -0.111 -0.889 -0.444   -0.594  0.417 -0.688    0.797  0.187 -0.575
    17        ion            34.045   -8.787  -32.868  -0.388  0.699  0.601   -0.774 -0.601  0.198    0.499 -0.388  0.774
    18        ion           -29.405    1.116  -13.329   0.187  0.182 -0.965   -0.228 -0.948 -0.223   -0.955  0.262 -0.136
    19        ion            28.439  -16.255   22.755   0.378  0.715  0.588   -0.368  0.699 -0.613   -0.849  0.015  0.528
    20        ion            25.164  -10.575   34.360   0.365  0.673  0.643   -0.731  0.635 -0.250   -0.577 -0.379  0.724
    21        ion            28.843    2.912  -14.328  -0.864 -0.476 -0.164    0.116  0.129 -0.985    0.490 -0.870 -0.057
    22        ion            -1.305  -27.286  -21.404   0.290 -0.550  0.783    0.852 -0.223 -0.473    0.435  0.805  0.404
    23        ion            -4.573  -22.991   21.800   0.743  0.581 -0.332   -0.266 -0.198 -0.943   -0.614  0.789  0.007
    24        ion            36.538  -10.916  -27.034   0.623  0.629  0.465    0.249  0.404 -0.880   -0.742  0.664  0.095
    25        ion           -31.896  -32.177   -4.821   0.698 -0.716  0.032    0.002  0.046  0.999   -0.716 -0.697  0.033
    26        ion           -17.587  -23.217    8.421   0.728 -0.497 -0.473    0.521  0.849 -0.089    0.446 -0.182  0.877
    27        ion           -15.696    8.737    4.081   0.770  0.429 -0.472   -0.193 -0.548 -0.814   -0.608  0.718 -0.339
    28        ion            29.904   -4.821  -31.214  -0.886  0.140  0.442   -0.345 -0.837 -0.425    0.311 -0.529  0.790
    29        ion           -38.638    4.884   11.127   0.603  0.600  0.526   -0.766  0.249  0.593    0.225 -0.760  0.610
    30        ion            48.346    7.354   -2.302  -0.493  0.738  0.461    0.249 -0.388  0.887    0.833  0.553  0.007
    31        ion            25.976    2.123   38.595   0.668 -0.630  0.396    0.115 -0.438 -0.892    0.735  0.641 -0.220
    32        ion           -44.349  -17.313  -11.270   0.019  0.860  0.510    0.940  0.158 -0.301   -0.340  0.485 -0.806
    33        ion            28.771  -10.895   34.941   0.360 -0.821  0.443   -0.870 -0.467 -0.158    0.336 -0.328 -0.883
    34        ion            -4.647  -10.831   21.081   0.502  0.530 -0.683   -0.008 -0.787 -0.617   -0.865  0.315 -0.391
    35        ion            19.837   26.858  -10.553  -0.991  0.104 -0.079    0.070 -0.091 -0.993   -0.110 -0.990  0.083
    36        ion            43.048    8.655  -18.955  -0.747 -0.264  0.610   -0.526 -0.324 -0.786    0.406 -0.908  0.103
    37        ion           -18.920   35.926   21.624  -0.564  0.687  0.458   -0.136 -0.624  0.769    0.815  0.372  0.445
    38        ion             0.606    2.828  -25.630   0.273 -0.248  0.930    0.511  0.856  0.078   -0.815  0.454  0.360
    39        ion           -10.235  -37.441   -7.286  -0.876 -0.046  0.480   -0.433  0.513 -0.741   -0.212 -0.857 -0.469
    40        ion            10.217   -9.095   38.997  -0.646 -0.172 -0.743    0.612 -0.699 -0.371   -0.456 -0.694  0.557
    41        ion             8.387  -37.579   29.567  -0.760 -0.104 -0.642    0.650 -0.116 -0.751    0.004 -0.988  0.156
    42        ion            43.029  -19.968   13.455   0.038  0.976 -0.213   -0.637 -0.141 -0.758   -0.770  0.165  0.616
    43        ion           -28.397  -26.048  -28.352   0.535 -0.809 -0.245   -0.121  0.214 -0.969    0.836  0.548  0.017
    44        ion           -34.130   -1.747   -9.455  -0.717  0.480  0.506    0.645  0.732  0.218   -0.266  0.483 -0.834
    45        ion           -29.390   28.593   18.605  -0.347  0.239  0.907   -0.654 -0.754 -0.052    0.672 -0.612  0.418
    46        ion             4.709    0.136  -22.710   0.908 -0.395  0.138    0.230  0.197 -0.953    0.349  0.897  0.270
    47        ion           -32.018  -25.271   19.544  -0.486  0.869  0.092    0.162  0.192 -0.968   -0.859 -0.455 -0.234
    48        ion            18.223  -33.478   -6.636   0.046  0.332 -0.942    0.490 -0.830 -0.268   -0.871 -0.449 -0.201
    49        ion            -5.063  -18.003   27.893  -0.623 -0.629  0.465    0.744 -0.660  0.103    0.242  0.410  0.879
    50        ion            -9.049   12.970  -34.286   0.100 -0.528 -0.843    0.139 -0.832  0.537   -0.985 -0.171 -0.010
    51        ion           -27.632   -4.031  -14.514  -0.527  0.644 -0.554   -0.483 -0.764 -0.429   -0.699  0.041  0.714
    52        ion            10.309  -39.592   23.936   0.740 -0.278  0.613   -0.120  0.841  0.527   -0.662 -0.464  0.589
    53        ion           -36.534    5.216    6.151  -0.001  0.765 -0.644   -0.800 -0.387 -0.459   -0.601  0.514  0.612
    54        ion           -28.483  -22.969  -15.923   0.245 -0.886  0.392    0.527  0.462  0.714   -0.814  0.032  0.580
    55        ion           -29.104   14.561  -32.670   0.695 -0.683 -0.226   -0.446 -0.655  0.610   -0.564 -0.323 -0.760
    56        ion            -6.686   -6.193   -8.810   0.845  0.513  0.153    0.203 -0.043 -0.978   -0.495  0.857 -0.141
    57        ion            13.330   -1.560   18.212   0.471  0.796  0.381   -0.232 -0.305  0.924    0.851 -0.523  0.041
    58        ion            40.219    7.668   26.342  -0.368 -0.454  0.812    0.194 -0.891 -0.410    0.909  0.007  0.416
    59        ion            20.852   27.093   10.805   0.310  0.698 -0.645   -0.637  0.657  0.404    0.706  0.285  0.648
    60        ion           -18.539   10.618   34.594  -0.014  0.610 -0.792   -0.991 -0.114 -0.070   -0.133  0.784  0.606
    61        ion             3.399    7.506  -14.398  -0.592 -0.629 -0.503    0.329 -0.759  0.562   -0.736  0.168  0.656
    62        ion           -19.973  -21.001   13.005   0.312  0.507  0.804   -0.433  0.829 -0.355   -0.846 -0.237  0.478
    63        ion            18.186    5.240   15.820  -0.340 -0.407  0.848    0.091 -0.912 -0.401    0.936 -0.059  0.347
    64        ion             7.500   36.127   27.309   0.683  0.523 -0.509   -0.622  0.052 -0.781   -0.382  0.851  0.361
    65        ion           -37.642   25.545    9.845  -0.294  0.137  0.946    0.952 -0.051  0.303    0.090  0.989 -0.115
    66        ion            -3.570   -0.984   11.802  -0.932  0.334  0.143   -0.118  0.094 -0.989   -0.343 -0.938 -0.048
    67        ion            26.335    1.263  -33.176   0.819 -0.560 -0.125    0.165  0.020  0.986   -0.550 -0.828  0.109
    68        ion            19.539  -35.362  -20.438  -0.489 -0.871 -0.048   -0.012  0.061 -0.998    0.872 -0.487 -0.041
    69        ion            -3.865    9.976  -45.204   0.306  0.952 -0.017    0.129 -0.059 -0.990   -0.943  0.301 -0.141
    70        ion           -25.488  -16.450    8.933   0.361  0.817 -0.449    0.932 -0.293  0.215    0.044 -0.496 -0.867
    71        ion            -2.137   -9.764    2.264   0.342  0.926  0.163   -0.244 -0.080  0.967    0.908 -0.370  0.198
    72        ion            -5.779    3.497   22.774   0.749 -0.488  0.448   -0.660 -0.605  0.445    0.054 -0.629 -0.776
    73        ion           -28.189   27.780  -25.700   0.675  0.466  0.573   -0.457 -0.346  0.820    0.580 -0.814 -0.021
    74        ion            27.136   34.291    4.236   0.614  0.448  0.649   -0.179  0.881 -0.439   -0.769  0.154  0.621
    75        ion            33.434  -32.070   16.105   0.655  0.237  0.718    0.374  0.724 -0.580   -0.657  0.648  0.386
    76        ion             1.439   17.494  -23.032   0.708 -0.695 -0.120   -0.132  0.037 -0.991    0.693  0.718 -0.065
    77        ion            40.111   20.137    1.450  -0.158 -0.889 -0.431    0.667 -0.418  0.617   -0.728 -0.190  0.658
    78        ion           -15.013   -5.696  -25.910  -0.703 -0.451 -0.551    0.652 -0.718 -0.244   -0.286 -0.530  0.798
    79        ion            28.940   -6.412  -20.417   0.552 -0.616 -0.562   -0.311  0.473 -0.824    0.773  0.630  0.070
    80        ion           -19.076   18.457    3.046  -0.270  0.483  0.833    0.797 -0.375  0.475    0.541  0.792 -0.284
    81        ion           -17.327  -10.191  -13.240  -0.550 -0.001  0.835   -0.533  0.770 -0.350   -0.643 -0.638 -0.424
    82        ion            10.609   -6.450   -5.949   0.655  0.735 -0.175    0.092  0.153  0.984    0.750 -0.661  0.033
    83        ion            24.805    1.987    4.805   0.082 -0.982  0.171    0.668  0.181  0.722   -0.740  0.055  0.671
    84        ion            27.852   14.616  -33.600   0.951 -0.194  0.239    0.203 -0.187 -0.961    0.231  0.963 -0.138
    85        ion            38.082  -22.790    9.136   0.909 -0.305 -0.285    0.132 -0.438  0.889   -0.396 -0.846 -0.358
    86        ion             7.397   29.887  -15.288   0.012 -0.959 -0.283   -0.231 -0.278  0.932   -0.973  0.054 -0.225
    87        ion            10.463  -17.078    5.004   0.656 -0.482  0.581    0.197  0.852  0.484   -0.729 -0.203  0.654
    88        ion            10.828  -30.665   15.126   0.697  0.478  0.534   -0.692  0.255  0.675    0.187 -0.841  0.508
    89        ion            14.372  -21.426   31.237   0.425 -0.097 -0.900    0.852  0.379  0.362    0.306 -0.920  0.244
    90        ion            32.364  -32.143    3.363   0.972  0.207  0.111   -0.165  0.265  0.950    0.167 -0.942  0.292
    91        ion           -21.712  -10.812  -38.113  -0.554 -0.652  0.517   -0.778  0.627 -0.043   -0.296 -0.426 -0.855
    92        ion            31.706  -14.671   -9.950  -0.427  0.104  0.898   -0.425  0.854 -0.301   -0.798 -0.510 -0.320
    93        ion            23.749   -9.997   -1.632   0.696 -0.716 -0.050    0.558  0.584 -0.590    0.451  0.383  0.806
    94        ion           -22.508   11.325    8.326  -0.250  0.289 -0.924   -0.053 -0.957 -0.285   -0.967 -0.023  0.255
    95        ion            -3.205  -20.718  -44.458  -0.498  0.419 -0.759    0.863  0.322 -0.388    0.082 -0.849 -0.522
    96        ion           -28.970  -32.488   11.799   0.690  0.682  0.244   -0.218 -0.125  0.968    0.690 -0.721  0.062
    97        ion            -0.519   38.430  -20.939  -0.709 -0.530 -0.465    0.408  0.230 -0.884    0.575 -0.816  0.053
    98        ion           -10.097  -44.330   20.172  -0.569  0.771  0.286    0.019 -0.336  0.942    0.822  0.541  0.176
    99        ion           -21.657  -21.134   10.849   0.831 -0.055 -0.553    0.348 -0.724  0.595   -0.433 -0.687 -0.583
   100        ion           -13.992  -25.501  -11.665   0.404 -0.850  0.339   -0.278 -0.467 -0.839    0.872  0.245 -0.425

**************************************************************************************************************
*                                                  mc data                                                   *
**************************************************************************************************************

uniform sampling, random
cubic displacement volume

single-particle move                   ion       
-------------------                    ----------
probability                    =       1.000
tran. displacement parameter   =           10.000
rot. displacement parameter    =            0.000


**************************************************************************************************************
*                                               neighbour list                                               *
**************************************************************************************************************

verlet list
automatic control of update frequency
layer thickness                =       200.000
factor used to calculate nneigh=         2.000
maximal number of neighbours   =          2000

**************************************************************************************************************
*                                          thermodynamic quantities                                          *
**************************************************************************************************************

quantity                            initial value
&-------                            -------------
total potential energy         =         84.22780
 total two-body energy         =         84.22780
  ion-ion                      =         84.22780
enthalpy                       =        114.78136
temperature                    =        298.00000
pressure (excl. cont. contr.)  =          9.68974
number of particles            =        100.00000
volume                         =      5.23599E+05

total potential energy (NkT)   =         33.99417
pressure (NkT/V)(excl. contact)=         12.33136
pressure (kT) (excl. contact)  =      2.35512E-03
 
total cpu time since start (s)        0.01

**************************************************************************************************************
*                                                                                                            *
*                              r e s u l t   o f   m a c r o s t e p         1                               *
*                                                                                                            *
**************************************************************************************************************

 
  step/pass   pot. energy    temperature    pressure       volume

**************************************************************************************************************
*                                               mc statistics                                                *
**************************************************************************************************************

single-particle move                             total          ion       
-------------------                              -----          ----------
total number of conf.          =           100000 1.00         100000 1.00
accepted number of conf.       =            34928 0.35          34928 0.35
energy rejected conf.          =            32523 0.33          32523 0.33
outside-box rejected conf.     =            32548 0.33          32548 0.33
hard-core rejected conf.       =                1 0.00              1 0.00

average no of displaced part.  =                                      1.00
average no of net joining part.=                                      0.00

**************************************************************************************************************
*                                             control statistics                                             *
**************************************************************************************************************

quantity                                    ion       
--------                                    ----------

<dr**2>/step (macrostep)       =            0.2750E+01
precision                      =            0.2101E+00
<dr**2>/step (from start)      =            0.2750E+01
precision                      =            0.2101E+00

orientation order, x'-axis     =                1.0000
orientation order, y'-axis     =                1.0000
orientation order, z'-axis     =                1.0000

<ro> (x,y,z)                   =     0.142-0.226-0.036
<x'> (x,y,z)                   =      0.11 -0.00  0.08
<y'> (x,y,z)                   =      0.02 -0.05 -0.07
<z'> (x,y,z)                   =     -0.06 -0.11  0.10

**************************************************************************************************************
*                                          thermodynamic quantities                                          *
**************************************************************************************************************

quantity                                  average    fluctuation          check
&&------                                  -------    -----------          -----
total potential energy         =         66.94244        1.08929     -0.423E-14
 total two-body energy         =         66.94244        1.08929     -0.423E-14
  ion-ion                      =         66.94244        1.08929     -0.423E-14
enthalpy                       =         97.49600        1.08929
cv                             =        160.70065
temperature                    =        298.00000        0.00000
pressure (excl. cont. contr.)  =          9.68974        0.00000
number of particles            =        100.00000        0.00000
volume                         =      5.23599E+05    5.89831E-02

total potential energy (NkT)   =         27.01784
pressure (NkT/V)(excl. contact)=         12.33136
pressure (kT) (excl. contact)  =      2.35512E-03
number density                 =      1.90986E-04

**************************************************************************************************************
*                                                                                                            *
*                                          f i n a l   r e s u l t                                           *
*                                                                                                            *
**************************************************************************************************************

2017-01-05     15:51:11

title   :  point ions in a sphere                                                                   

key data: mode           : simulation
          method         : mc   
          ensemble       : nvt
          boundary cond. : sph
          start          : setconf 


number of time steps/passes           1  *      1000  =       1000

temperature                    =     298.000
pressure                       =       7.827
spherical cell radius          =      50.000
volume                         =   0.524E+06

seed of random generator       =     9876544


**************************************************************************************************************
*                                                coordinates                                                 *
**************************************************************************************************************


particle coordinates
--------------------
particle no   particle type       com (x,y,z)              x'-axis (x,y,z)        y'-axis (x,y,z)        z'-axis (x,y,z)
-----------   -------------       -----------              ---------------        ---------------        ---------------
     1        ion             0.435   43.515   -5.430  -0.901 -0.033  0.432   -0.426 -0.115 -0.897    0.080 -0.993  0.089
     2        ion            44.183   -9.938  -16.139   0.969  0.152  0.196   -0.116 -0.421  0.900    0.220 -0.894 -0.391
     3        ion           -39.136   12.844   26.585   0.428  0.857  0.289    0.750 -0.158 -0.642   -0.505  0.491 -0.710
     4        ion             0.863   45.935   19.617   0.846 -0.047 -0.532    0.475 -0.387  0.790   -0.243 -0.921 -0.305
     5        ion            38.427   17.955   25.892   0.967 -0.241  0.083    0.203  0.925  0.322   -0.154 -0.295  0.943
     6        ion            12.388   27.023   39.665  -0.157 -0.846 -0.510    0.535 -0.507  0.675   -0.830 -0.167  0.533
     7        ion           -14.427  -34.043   21.104  -0.576 -0.399  0.713   -0.808  0.412 -0.422   -0.125 -0.819 -0.560
     8        ion           -27.372  -23.920  -31.069  -0.518 -0.833  0.195    0.045  0.201  0.979   -0.854  0.516 -0.066
     9        ion            18.506   16.941  -41.164   0.330 -0.872  0.361    0.937  0.349 -0.013   -0.115  0.342  0.933
    10        ion            24.321  -21.646   36.682  -0.047  0.726  0.686    0.805 -0.379  0.456    0.591  0.574 -0.567
    11        ion            43.937   18.585  -12.297   0.547 -0.833 -0.079    0.017  0.106 -0.994    0.837  0.543  0.072
    12        ion           -38.831   14.567  -21.493   0.288  0.916  0.279    0.030 -0.300  0.954    0.957 -0.266 -0.113
    13        ion            39.880    1.947  -29.365  -0.037 -0.490 -0.871    0.456  0.767 -0.452    0.889 -0.414  0.195
    14        ion           -38.403  -22.741    8.692  -0.594  0.394  0.701   -0.779 -0.497 -0.381    0.199 -0.773  0.603
    15        ion           -22.620    1.061  -41.968   0.249 -0.951 -0.183    0.020 -0.184  0.983   -0.968 -0.248 -0.026
    16        ion             3.042  -30.772  -33.639  -0.111 -0.889 -0.444   -0.594  0.417 -0.688    0.797  0.187 -0.575
    17        ion            25.989  -25.655  -30.516  -0.388  0.699  0.601   -0.774 -0.601  0.198    0.499 -0.388  0.774
    18        ion           -35.885   31.828  -14.028   0.187  0.182 -0.965   -0.228 -0.948 -0.223   -0.955  0.262 -0.136
    19        ion            14.445  -18.511   43.985   0.378  0.715  0.588   -0.368  0.699 -0.613   -0.849  0.015  0.528
    20        ion            16.663  -40.489   -8.751   0.365  0.673  0.643   -0.731  0.635 -0.250   -0.577 -0.379  0.724
    21        ion            42.217    6.758  -22.498  -0.864 -0.476 -0.164    0.116  0.129 -0.985    0.490 -0.870 -0.057
    22        ion             3.707  -38.428  -28.393   0.290 -0.550  0.783    0.852 -0.223 -0.473    0.435  0.805  0.404
    23        ion            -7.995   36.617  -27.891   0.743  0.581 -0.332   -0.266 -0.198 -0.943   -0.614  0.789  0.007
    24        ion            29.230   29.902  -21.966   0.623  0.629  0.465    0.249  0.404 -0.880   -0.742  0.664  0.095
    25        ion           -27.168  -16.373   37.801   0.698 -0.716  0.032    0.002  0.046  0.999   -0.716 -0.697  0.033
    26        ion           -39.811    3.262   22.792   0.728 -0.497 -0.473    0.521  0.849 -0.089    0.446 -0.182  0.877
    27        ion           -18.793   -6.514   25.461   0.770  0.429 -0.472   -0.193 -0.548 -0.814   -0.608  0.718 -0.339
    28        ion           -37.299    5.790  -30.251  -0.886  0.140  0.442   -0.345 -0.837 -0.425    0.311 -0.529  0.790
    29        ion             4.887    5.864   48.789   0.603  0.600  0.526   -0.766  0.249  0.593    0.225 -0.760  0.610
    30        ion           -46.492  -10.938   -6.799  -0.493  0.738  0.461    0.249 -0.388  0.887    0.833  0.553  0.007
    31        ion            30.475   28.191   27.567   0.668 -0.630  0.396    0.115 -0.438 -0.892    0.735  0.641 -0.220
    32        ion           -28.111  -37.365   11.216   0.019  0.860  0.510    0.940  0.158 -0.301   -0.340  0.485 -0.806
    33        ion            19.382   36.170  -28.073   0.360 -0.821  0.443   -0.870 -0.467 -0.158    0.336 -0.328 -0.883
    34        ion            31.246    0.185   35.639   0.502  0.530 -0.683   -0.008 -0.787 -0.617   -0.865  0.315 -0.391
    35        ion           -44.079  -21.563   -7.188  -0.991  0.104 -0.079    0.070 -0.091 -0.993   -0.110 -0.990  0.083
    36        ion            19.517   23.642   39.359  -0.747 -0.264  0.610   -0.526 -0.324 -0.786    0.406 -0.908  0.103
    37        ion           -40.792   27.576   -4.126  -0.564  0.687  0.458   -0.136 -0.624  0.769    0.815  0.372  0.445
    38        ion           -46.863   14.153   -7.747   0.273 -0.248  0.930    0.511  0.856  0.078   -0.815  0.454  0.360
    39        ion           -28.917  -14.453  -36.087  -0.876 -0.046  0.480   -0.433  0.513 -0.741   -0.212 -0.857 -0.469
    40        ion             6.008  -33.251   28.828  -0.646 -0.172 -0.743    0.612 -0.699 -0.371   -0.456 -0.694  0.557
    41        ion           -40.857   21.433   17.879  -0.760 -0.104 -0.642    0.650 -0.116 -0.751    0.004 -0.988  0.156
    42        ion            41.702  -26.513   -0.998   0.038  0.976 -0.213   -0.637 -0.141 -0.758   -0.770  0.165  0.616
    43        ion             6.548  -11.673   45.473   0.535 -0.809 -0.245   -0.121  0.214 -0.969    0.836  0.548  0.017
    44        ion            -2.229  -21.165  -44.346  -0.717  0.480  0.506    0.645  0.732  0.218   -0.266  0.483 -0.834
    45        ion             8.340   36.580  -21.825  -0.347  0.239  0.907   -0.654 -0.754 -0.052    0.672 -0.612  0.418
    46        ion            40.231   27.674    4.882   0.908 -0.395  0.138    0.230  0.197 -0.953    0.349  0.897  0.270
    47        ion           -11.841  -39.471  -28.183  -0.486  0.869  0.092    0.162  0.192 -0.968   -0.859 -0.455 -0.234
    48        ion            34.770  -19.076   30.102   0.046  0.332 -0.942    0.490 -0.830 -0.268   -0.871 -0.449 -0.201
    49        ion           -25.289    3.245   32.116  -0.623 -0.629  0.465    0.744 -0.660  0.103    0.242  0.410  0.879
    50        ion           -13.972   -3.725   47.327   0.100 -0.528 -0.843    0.139 -0.832  0.537   -0.985 -0.171 -0.010
    51        ion            -7.812   41.468  -18.106  -0.527  0.644 -0.554   -0.483 -0.764 -0.429   -0.699  0.041  0.714
    52        ion            34.751  -26.114  -20.982   0.740 -0.278  0.613   -0.120  0.841  0.527   -0.662 -0.464  0.589
    53        ion           -11.742  -47.662   -7.794  -0.001  0.765 -0.644   -0.800 -0.387 -0.459   -0.601  0.514  0.612
    54        ion           -46.896  -12.615    9.569   0.245 -0.886  0.392    0.527  0.462  0.714   -0.814  0.032  0.580
    55        ion           -24.760   42.261   -6.975   0.695 -0.683 -0.226   -0.446 -0.655  0.610   -0.564 -0.323 -0.760
    56        ion           -43.269   -9.805  -20.599   0.845  0.513  0.153    0.203 -0.043 -0.978   -0.495  0.857 -0.141
    57        ion            25.394   38.216   12.219   0.471  0.796  0.381   -0.232 -0.305  0.924    0.851 -0.523  0.041
    58        ion            15.553  -37.760  -25.734  -0.368 -0.454  0.812    0.194 -0.891 -0.410    0.909  0.007  0.416
    59        ion             4.579   -1.652   22.042   0.310  0.698 -0.645   -0.637  0.657  0.404    0.706  0.285  0.648
    60        ion           -20.660   18.419    5.618  -0.014  0.610 -0.792   -0.991 -0.114 -0.070   -0.133  0.784  0.606
    61        ion            20.585   45.512   -2.197  -0.592 -0.629 -0.503    0.329 -0.759  0.562   -0.736  0.168  0.656
    62        ion            30.061   -9.753  -36.208   0.312  0.507  0.804   -0.433  0.829 -0.355   -0.846 -0.237  0.478
    63        ion            12.023   16.741   45.068  -0.340 -0.407  0.848    0.091 -0.912 -0.401    0.936 -0.059  0.347
    64        ion            -0.218   49.581   -3.714   0.683  0.523 -0.509   -0.622  0.052 -0.781   -0.382  0.851  0.361
    65        ion           -32.634  -23.815   28.754  -0.294  0.137  0.946    0.952 -0.051  0.303    0.090  0.989 -0.115
    66        ion            29.953    4.251  -39.593  -0.932  0.334  0.143   -0.118  0.094 -0.989   -0.343 -0.938 -0.048
    67        ion            24.256   34.854   22.662   0.819 -0.560 -0.125    0.165  0.020  0.986   -0.550 -0.828  0.109
    68        ion           -31.408   25.641   25.444  -0.489 -0.871 -0.048   -0.012  0.061 -0.998    0.872 -0.487 -0.041
