**************************************************************************************************************
**************************************************************************************************************
**                                                                                                          **
**                                                                                                          **
**                                                  Molsim                                                  **
**                                                                                                          **
**                  integrated md/mc/bd simulation program belonging to the molsim package                  **
**                                                                                                          **
**                                      version 6.4.7, Sep 18, 2015 v                                       **
**                                                                                                          **
**                                                                                                          **
**                                                Per Linse                                                 **
**                                            Physical Chemistry                                            **
**                                         Department of Chemistry                                          **
**                                             Lund University                                              **
**                                               P.O. Box 124                                               **
**                                          S-221 00 Lund, SWEDEN                                           **
**                                                                                                          **
**                                                                                                          **
**                                         with contributions from                                          **
**                                                                                                          **
**                  Anna Akinchina, Fredrik Carlsson, Samuel Edgecombe, Yoshikatsu Hayashi                  **
**          Pascal Hebbeker, Cornelius Hofzumahaus, Niklas Källrot, Björn Linse, Vladimir Lobaskin          **
**               Thomas M. Nymand, Alberto Pais, Jurij Rescic, Stefanie Schneider, Marie Skepö              **
**          Joakim Stenhammar, Anders Wallqvist, Jos van Rijssel, Erik Wernersson, Per-Olof Åstrand         **
**                                                                                                          **
**                                                                                                          **
**************************************************************************************************************
**************************************************************************************************************
 
2016-09-14     08:30:13

**************************************************************************************************************
*                                                                                                            *
*                                            i n p u t   d a t a                                             *
*                                                                                                            *
**************************************************************************************************************


**************************************************************************************************************
*                                            general information                                             *
**************************************************************************************************************


title   : points in a sphere                                                                        

key data: mode           : simulation
          method         : mc   
          ensemble       : nvt
          boundary cond. : sph
          start          : setconf 


number of time steps/passes           1  *      1000  =       1000

temperature                    =     298.000
pressure                       =       0.101
spherical cell radius          =      50.000
volume                         =   0.524E+06

seed of random generator       =     9876543

optional subroutine used
------------------------
   ControlAver
   MainAver
   Group
   Static

parameters controlling the output interval (0 = no)
-------------------------------------------------
   itest              0
   ipart              1
   iatom              0
   iaver          10000
   ishow              1
   iplot              1
   ilist              0

external units
--------------
number        generic name        file name
------        ------------        ---------
   1               fin            FIN       
   2               fout           FOUT      
   3               fcnf           FCNF      

**************************************************************************************************************
*                                                   units                                                    *
**************************************************************************************************************

quantity                unit
--------                ----
length              1.000E-10 m
mass                1.000E-03 kg/mol
temperature         1.000E+00 k
time                1.000E-12 s
energy              1.000E+03 j/mol
heat capacity       1.000E+00 j/mol*k
diff. coeff.        1.000E-09 m**2/s
pressure            1.000E+06 pa
volume              1.000E-30 m**3
linear vel.         1.000E+02 m/s
linear acc.         1.000E+14 m/s**2
force               1.000E+11 n/mol
moment of inertia   1.000E-23 kg*m**2/mol
angle               1.745E-02 rad

**************************************************************************************************************
*                                               particle data                                                *
**************************************************************************************************************

charged atoms enabled

number of particles            =     100
number of atoms                =     100
number of particle types       =       1     (     10 )
number of atom types           =       1     (     10 )

particle       no        atom     no     mass    hard core    no of unit   weak      pK        sigma    epsilon  zatalpha
                                                 radius       charges      charge                              
--------       --        ----     --     ----    ---------    ----------   ------    --        -----    -------  --------
pt            100
                         pt       1      0.000    0.000        0.0000        F      0.0000     0.0000    0.0000    0.0000

molecular input frame: pt        
---------------------- --

atom               coordinate (x,y,z)
----               ------------------
pt           0.00000   0.00000   0.00000

principal axis frame: pt        
--------------------- --

atom               coordinate (x,y,z)
----               ------------------
pt           0.00000   0.00000   0.00000

particle             mass           moment of inertia (x,y,z)        maximal atom-com distance
--------             ----           -------------------------        -------------------------
pt                  0.000          0.000     0.000     0.000             0.000

**************************************************************************************************************
*                                          two-body potential data                                           *
**************************************************************************************************************

rcut                           =     100.000
utoltab                        =   0.100E-04
ftoltab                        =   0.100E-04
umaxtab                        =   0.200E+05
fmaxtab                        =   0.200E+05

monoatomic energy and force routines

particle pair              potential
-------------              ---------
pt-pt                        default             

atom pair         energy coefficients (ipot and ucoff)
---------         ------------------------------------
pt-pt               

specification of two-body potential tables
------------------------------------------
atom pair          no of grids         iubuflow       rumin     rumax
---------          -----------         --------       -----     -----
pt-pt                  2                   1          0.316   110.000

nbuf (needed, allocated)        =         25      1000

**************************************************************************************************************
*                                         initial configuration data                                         *
**************************************************************************************************************

start configuration from SetConfiguration
-----------------------------------------
part. type    routine          no of unit cells (x,y,z)     lower (x,y,z)      upper (x,y,z)      shift (x,y,z)
----------    -------          ------------------------     -------------      -------------      -------------
 1  pt        random                  0    0    0        -50.00-50.00-50.00  50.00 50.00 50.00   0.00  0.00  0.00

first macrostep                =      1

**************************************************************************************************************
*                                                coordinates                                                 *
**************************************************************************************************************


particle coordinates
--------------------
particle no   particle type       com (x,y,z)              x'-axis (x,y,z)        y'-axis (x,y,z)        z'-axis (x,y,z)
-----------   -------------       -----------              ---------------        ---------------        ---------------
     1        pt            -20.064   36.838   20.688   0.961 -0.269 -0.060    0.083  0.073  0.994   -0.263 -0.960  0.093
     2        pt            -41.376  -13.098  -10.911  -0.379 -0.652  0.657    0.657  0.311  0.687   -0.652  0.692  0.310
     3        pt             -9.084  -33.170   -0.405  -0.159  0.716 -0.680   -0.750 -0.535 -0.388   -0.642  0.449  0.622
     4        pt            -19.188   16.726  -35.745  -0.432 -0.816  0.383    0.041 -0.443 -0.896    0.901 -0.371  0.225
     5        pt              5.621   25.339   36.342   0.476 -0.786  0.394   -0.263  0.300  0.917   -0.839 -0.540 -0.063
     6        pt             10.343  -16.614   34.800   0.581 -0.800 -0.153    0.068  0.235 -0.970    0.811  0.553  0.191
     7        pt            -21.366  -13.699   17.193  -0.188 -0.663 -0.724   -0.907 -0.166  0.387   -0.377  0.730 -0.571
     8        pt            -37.289   29.222   -5.525   0.488 -0.622 -0.612    0.298 -0.541  0.787   -0.820 -0.566 -0.079
     9        pt              0.520  -37.004   11.685  -0.499 -0.177 -0.848   -0.210 -0.925  0.317   -0.841  0.337  0.425
    10        pt            -43.693    5.973  -18.430   0.379  0.551  0.743   -0.118 -0.768  0.630    0.918 -0.327 -0.226
    11        pt             10.917   14.075   16.827  -0.138  0.924 -0.356    0.353  0.382  0.854    0.926 -0.008 -0.378
    12        pt             20.621   23.038    8.600   0.653  0.747 -0.125   -0.628  0.441 -0.642   -0.424  0.497  0.757
    13        pt            -25.783   30.346  -28.258   0.158  0.906  0.391    0.950 -0.033 -0.309   -0.267  0.421 -0.867
    14        pt            -31.708   10.960   21.342   0.418 -0.805  0.420    0.044  0.480  0.876   -0.908 -0.348  0.236
    15        pt             11.930   12.080   35.411  -0.990  0.141 -0.012    0.011 -0.008 -1.000   -0.141 -0.990  0.006
    16        pt             -3.947   -1.690   11.874   0.448  0.205  0.870   -0.740 -0.461  0.490    0.501 -0.863 -0.055
    17        pt             -7.872  -37.198   -8.644   0.690 -0.249  0.680   -0.624 -0.679  0.386    0.366 -0.691 -0.624
    18        pt            -25.125   13.942  -16.852  -0.049 -0.873  0.486   -0.153  0.487  0.860   -0.987 -0.032 -0.157
    19        pt             26.044  -28.165   16.070   0.527 -0.437  0.729   -0.764 -0.619  0.182    0.372 -0.653 -0.660
    20        pt            -15.583   18.306  -11.526  -0.572  0.189  0.798    0.820  0.155  0.551   -0.020  0.970 -0.243
    21        pt            -11.178  -19.604   27.743  -0.054 -0.638 -0.768    0.825 -0.462  0.326   -0.563 -0.616  0.551
    22        pt             46.902   10.853   -3.955  -0.492  0.558 -0.668    0.436 -0.507 -0.744   -0.754 -0.657  0.006
    23        pt            -13.410  -26.451  -19.049  -0.705  0.673 -0.225    0.241  0.525  0.816    0.667  0.521 -0.533
    24        pt             26.202    6.414  -21.220   0.626  0.733  0.268    0.776 -0.550 -0.308   -0.079  0.401 -0.913
    25        pt             24.207   12.873   -6.375  -0.761 -0.544 -0.354   -0.278 -0.221  0.935   -0.587  0.810  0.017
    26        pt            -15.122   36.338  -22.737   0.905 -0.261 -0.336   -0.155  0.533 -0.832    0.396  0.805  0.442
    27        pt             18.436  -18.939   34.713   0.783  0.370  0.501    0.610 -0.296 -0.735   -0.124  0.881 -0.457
    28        pt             10.193  -18.598    9.299   0.009 -0.994 -0.111   -0.109 -0.111  0.988   -0.994  0.003 -0.109
    29        pt             19.940  -28.041   -2.866  -0.043 -0.661 -0.749    0.058 -0.751  0.658   -0.997 -0.015  0.071
    30        pt            -20.005  -21.166    9.884   0.221  0.290 -0.931    0.886  0.340  0.316    0.408 -0.895 -0.182
    31        pt            -36.808  -24.456  -20.890   0.706 -0.605  0.368    0.274 -0.246 -0.930    0.653  0.758 -0.008
    32        pt             -7.198    0.285  -23.019  -0.266 -0.101 -0.959    0.352  0.916 -0.194    0.897 -0.389 -0.208
    33        pt             26.286  -29.136  -11.242   0.722 -0.288  0.629    0.128  0.949  0.288   -0.680 -0.127  0.722
    34        pt            -32.459   30.752    4.078   0.099  0.681 -0.725   -0.538 -0.576 -0.615   -0.837  0.451  0.310
    35        pt             23.659   -1.662  -39.972  -0.470  0.261 -0.843   -0.027 -0.959 -0.281   -0.882 -0.109  0.458
    36        pt            -13.573   43.440   12.423   0.721  0.253 -0.645    0.692 -0.203  0.693    0.044 -0.946 -0.321
    37        pt            -17.305   21.961  -16.573  -0.397  0.000  0.918    0.051  0.998  0.022   -0.916  0.055 -0.397
    38        pt            -13.093  -21.421    0.901  -0.014  0.841  0.541    0.918  0.225 -0.327   -0.397  0.492 -0.775
    39        pt             -0.583   15.865   19.260   0.972 -0.184  0.147   -0.118  0.159  0.980   -0.203 -0.970  0.133
    40        pt             40.394   10.594   22.567   0.637 -0.152 -0.756   -0.547  0.601 -0.582    0.543  0.784  0.300
    41        pt            -17.037   19.096   -2.154  -0.957 -0.103 -0.270    0.288 -0.249 -0.925    0.028 -0.963  0.268
    42        pt             38.254   -8.870   14.279   0.237 -0.250 -0.939   -0.564  0.751 -0.343    0.791  0.611  0.037
    43        pt            -22.521    2.989  -23.560  -0.200 -0.073 -0.977   -0.751  0.651  0.105    0.629  0.755 -0.185
    44        pt              7.664  -15.126  -29.216   0.023  0.848 -0.530   -0.589  0.440  0.678    0.808  0.296  0.509
    45        pt            -26.000   33.784  -22.853  -0.605 -0.786 -0.126   -0.037 -0.130  0.991   -0.795  0.604  0.050
    46        pt            -15.111    7.155    0.693  -0.744  0.658 -0.117   -0.083  0.082  0.993    0.663  0.748 -0.006
    47        pt            -35.096    5.587  -20.420   0.297 -0.808  0.508    0.240 -0.452 -0.859    0.924  0.378  0.060
    48        pt             35.463  -10.426  -29.651   0.118 -0.441  0.890   -0.186  0.870  0.456   -0.975 -0.219  0.020
    49        pt              9.622  -12.591  -46.286  -0.249 -0.704 -0.665    0.966 -0.234 -0.114   -0.075 -0.670  0.738
    50        pt            -47.106   -0.360    8.169   0.519 -0.605  0.604   -0.155 -0.761 -0.630    0.841  0.233 -0.489
    51        pt            -34.095   12.576    9.586   0.324  0.922  0.212   -0.111 -0.185  0.976    0.939 -0.340  0.043
    52        pt             10.630    7.117  -14.120   0.706  0.651 -0.280   -0.260 -0.129 -0.957   -0.659  0.748  0.078
    53        pt             -3.081   36.513   -7.651   0.273  0.622 -0.734    0.431  0.603  0.671    0.860 -0.500 -0.103
    54        pt            -15.931   15.951    6.340  -0.289 -0.442  0.849   -0.296 -0.802 -0.519    0.910 -0.401  0.101
    55        pt             22.789    7.129  -19.551  -0.439 -0.194 -0.877   -0.500 -0.759  0.418   -0.747  0.622  0.236
    56        pt            -39.154   23.511   15.763  -0.465  0.083 -0.881   -0.533 -0.821  0.203   -0.707  0.564  0.426
    57        pt             28.036   15.280    7.899  -0.486 -0.669 -0.562    0.442 -0.743  0.502   -0.754 -0.004  0.657
    58        pt            -13.811   19.338   -2.993   0.643  0.732  0.225   -0.156 -0.162  0.974    0.750 -0.661  0.010
    59        pt            -20.836    9.307   17.766  -0.159 -0.605  0.781    0.612 -0.681 -0.403    0.775  0.414  0.478
    60        pt             -1.572   14.743  -24.697  -0.172  0.231 -0.958    0.564 -0.774 -0.288   -0.808 -0.590  0.003
    61        pt             11.966    1.503  -13.910   0.701 -0.338  0.627    0.215 -0.739 -0.639    0.680  0.583 -0.445
    62        pt            -14.153   19.514   24.500   0.742  0.338  0.579    0.401  0.468 -0.787   -0.538  0.816  0.212
    63        pt             -5.170   27.327   11.523  -0.493 -0.413  0.766    0.281 -0.908 -0.309    0.823  0.063  0.564
    64        pt              2.540  -39.971  -15.303   0.529 -0.838 -0.133   -0.119  0.081 -0.990    0.840  0.539 -0.057
    65        pt             39.629   14.018   13.540   0.611  0.754  0.240    0.231  0.121 -0.965   -0.758  0.645 -0.100
    66        pt            -26.532  -19.774   -8.208  -0.587  0.592  0.552    0.401 -0.379  0.834    0.703  0.711 -0.015
    67        pt            -41.854   -5.888  -12.592   0.689  0.242  0.683    0.561  0.420 -0.714   -0.460  0.875  0.153
    68        pt            -15.529  -14.329   -7.437  -0.987  0.159  0.007   -0.007  0.002 -1.000   -0.159 -0.987 -0.001
    69        pt             29.970   29.426  -26.348   0.913 -0.199 -0.355    0.407  0.441  0.800   -0.002 -0.875  0.484
    70        pt              8.889   -5.568   21.287  -0.847  0.473  0.240    0.383  0.232  0.894    0.367  0.850 -0.378
    71        pt             22.191   -5.725    0.301   0.686  0.715 -0.136    0.084  0.107  0.991    0.723 -0.691  0.013
    72        pt              7.561   37.073   -0.257  -0.613 -0.468  0.636    0.672 -0.732  0.109    0.415  0.494  0.764
    73        pt            -10.600  -24.524  -17.118   0.371  0.192 -0.909    0.607  0.691  0.394    0.703 -0.697  0.139
    74        pt              6.470  -20.838  -26.315  -0.574  0.506 -0.644    0.806  0.491 -0.331    0.148 -0.709 -0.690
    75        pt              8.767   30.454   17.802  -0.407  0.679 -0.611    0.621  0.696  0.360    0.670 -0.233 -0.705
    76        pt             -3.300   15.448   12.112   0.645  0.119 -0.755   -0.442 -0.747 -0.496   -0.623  0.654 -0.429
    77        pt             -9.387   -2.400   -3.586   0.495 -0.021 -0.869    0.695 -0.590  0.410   -0.521 -0.807 -0.278
    78        pt              2.326   24.094   -4.718   0.157  0.800  0.579    0.349  0.504 -0.790   -0.924  0.326 -0.200
    79        pt            -30.863    3.327   25.186  -0.626 -0.078  0.776   -0.274 -0.910 -0.312    0.730 -0.408  0.549
    80        pt            -14.108   40.337    3.220   0.056  0.768  0.637    0.247  0.608 -0.754   -0.967  0.200 -0.156
    81        pt             -9.026   -8.848  -40.651   0.767 -0.640  0.045    0.221  0.196 -0.955    0.603  0.743  0.292
    82        pt            -10.201   -4.793  -12.990   0.663  0.093 -0.743   -0.434  0.856 -0.280    0.610  0.508  0.608
    83        pt             28.277   -2.752   32.901  -0.729  0.442  0.522    0.651  0.213  0.729    0.211  0.871 -0.443
    84        pt             -9.094    5.970   32.913  -0.653 -0.041 -0.756    0.275 -0.943 -0.187   -0.705 -0.330  0.627
    85        pt            -43.271   -4.644  -14.773   0.724 -0.689 -0.042   -0.076 -0.020 -0.997    0.686  0.725 -0.067
    86        pt             17.553  -17.025   24.443   0.353 -0.811 -0.466    0.539 -0.230  0.810   -0.764 -0.538  0.356
    87        pt            -27.003    6.755  -39.110   0.514  0.081  0.854   -0.784  0.448  0.430   -0.348 -0.890  0.293
    88        pt            -19.756  -22.492  -27.949  -0.426 -0.074 -0.902    0.065  0.992 -0.112    0.902 -0.106 -0.418
    89        pt            -21.969  -10.082   11.093   0.761  0.632 -0.148   -0.017 -0.209 -0.978   -0.649  0.747 -0.148
    90        pt            -33.308  -19.806  -15.349  -0.459 -0.817  0.349   -0.254 -0.255 -0.933    0.851 -0.517 -0.090
    91        pt            -25.593  -15.602   18.283   0.440  0.801 -0.406    0.603  0.072  0.795    0.665 -0.595 -0.451
    92        pt             23.380    7.153  -25.100   0.364  0.618 -0.697   -0.422 -0.557 -0.715   -0.830  0.554  0.058
    93        pt              9.954   24.268   -3.552  -0.922 -0.383  0.057    0.075 -0.034  0.997   -0.380  0.923  0.060
    94        pt              2.846  -24.292   17.317  -0.403 -0.404  0.821   -0.625  0.777  0.075   -0.668 -0.483 -0.566
    95        pt             42.009    0.324   14.623   0.531 -0.384 -0.755   -0.541  0.532 -0.651    0.652  0.755  0.074
    96        pt              8.228  -32.018   24.865   0.036 -0.765  0.643    0.682 -0.451 -0.575    0.730  0.459  0.506
    97        pt            -33.264  -16.223   23.463   0.685  0.472  0.555    0.474  0.290 -0.831   -0.554  0.832 -0.025
    98        pt              6.813    1.675   44.502   0.237  0.733  0.637   -0.783  0.532 -0.322   -0.575 -0.423  0.700
    99        pt             33.647  -19.157   15.241  -0.241 -0.550  0.800    0.479  0.649  0.591   -0.844  0.526  0.107
   100        pt            -24.450  -34.413    3.495   0.775  0.531  0.342   -0.314 -0.146  0.938    0.548 -0.835  0.054

**************************************************************************************************************
*                                                  mc data                                                   *
**************************************************************************************************************

uniform sampling, random
cubic displacement volume

single-particle move                   pt        
-------------------                    ----------
probability                    =       1.000
tran. displacement parameter   =           10.000
rot. displacement parameter    =            0.000


**************************************************************************************************************
*                                               neighbour list                                               *
**************************************************************************************************************

verlet list
automatic control of update frequency
layer thickness                =       200.000
factor used to calculate nneigh=         2.000
maximal number of neighbours   =          2000

**************************************************************************************************************
*                                          thermodynamic quantities                                          *
**************************************************************************************************************

quantity                            initial value
&-------                            -------------
total potential energy         =          0.00000
 total two-body energy         =          0.00000
  pt-pt                        =          0.00000
enthalpy                       =          2.47771
temperature                    =        298.00000
pressure (excl. cont. contr.)  =          0.78578
number of particles            =        100.00000
volume                         =      5.23599E+05

total potential energy (NkT)   =          0.00000
pressure (NkT/V)(excl. contact)=          1.00000
pressure (kT) (excl. contact)  =      1.90986E-04
 
total cpu time since start (s)        0.01

**************************************************************************************************************
*                                                                                                            *
*                              r e s u l t   o f   m a c r o s t e p         1                               *
*                                                                                                            *
**************************************************************************************************************

 
  step/pass   pot. energy    temperature    pressure       volume

**************************************************************************************************************
*                                               mc statistics                                                *
**************************************************************************************************************

single-particle move                             total          pt        
-------------------                              -----          ----------
total number of conf.          =           100000 1.00         100000 1.00
accepted number of conf.       =            92686 0.93          92686 0.93
outside-box rejected conf.     =             7313 0.07           7313 0.07
hard-core rejected conf.       =                1 0.00              1 0.00

average no of displaced part.  =                                      1.00
average no of net joining part.=                                      0.00

**************************************************************************************************************
*                                             control statistics                                             *
**************************************************************************************************************

quantity                                    pt        
--------                                    ----------

<dr**2>/step (macrostep)       =            0.2926E+01
precision                      =            0.1746E+00
<dr**2>/step (from start)      =            0.2926E+01
precision                      =            0.1746E+00

orientation order, x'-axis     =                1.0000
orientation order, y'-axis     =                1.0000
orientation order, z'-axis     =                1.0000

<ro> (x,y,z)                   =    -2.164-0.346 0.758
<x'> (x,y,z)                   =      0.08 -0.01 -0.03
<y'> (x,y,z)                   =      0.08 -0.03  0.02
<z'> (x,y,z)                   =     -0.01  0.05  0.02

**************************************************************************************************************
*                                          thermodynamic quantities                                          *
**************************************************************************************************************

quantity                                  average    fluctuation          check
&&------                                  -------    -----------          -----
total potential energy         =          0.00000        0.00000      0.000E+00
 total two-body energy         =          0.00000        0.00000      0.000E+00
  pt-pt                        =          0.00000        0.00000      0.000E+00
enthalpy                       =          2.47771        0.00000
cv                             =          0.00000
temperature                    =        298.00000        0.00000
pressure (excl. cont. contr.)  =          0.78578        0.00000
number of particles            =        100.00000        0.00000
volume                         =      5.23599E+05    5.89831E-02

total potential energy (NkT)   =          0.00000
pressure (NkT/V)(excl. contact)=          1.00000
pressure (kT) (excl. contact)  =      1.90986E-04
number density                 =      1.90986E-04

**************************************************************************************************************
*                                                                                                            *
*                                          f i n a l   r e s u l t                                           *
*                                                                                                            *
**************************************************************************************************************

2016-09-14     08:30:15

title   : points in a sphere                                                                        

key data: mode           : simulation
          method         : mc   
          ensemble       : nvt
          boundary cond. : sph
          start          : setconf 


number of time steps/passes           1  *      1000  =       1000

temperature                    =     298.000
pressure                       =       0.786
spherical cell radius          =      50.000
volume                         =   0.524E+06

seed of random generator       =   510981631


**************************************************************************************************************
*                                                coordinates                                                 *
**************************************************************************************************************


particle coordinates
--------------------
particle no   particle type       com (x,y,z)              x'-axis (x,y,z)        y'-axis (x,y,z)        z'-axis (x,y,z)
-----------   -------------       -----------              ---------------        ---------------        ---------------
     1        pt              0.879   27.638  -29.920   0.961 -0.269 -0.060    0.083  0.073  0.994   -0.263 -0.960  0.093
     2        pt            -13.548   31.303   18.971  -0.379 -0.652  0.657    0.657  0.311  0.687   -0.652  0.692  0.310
     3        pt             35.523   12.240  -13.191  -0.159  0.716 -0.680   -0.750 -0.535 -0.388   -0.642  0.449  0.622
     4        pt              4.691  -14.507  -26.227  -0.432 -0.816  0.383    0.041 -0.443 -0.896    0.901 -0.371  0.225
     5        pt              2.786   10.700  -30.162   0.476 -0.786  0.394   -0.263  0.300  0.917   -0.839 -0.540 -0.063
     6        pt            -43.517    8.266   20.559   0.581 -0.800 -0.153    0.068  0.235 -0.970    0.811  0.553  0.191
     7        pt            -10.676  -17.440  -35.591  -0.188 -0.663 -0.724   -0.907 -0.166  0.387   -0.377  0.730 -0.571
     8        pt              2.844   20.413   39.876   0.488 -0.622 -0.612    0.298 -0.541  0.787   -0.820 -0.566 -0.079
     9        pt              9.105  -16.181   10.430  -0.499 -0.177 -0.848   -0.210 -0.925  0.317   -0.841  0.337  0.425
    10        pt            -18.817   15.372  -25.560   0.379  0.551  0.743   -0.118 -0.768  0.630    0.918 -0.327 -0.226
    11        pt            -11.505  -22.968  -13.740  -0.138  0.924 -0.356    0.353  0.382  0.854    0.926 -0.008 -0.378
    12        pt             20.911   28.611   -1.638   0.653  0.747 -0.125   -0.628  0.441 -0.642   -0.424  0.497  0.757
    13        pt            -19.082   -3.973  -29.354   0.158  0.906  0.391    0.950 -0.033 -0.309   -0.267  0.421 -0.867
    14        pt             11.396  -35.155   27.785   0.418 -0.805  0.420    0.044  0.480  0.876   -0.908 -0.348  0.236
    15        pt             10.335  -34.127   19.511  -0.990  0.141 -0.012    0.011 -0.008 -1.000   -0.141 -0.990  0.006
    16        pt             20.819   22.753  -18.477   0.448  0.205  0.870   -0.740 -0.461  0.490    0.501 -0.863 -0.055
    17        pt             29.329  -10.685    2.511   0.690 -0.249  0.680   -0.624 -0.679  0.386    0.366 -0.691 -0.624
    18        pt              0.707  -34.657   17.633  -0.049 -0.873  0.486   -0.153  0.487  0.860   -0.987 -0.032 -0.157
    19        pt             14.794   -2.472    1.443   0.527 -0.437  0.729   -0.764 -0.619  0.182    0.372 -0.653 -0.660
    20        pt             12.700   29.369   16.121  -0.572  0.189  0.798    0.820  0.155  0.551   -0.020  0.970 -0.243
    21        pt             25.965  -27.761   25.466  -0.054 -0.638 -0.768    0.825 -0.462  0.326   -0.563 -0.616  0.551
    22        pt              7.791   30.541  -34.628  -0.492  0.558 -0.668    0.436 -0.507 -0.744   -0.754 -0.657  0.006
    23        pt            -11.574   20.680  -22.996  -0.705  0.673 -0.225    0.241  0.525  0.816    0.667  0.521 -0.533
    24        pt             31.815   11.322   18.922   0.626  0.733  0.268    0.776 -0.550 -0.308   -0.079  0.401 -0.913
    25        pt             16.611    5.433   32.099  -0.761 -0.544 -0.354   -0.278 -0.221  0.935   -0.587  0.810  0.017
    26        pt             11.975   17.573   12.507   0.905 -0.261 -0.336   -0.155  0.533 -0.832    0.396  0.805  0.442
    27        pt             25.869  -11.797    6.381   0.783  0.370  0.501    0.610 -0.296 -0.735   -0.124  0.881 -0.457
    28        pt            -45.360    6.280   -3.106   0.009 -0.994 -0.111   -0.109 -0.111  0.988   -0.994  0.003 -0.109
    29        pt            -37.093  -15.921    5.681  -0.043 -0.661 -0.749    0.058 -0.751  0.658   -0.997 -0.015  0.071
    30        pt            -16.408   12.093   -5.299   0.221  0.290 -0.931    0.886  0.340  0.316    0.408 -0.895 -0.182
    31        pt             25.136    7.822    8.474   0.706 -0.605  0.368    0.274 -0.246 -0.930    0.653  0.758 -0.008
    32        pt             -1.928  -33.419  -18.521  -0.266 -0.101 -0.959    0.352  0.916 -0.194    0.897 -0.389 -0.208
    33        pt             -0.032   27.931  -20.993   0.722 -0.288  0.629    0.128  0.949  0.288   -0.680 -0.127  0.722
    34        pt             -5.137  -33.436   28.143   0.099  0.681 -0.725   -0.538 -0.576 -0.615   -0.837  0.451  0.310
    35        pt             16.146  -15.524   43.133  -0.470  0.261 -0.843   -0.027 -0.959 -0.281   -0.882 -0.109  0.458
    36        pt             18.794   15.500  -28.682   0.721  0.253 -0.645    0.692 -0.203  0.693    0.044 -0.946 -0.321
    37        pt            -18.458   10.966  -12.495  -0.397  0.000  0.918    0.051  0.998  0.022   -0.916  0.055 -0.397
    38        pt             10.611  -30.686   -8.954  -0.014  0.841  0.541    0.918  0.225 -0.327   -0.397  0.492 -0.775
    39        pt             33.886   -2.469   -3.572   0.972 -0.184  0.147   -0.118  0.159  0.980   -0.203 -0.970  0.133
    40        pt             43.501    9.944    1.129   0.637 -0.152 -0.756   -0.547  0.601 -0.582    0.543  0.784  0.300
    41        pt            -37.921    2.016    2.846  -0.957 -0.103 -0.270    0.288 -0.249 -0.925    0.028 -0.963  0.268
    42        pt             -8.478  -20.661    2.394   0.237 -0.250 -0.939   -0.564  0.751 -0.343    0.791  0.611  0.037
    43        pt             11.027    8.518    3.763  -0.200 -0.073 -0.977   -0.751  0.651  0.105    0.629  0.755 -0.185
    44        pt            -30.574  -20.569  -13.520   0.023  0.848 -0.530   -0.589  0.440  0.678    0.808  0.296  0.509
    45        pt            -30.379    9.659  -10.461  -0.605 -0.786 -0.126   -0.037 -0.130  0.991   -0.795  0.604  0.050
    46        pt              4.501  -37.440   28.377  -0.744  0.658 -0.117   -0.083  0.082  0.993    0.663  0.748 -0.006
    47        pt             24.911   29.051  -23.977   0.297 -0.808  0.508    0.240 -0.452 -0.859    0.924  0.378  0.060
    48        pt            -31.115  -30.948   -4.418   0.118 -0.441  0.890   -0.186  0.870  0.456   -0.975 -0.219  0.020
    49        pt            -12.346   28.656  -19.108  -0.249 -0.704 -0.665    0.966 -0.234 -0.114   -0.075 -0.670  0.738
    50        pt              4.800  -17.309   -9.580   0.519 -0.605  0.604   -0.155 -0.761 -0.630    0.841  0.233 -0.489
    51        pt             -3.939   30.928   13.508   0.324  0.922  0.212   -0.111 -0.185  0.976    0.939 -0.340  0.043
    52        pt             23.223   -4.418   43.706   0.706  0.651 -0.280   -0.260 -0.129 -0.957   -0.659  0.748  0.078
    53        pt            -21.593  -28.354  -18.339   0.273  0.622 -0.734    0.431  0.603  0.671    0.860 -0.500 -0.103
    54        pt             -2.327  -11.961  -18.881  -0.289 -0.442  0.849   -0.296 -0.802 -0.519    0.910 -0.401  0.101
    55        pt             -8.516  -38.634   17.156  -0.439 -0.194 -0.877   -0.500 -0.759  0.418   -0.747  0.622  0.236
    56        pt            -20.785  -42.325   10.846  -0.465  0.083 -0.881   -0.533 -0.821  0.203   -0.707  0.564  0.426
    57        pt            -40.904    3.840    0.415  -0.486 -0.669 -0.562    0.442 -0.743  0.502   -0.754 -0.004  0.657
    58        pt              4.525   40.885  -26.203   0.643  0.732  0.225   -0.156 -0.162  0.974    0.750 -0.661  0.010
    59        pt            -23.432  -31.948   22.866  -0.159 -0.605  0.781    0.612 -0.681 -0.403    0.775  0.414  0.478
    60        pt            -11.016   10.596   44.793  -0.172  0.231 -0.958    0.564 -0.774 -0.288   -0.808 -0.590  0.003
    61        pt             31.498  -17.746  -34.129   0.701 -0.338  0.627    0.215 -0.739 -0.639    0.680  0.583 -0.445
    62        pt             10.924  -35.436  -13.548   0.742  0.338  0.579    0.401  0.468 -0.787   -0.538  0.816  0.212
    63        pt            -33.478   14.413   24.930  -0.493 -0.413  0.766    0.281 -0.908 -0.309    0.823  0.063  0.564
    64        pt              9.752    0.353  -47.357   0.529 -0.838 -0.133   -0.119  0.081 -0.990    0.840  0.539 -0.057
    65        pt             -0.667  -36.076   28.826   0.611  0.754  0.240    0.231  0.121 -0.965   -0.758  0.645 -0.100
    66        pt            -12.260  -29.289   26.123  -0.587  0.592  0.552    0.401 -0.379  0.834    0.703  0.711 -0.015
    67        pt             44.703    5.494    7.687   0.689  0.242  0.683    0.561  0.420 -0.714   -0.460  0.875  0.153
    68        pt            -41.036   13.663  -16.312  -0.987  0.159  0.007   -0.007  0.002 -1.000   -0.159 -0.987 -0.001
    69        pt            -22.603   38.893    9.245   0.913 -0.199 -0.355    0.407  0.441  0.800   -0.002 -0.875  0.484
    70        pt             -8.681    2.089   15.512  -0.847  0.473  0.240    0.383  0.232  0.894    0.367  0.850 -0.378
    71        pt            -31.293   -6.471   34.586   0.686  0.715 -0.136    0.084  0.107  0.991    0.723 -0.691  0.013
    72        pt             -0.933  -42.093   -2.723  -0.613 -0.468  0.636    0.672 -0.732  0.109    0.415  0.494  0.764
    73        pt             24.019  -10.217   33.003   0.371  0.192 -0.909    0.607  0.691  0.394    0.703 -0.697  0.139
    74        pt             22.084  -34.125   13.615  -0.574  0.506 -0.644    0.806  0.491 -0.331    0.148 -0.709 -0.690
    75        pt             28.528  -10.215   26.129  -0.407  0.679 -0.611    0.621  0.696  0.360    0.670 -0.233 -0.705
    76        pt             21.363  -26.733   22.233   0.645  0.119 -0.755   -0.442 -0.747 -0.496   -0.623  0.654 -0.429
    77        pt             13.793   19.762   27.204   0.495 -0.021 -0.869    0.695 -0.590  0.410   -0.521 -0.807 -0.278
