**************************************************************************************************************
**************************************************************************************************************
**                                                                                                          **
**                                                                                                          **
**                                                  Molsim                                                  **
**                                                                                                          **
**                  integrated md/mc/bd simulation program belonging to the molsim package                  **
**                                                                                                          **
**                                          version 6.4.7, v2.2.0                                           **
**                                                                                                          **
**                                                                                                          **
**                                                Per Linse                                                 **
**                                            Physical Chemistry                                            **
**                                         Department of Chemistry                                          **
**                                             Lund University                                              **
**                                               P.O. Box 124                                               **
**                                          S-221 00 Lund, SWEDEN                                           **
**                                                                                                          **
**                                                                                                          **
**                                         with contributions from                                          **
**                                                                                                          **
**                  Anna Akinchina, Fredrik Carlsson, Samuel Edgecombe, Yoshikatsu Hayashi                  **
**          Pascal Hebbeker, Cornelius Hofzumahaus, Niklas Källrot, Björn Linse, Vladimir Lobaskin          **
**               Thomas M. Nymand, Alberto Pais, Jurij Rescic, Stefanie Schneider, Marie Skepö              **
**          Joakim Stenhammar, Anders Wallqvist, Jos van Rijssel, Erik Wernersson, Per-Olof Åstrand         **
**                                                                                                          **
**                                                                                                          **
**************************************************************************************************************
**************************************************************************************************************
 
2017-01-05     15:50:12

**************************************************************************************************************
*                                                                                                            *
*                                            i n p u t   d a t a                                             *
*                                                                                                            *
**************************************************************************************************************


**************************************************************************************************************
*                                            general information                                             *
**************************************************************************************************************


title   : 0.001 m 1:1 salt solution                                                                 

key data: mode           : simulation
          method         : mc   
          ensemble       : nvt
          boundary cond. : xyz
          start          : setconf 


number of time steps/passes           2  *        10  =         20

temperature                    =     298.000
pressure                       =       0.101
box lengths (x,y,z)            =      56.390      56.390      56.390
volume                         =   0.179E+06

seed of random generator       =           1

optional subroutine used
------------------------
   ControlAver
   MainAver
   DistFunc
   Static

parameters controlling the output interval (0 = no)
-------------------------------------------------
   itest              0
   ipart              1
   iatom              0
   iaver             50
   ishow              1
   iplot              1
   ilist              0

external units
--------------
number        generic name        file name
------        ------------        ---------
   1               fin            FIN       
   2               fout           FOUT      
   3               fcnf           FCNF      

**************************************************************************************************************
*                                                   units                                                    *
**************************************************************************************************************

quantity                unit
--------                ----
length              1.000E-10 m
mass                1.000E-03 kg/mol
temperature         1.000E+00 k
time                1.000E-12 s
energy              1.000E+03 j/mol
heat capacity       1.000E+00 j/mol*k
diff. coeff.        1.000E-09 m**2/s
pressure            1.000E+06 pa
volume              1.000E-30 m**3
linear vel.         1.000E+02 m/s
linear acc.         1.000E+14 m/s**2
force               1.000E+11 n/mol
moment of inertia   1.000E-23 kg*m**2/mol
angle               1.745E-02 rad

**************************************************************************************************************
*                                               particle data                                                *
**************************************************************************************************************

charged atoms enabled

number of particles            =     216
number of atoms                =     216
number of particle types       =       2     (     10 )
number of atom types           =       2     (     10 )

particle       no        atom     no     mass    hard core    no of unit   weak      pK        sigma    epsilon  zatalpha
                                                 radius       charges      charge                              
--------       --        ----     --     ----    ---------    ----------   ------    --        -----    -------  --------
jon1          108
                         site1    1     23.000    2.000        1.0000        F      0.0000     0.0000    0.0000    0.0000
jon2          108
                         site2    1     35.400    2.000       -1.0000        F      0.0000     0.0000    0.0000    0.0000

molecular input frame: jon1      
---------------------- ----

atom               coordinate (x,y,z)
----               ------------------
site1        0.00000   0.00000   0.00000

principal axis frame: jon1      
--------------------- ----

atom               coordinate (x,y,z)
----               ------------------
site1        0.00000   0.00000   0.00000

molecular input frame: jon2      
---------------------- ----

atom               coordinate (x,y,z)
----               ------------------
site2        0.00000   0.00000   0.00000

principal axis frame: jon2      
--------------------- ----

atom               coordinate (x,y,z)
----               ------------------
site2        0.00000   0.00000   0.00000

particle             mass           moment of inertia (x,y,z)        maximal atom-com distance
--------             ----           -------------------------        -------------------------
jon1               23.000          0.000     0.000     0.000             0.000
jon2               35.400          0.000     0.000     0.000             0.000

**************************************************************************************************************
*                                          two-body potential data                                           *
**************************************************************************************************************

rcut                           =      28.000
utoltab                        =   0.100E-04
ftoltab                        =   0.100E-04
umaxtab                        =   0.200E+05
fmaxtab                        =   0.200E+05

monoatomic energy and force routines

relative permittivity          =   80.000000

system net charge based on zat =    0.00    

parameters controlling the ewald summation
------------------------------------------
txewaldrec                     =              std
iewaldopt                      =                1
uewaldtol                      =      0.21042E-05
error estimate in real space   =      0.21042E-05
error estimate in rec. space   =      0.30484E-06
ualpha                         =      0.10714    
ualphared                      =       3.0000    
ncut                           =                7
ncut2                          =               49
ncutregion                     =           sphere
nkvec (one octant)             =              238
surface term                   =                F

particle pair              potential
-------------              ---------
jon1-jon1                    default             
jon1-jon2                    default             
jon2-jon2                    default             

atom pair         energy coefficients (ipot and ucoff)
---------         ------------------------------------
site1-site1            1  0.173669E+02
site1-site2            1 -0.173669E+02
site2-site2            1  0.173669E+02

number of 1/r coefficients than has been changed/added based on zat =  3

specification of two-body potential tables
------------------------------------------
atom pair          no of grids         iubuflow       rumin     rumax
---------          -----------         --------       -----     -----
site1-site1           59                   1          0.316    30.800
site1-site2           59                 709          0.316    30.800
site2-site2           59                1417          0.316    30.800

nbuf (needed, allocated)        =       2125      3000

**************************************************************************************************************
*                                         initial configuration data                                         *
**************************************************************************************************************

start configuration from SetConfiguration
-----------------------------------------
part. type    routine          no of unit cells (x,y,z)     lower (x,y,z)      upper (x,y,z)      shift (x,y,z)
----------    -------          ------------------------     -------------      -------------      -------------
 1  jon1      random                  0    0    0        -28.20-28.20-28.20  28.20 28.20 28.20   0.00  0.00  0.00
 2  jon2      random                  0    0    0        -28.20-28.20-28.20  28.20 28.20 28.20   0.00  0.00  0.00

first macrostep                =      1

**************************************************************************************************************
*                                                coordinates                                                 *
**************************************************************************************************************


particle coordinates
--------------------
particle no   particle type       com (x,y,z)              x'-axis (x,y,z)        y'-axis (x,y,z)        z'-axis (x,y,z)
-----------   -------------       -----------              ---------------        ---------------        ---------------
     1        jon1          -15.342   -9.734    2.633   0.422 -0.552  0.719   -0.595 -0.767 -0.240    0.684 -0.327 -0.652
     2        jon1           21.131   21.776   13.688   0.203 -0.963 -0.175    0.070 -0.164  0.984   -0.977 -0.212  0.034
     3        jon1           20.184   -4.499   21.449  -0.236  0.675  0.699    0.213  0.738 -0.640   -0.948 -0.002 -0.318
     4        jon1           12.552  -16.834   -4.001   0.603  0.044  0.796   -0.451  0.842  0.295   -0.658 -0.537  0.528
     5        jon1          -26.105   -4.479   17.571   0.407 -0.291 -0.866    0.257 -0.873  0.414   -0.877 -0.391 -0.280
     6        jon1           18.469    3.854   13.313   0.687 -0.099 -0.720    0.703 -0.161  0.693   -0.185 -0.982 -0.041
     7        jon1           15.931   -0.540   16.899  -0.568  0.697 -0.437   -0.321  0.302  0.898    0.758  0.650  0.052
     8        jon1          -21.183   -8.426  -21.456  -0.428 -0.482  0.765   -0.735  0.678  0.016   -0.526 -0.555 -0.644
     9        jon1           18.602  -17.582   -7.108   0.672 -0.667  0.323   -0.282  0.174  0.944   -0.685 -0.725 -0.071
    10        jon1           13.541   21.872   12.602   0.679  0.716  0.162    0.251 -0.019 -0.968   -0.690  0.698 -0.192
    11        jon1           -9.904   15.764   -1.719  -0.081 -0.967 -0.241    0.040  0.239 -0.970    0.996 -0.088  0.019
    12        jon1           21.132   -5.721  -26.429   0.524  0.405 -0.749   -0.838  0.086 -0.539   -0.154  0.910  0.384
    13        jon1           -5.888  -24.018   -4.843  -0.344  0.886  0.310   -0.137  0.279 -0.950   -0.929 -0.370  0.026
    14        jon1          -24.826  -23.790   23.343  -0.680 -0.321  0.659   -0.545 -0.381 -0.747    0.491 -0.867  0.084
    15        jon1            5.482    3.637  -23.305  -0.133  0.859  0.495    0.686  0.440 -0.579   -0.715  0.263 -0.648
    16        jon1            5.928    4.131   13.035  -0.852  0.346 -0.393    0.224  0.920  0.322    0.473  0.186 -0.861
    17        jon1           27.131   -3.105    6.838   0.578 -0.433  0.692    0.264  0.901  0.343   -0.772 -0.016  0.636
    18        jon1           -3.303   11.193  -27.462  -0.660 -0.380  0.648    0.466  0.470  0.750   -0.589  0.797 -0.133
    19        jon1            4.533   -6.151    7.084  -0.772 -0.616 -0.156   -0.170  0.438 -0.883    0.612 -0.655 -0.443
    20        jon1           -5.521   -1.878   14.647   0.168  0.895 -0.413   -0.371  0.446  0.815    0.913  0.017  0.407
    21        jon1            0.918  -24.287   -2.496   0.287 -0.469  0.835    0.398 -0.735 -0.550    0.871  0.490 -0.024
    22        jon1           12.867  -23.702   -8.120   0.134 -0.709 -0.692   -0.678  0.444 -0.586    0.723  0.548 -0.421
    23        jon1          -26.269   -7.165   26.499   0.745  0.663  0.070   -0.093 -0.001  0.996    0.660 -0.749  0.061
    24        jon1            3.561    8.508    5.032  -0.021 -0.857 -0.515   -0.152  0.512 -0.845    0.988  0.060 -0.141
    25        jon1          -20.291   -3.692  -10.536   0.273  0.961  0.047    0.960 -0.275  0.050    0.061  0.031 -0.998
    26        jon1          -15.157   16.422    9.770  -0.580 -0.682  0.446   -0.213 -0.402 -0.890    0.787 -0.611  0.088
    27        jon1           27.301   23.686  -24.809   0.041  0.848  0.528   -0.045 -0.526  0.849    0.998 -0.058  0.016
    28        jon1           16.291   17.147   10.501  -0.565  0.460  0.685    0.138  0.871 -0.472   -0.813 -0.172 -0.556
    29        jon1           10.459  -16.084  -20.970   0.490 -0.208  0.846   -0.102 -0.978 -0.182    0.865  0.003 -0.501
    30        jon1          -15.065  -22.005   -3.257  -0.157 -0.426 -0.891    0.694 -0.689  0.207   -0.702 -0.586  0.404
    31        jon1            4.718  -13.607  -25.946  -0.447  0.322  0.834    0.759 -0.358  0.545    0.474  0.877 -0.084
    32        jon1          -20.851  -12.265    1.242  -0.905 -0.425 -0.037    0.397 -0.871  0.289   -0.155  0.246  0.957
    33        jon1           -6.968   -7.469   -4.063  -0.342 -0.939 -0.047    0.304 -0.063 -0.951    0.889 -0.339  0.307
    34        jon1           -5.993   20.718    4.084  -0.614 -0.637 -0.466    0.255  0.399 -0.881    0.747 -0.660 -0.083
    35        jon1           -2.533  -17.682  -25.694   0.715  0.695  0.072   -0.055 -0.046  0.997    0.697 -0.717  0.005
    36        jon1           27.744    0.360   20.767  -0.661 -0.721  0.210   -0.180 -0.119 -0.976    0.729 -0.683 -0.051
    37        jon1           25.986  -24.051    1.475   0.828  0.174  0.534    0.382  0.521 -0.763   -0.411  0.836  0.365
    38        jon1          -16.237   -9.048  -27.249  -0.729  0.425 -0.537   -0.177 -0.875 -0.451   -0.661 -0.233  0.713
    39        jon1          -14.634    9.053   14.989  -0.257  0.632  0.731    0.933  0.361  0.016   -0.254  0.686 -0.682
    40        jon1          -27.848   -3.757   13.826   0.590 -0.646  0.484   -0.219 -0.705 -0.674    0.777  0.292 -0.558
    41        jon1           14.299   -8.815   -6.648  -0.853  0.493 -0.174   -0.520 -0.833  0.188   -0.052  0.250  0.967
    42        jon1           24.846    9.981    0.600  -0.539  0.838  0.087   -0.131  0.018 -0.991   -0.832 -0.546  0.100
    43        jon1          -12.898    5.555   12.325   0.932 -0.261  0.252    0.283  0.085 -0.955    0.228  0.962  0.153
    44        jon1           11.891    3.639   20.125  -0.231 -0.446 -0.865    0.561  0.665 -0.493    0.795 -0.599  0.096
    45        jon1          -17.130   -3.068   14.274  -0.245  0.753 -0.611   -0.967 -0.142  0.212    0.073  0.643  0.762
    46        jon1          -19.776  -26.858   -8.415   0.079 -0.784 -0.616   -0.344  0.559 -0.755    0.936  0.271 -0.225
    47        jon1           26.250  -26.456  -26.291  -0.312  0.744  0.590    0.406 -0.457  0.791    0.859  0.487 -0.159
    48        jon1           -1.521  -12.657  -16.277   0.132  0.774  0.619    0.576  0.449 -0.683   -0.807  0.447 -0.387
    49        jon1           13.836  -18.962    7.540   0.802  0.570  0.178   -0.380  0.258  0.888    0.461 -0.780  0.424
    50        jon1           -5.533   -4.040    9.070   0.499 -0.586 -0.638    0.264  0.804 -0.533    0.826  0.097  0.556
    51        jon1          -21.657  -10.426   19.358  -0.077  0.983 -0.164    0.181 -0.148 -0.972   -0.981 -0.104 -0.166
    52        jon1           16.199    2.628   -5.474   0.723  0.032 -0.690   -0.548  0.635 -0.544    0.421  0.772  0.477
    53        jon1            6.509   -4.872   13.842   0.131  0.727  0.674    0.991 -0.121 -0.062    0.036  0.676 -0.736
    54        jon1            4.493  -11.948   16.352   0.885  0.425 -0.190   -0.440  0.629 -0.641   -0.153  0.651  0.743
    55        jon1          -24.405   27.330  -16.966  -0.371  0.045 -0.927   -0.303 -0.950  0.075   -0.878  0.309  0.366
    56        jon1          -11.922  -13.176   14.892  -0.208  0.660 -0.722    0.385 -0.623 -0.681   -0.899 -0.420 -0.125
    57        jon1          -17.880   -6.380   -7.037   0.488 -0.621  0.614   -0.322 -0.782 -0.534    0.811  0.062 -0.581
    58        jon1           -2.699  -27.326  -23.543  -0.821 -0.395  0.412   -0.212 -0.459 -0.863    0.530 -0.796  0.294
    59        jon1            9.811  -17.120   19.656   0.191  0.770 -0.608    0.414  0.499  0.762    0.890 -0.398 -0.223
    60        jon1           19.879  -22.673  -19.409   0.555 -0.415 -0.721   -0.418 -0.888  0.189   -0.719  0.197 -0.666
    61        jon1           25.361  -23.630   22.100  -0.872 -0.436 -0.222   -0.133 -0.225  0.965   -0.470  0.872  0.138
    62        jon1           -3.866    2.203  -14.574   0.253  0.189  0.949    0.940 -0.280 -0.195    0.229  0.941 -0.248
    63        jon1           27.354   -5.317  -12.866   0.975 -0.121 -0.188   -0.074 -0.968  0.240   -0.211 -0.220 -0.952
    64        jon1          -25.173  -22.104  -12.163  -0.486 -0.561  0.670   -0.275 -0.630 -0.726    0.830 -0.537  0.152
    65        jon1           15.921   25.680    8.832  -0.894 -0.436  0.098    0.156 -0.097  0.983   -0.419  0.895  0.155
    66        jon1          -19.680   13.279    4.961   0.047 -0.892 -0.450   -0.163  0.438 -0.884    0.986  0.115 -0.125
    67        jon1           -8.701   -2.253  -10.291  -0.837  0.521  0.170    0.088 -0.179  0.980    0.541  0.835  0.104
    68        jon1          -20.343   23.182   27.611   0.354  0.793  0.496   -0.411 -0.344  0.844    0.840 -0.503  0.205
    69        jon1           19.029  -11.322  -16.013   0.838 -0.536  0.103    0.121 -0.001 -0.993    0.532  0.844  0.064
    70        jon1          -11.968   24.588   18.981   0.918  0.348  0.188    0.085  0.291 -0.953   -0.387  0.891  0.238
    71        jon1           -9.506  -27.492    1.721  -0.153 -0.865  0.478   -0.678  0.444  0.586   -0.719 -0.234 -0.654
    72        jon1          -15.786  -27.623   -7.099   0.503 -0.861  0.077   -0.135  0.010  0.991   -0.854 -0.509 -0.111
    73        jon1          -24.603  -25.572   16.628   0.624  0.769  0.134    0.089  0.101 -0.991   -0.776  0.631 -0.005
    74        jon1           14.483    1.411    3.346   0.883 -0.335  0.327   -0.447 -0.396  0.802   -0.139 -0.855 -0.500
    75        jon1          -10.238  -22.276  -11.922   0.782  0.611 -0.125   -0.131 -0.036 -0.991   -0.610  0.791  0.052
    76        jon1          -18.901   18.288   18.312   0.060  0.404 -0.913    0.555 -0.774 -0.306   -0.830 -0.488 -0.271
    77        jon1            6.248   -4.770  -11.618   0.820  0.507  0.264    0.037 -0.509  0.860    0.571 -0.696 -0.436
    78        jon1           22.802  -20.619  -10.708   0.319 -0.702  0.637    0.948  0.245 -0.204   -0.013  0.669  0.744
    79        jon1           12.366    5.113    2.206   0.620 -0.593 -0.514    0.400 -0.326  0.857   -0.675 -0.737  0.035
    80        jon1           23.591   -8.729   -1.454  -0.369 -0.257  0.893    0.528 -0.849 -0.027    0.765  0.462  0.449
    81        jon1           17.208   -5.057    1.263   0.519  0.085 -0.851    0.171 -0.985  0.006   -0.838 -0.148 -0.526
    82        jon1            2.668  -18.835  -25.294  -0.419 -0.289 -0.861   -0.442  0.893 -0.084    0.793  0.346 -0.502
    83        jon1           -4.132   15.781  -10.202  -0.044  0.058  0.997    0.832 -0.550  0.069    0.552  0.833 -0.024
    84        jon1           -6.642  -27.573   26.751  -0.435  0.662 -0.610   -0.197  0.591  0.782    0.879  0.460 -0.127
    85        jon1           -4.958   15.201  -27.789  -0.564  0.560 -0.607   -0.009 -0.739 -0.674   -0.826 -0.374  0.421
    86        jon1           -5.579    6.766  -10.287   0.623 -0.748  0.228    0.358  0.014 -0.934    0.695  0.664  0.276
    87        jon1          -10.214   -5.628   17.357   0.313  0.573  0.758   -0.656  0.707 -0.264   -0.687 -0.415  0.597
    88        jon1           10.900   24.792    6.788  -0.813 -0.580  0.053    0.024  0.058  0.998   -0.582  0.812 -0.033
    89        jon1           12.194  -12.353   21.820   0.867 -0.485 -0.115   -0.077  0.097 -0.992    0.492  0.869  0.047
    90        jon1           -6.930  -11.069   23.613  -0.990  0.041  0.138   -0.144 -0.263 -0.954   -0.003 -0.964  0.266
    91        jon1          -26.811   22.467   -3.043  -0.363  0.668 -0.649    0.606  0.699  0.380    0.708 -0.255 -0.659
    92        jon1           27.091   16.723   -3.239  -0.101 -0.653 -0.751    0.894  0.271 -0.356    0.436 -0.707  0.556
    93        jon1            4.262  -14.823  -21.225   0.061 -0.998  0.029    0.029 -0.027 -0.999    0.998  0.062  0.027
    94        jon1          -12.953  -22.883    5.352   0.652 -0.557  0.515    0.327 -0.406 -0.853    0.684  0.725 -0.082
    95        jon1          -17.344  -17.980    7.273  -0.290 -0.851  0.438   -0.560  0.521  0.644   -0.776 -0.059 -0.628
    96        jon1           16.250   18.958   -5.272  -0.396 -0.860  0.322   -0.283 -0.219 -0.934    0.874 -0.461 -0.156
    97        jon1           19.430   16.550  -12.519   0.724  0.162 -0.671    0.478  0.583  0.657    0.498 -0.796  0.344
    98        jon1           16.937  -26.931  -26.978  -0.335 -0.567  0.752   -0.234  0.824  0.517   -0.913 -0.003 -0.409
    99        jon1           16.793   27.392    0.199   0.380  0.500 -0.778    0.040  0.831  0.554    0.924 -0.242  0.296
   100        jon1          -19.026   16.548   11.360  -0.347  0.792  0.503    0.222 -0.452  0.864    0.911  0.411 -0.019
   101        jon1            4.709  -21.393  -10.468  -0.961 -0.259 -0.093    0.274 -0.933 -0.232   -0.027 -0.249  0.968
   102        jon1           27.297   -2.800   23.828  -0.232 -0.972  0.032    0.303 -0.041  0.952   -0.924  0.231  0.304
   103        jon1           22.456    1.047   27.479   0.637 -0.767 -0.078    0.040 -0.068  0.997   -0.770 -0.638 -0.013
   104        jon1           23.915   27.459   23.372  -0.152  0.719 -0.678   -0.895 -0.391 -0.214   -0.419  0.574  0.703
   105        jon1            6.486    6.946   17.173   0.701  0.707 -0.090    0.029  0.098  0.995    0.712 -0.700  0.048
   106        jon1           27.693  -14.911    4.590  -0.466 -0.310  0.829    0.108 -0.949 -0.295    0.878 -0.048  0.476
   107        jon1          -27.189  -19.295    9.706  -0.686 -0.319  0.654   -0.404 -0.581 -0.707    0.605 -0.749  0.270
   108        jon1           -6.456    3.966   14.569   0.013  0.997 -0.073    0.479 -0.070 -0.875   -0.878 -0.024 -0.479
   109        jon2          -10.753   10.649   -0.037   0.388  0.322  0.863    0.295  0.844 -0.448   -0.873  0.429  0.232
   110        jon2           18.601   -9.193   16.033   0.727 -0.683 -0.073   -0.310 -0.421  0.853   -0.613 -0.597 -0.517
   111        jon2           25.560    9.074  -21.443  -0.039  0.302 -0.952    0.792  0.591  0.155    0.609 -0.748 -0.262
   112        jon2          -22.066   27.357    0.552  -0.864  0.108  0.493    0.309 -0.658  0.686    0.398  0.745  0.535
   113        jon2          -14.641  -25.228  -20.542  -0.603 -0.248 -0.758    0.698  0.296 -0.652    0.386 -0.922 -0.005
   114        jon2            4.664   16.369   -1.946   0.655 -0.005 -0.755   -0.522 -0.725 -0.448   -0.546  0.688 -0.478
   115        jon2          -16.248    4.342   27.479  -0.325 -0.655  0.683    0.828 -0.545 -0.129    0.456  0.524  0.719
   116        jon2          -26.068    8.746   13.824   0.635 -0.258  0.728    0.621  0.732 -0.282   -0.460  0.631  0.625
   117        jon2          -12.692   22.848   26.709  -0.807  0.545 -0.225   -0.262 -0.673 -0.692   -0.529 -0.500  0.686
   118        jon2           -8.983    9.502   19.923  -0.591 -0.559  0.581    0.538  0.264  0.801   -0.601  0.786  0.144
   119        jon2            5.169  -22.245   -0.302   0.448  0.256 -0.856    0.657  0.555  0.510    0.606 -0.792  0.081
   120        jon2           17.446    5.749   -8.270   0.375 -0.299 -0.878   -0.884 -0.401 -0.241   -0.280  0.866 -0.415
   121        jon2           12.959    6.687  -19.917   0.576  0.714 -0.398   -0.672  0.137 -0.728   -0.465  0.687  0.559
   122        jon2           -3.046  -10.255  -23.294   0.896 -0.203  0.394   -0.441 -0.503  0.743    0.047 -0.840 -0.540
   123        jon2           24.555   26.049   -2.847  -0.290  0.780  0.555   -0.437  0.408 -0.801   -0.851 -0.475  0.222
   124        jon2           10.463   22.934   15.234   0.838  0.205 -0.506    0.287 -0.954  0.088   -0.464 -0.219 -0.858
   125        jon2            4.063   14.973   -8.987   0.338 -0.781  0.526    0.697  0.583  0.418   -0.633  0.225  0.741
   126        jon2           18.520   -1.547   24.958   0.761  0.646  0.063   -0.036 -0.055  0.998    0.648 -0.762 -0.018
   127        jon2           13.326   -7.626   25.031   0.714 -0.691  0.114    0.216  0.063 -0.974    0.666  0.720  0.194
   128        jon2            5.045   19.650   -4.606  -0.226 -0.913  0.339    0.447 -0.406 -0.797    0.865 -0.028  0.500
   129        jon2           -9.457  -14.976    1.006   0.954 -0.270  0.132    0.010 -0.411 -0.912    0.300  0.871 -0.389
   130        jon2          -26.446    7.882  -11.673  -0.504 -0.348 -0.791    0.651  0.448 -0.612    0.567 -0.823  0.000
   131        jon2            5.919   -1.271   24.683   0.773 -0.589  0.237   -0.205  0.121  0.971   -0.601 -0.799 -0.027
   132        jon2           -7.719    4.947   -6.264   0.259 -0.495  0.830    0.464 -0.689 -0.556    0.847  0.529  0.052
   133        jon2          -20.113   26.376  -24.504  -0.687 -0.332  0.646    0.551  0.342  0.761   -0.474  0.879 -0.052
   134        jon2           -8.123   24.789   11.525   0.346 -0.808  0.476   -0.310  0.381  0.871   -0.886 -0.449 -0.118
   135        jon2           -9.757  -21.581   21.379   0.036  0.575 -0.817   -0.605  0.663  0.440    0.795  0.479  0.372
   136        jon2          -23.906   -5.611  -12.525  -0.129 -0.145  0.981   -0.565  0.823  0.047   -0.815 -0.549 -0.188
   137        jon2           27.091  -15.787    0.153  -0.610  0.722  0.326    0.791  0.528  0.310    0.051  0.447 -0.893
   138        jon2          -22.154    6.851   19.152   0.947  0.248  0.206   -0.170 -0.158  0.973    0.274 -0.956 -0.108
   139        jon2          -10.721  -15.356  -21.905   0.457  0.676  0.578   -0.863  0.180  0.473    0.216 -0.714  0.666
   140        jon2           20.763   20.944    6.804  -0.710 -0.174  0.683   -0.671  0.460 -0.581   -0.213 -0.871 -0.443
   141        jon2          -18.845    9.971  -25.167  -0.734  0.627 -0.262   -0.674 -0.720  0.167   -0.084  0.299  0.950
   142        jon2           19.347   21.881  -23.694   0.903  0.321  0.284   -0.240 -0.171  0.956    0.356 -0.931 -0.077
   143        jon2          -20.159  -21.445   -7.012  -0.303 -0.953 -0.008    0.000  0.009 -1.000    0.953 -0.303 -0.002
   144        jon2          -23.838   15.201  -19.298  -0.603  0.322 -0.730    0.124  0.942  0.313    0.788  0.098 -0.608
   145        jon2           -1.692  -23.467  -10.516   0.625 -0.779  0.040   -0.124 -0.048  0.991   -0.770 -0.625 -0.127
   146        jon2           18.682  -11.438    0.793  -0.665 -0.376  0.646   -0.415 -0.534 -0.737    0.622 -0.758  0.199
   147        jon2          -22.562   18.964    4.784  -0.559 -0.594 -0.579   -0.723  0.007  0.691   -0.407  0.804 -0.433
   148        jon2          -18.379  -10.868  -14.169  -0.609 -0.576  0.545    0.426 -0.817 -0.388    0.669 -0.004  0.743
   149        jon2           -9.261  -23.110   -1.006   0.583  0.690 -0.429   -0.297 -0.310 -0.903   -0.756  0.654  0.024
   150        jon2          -20.698   -2.501  -17.796   0.572  0.545  0.613    0.641  0.168 -0.749   -0.511  0.821 -0.254
   151        jon2           17.404    9.407   14.750  -0.158 -0.855  0.493   -0.479 -0.370 -0.796    0.863 -0.362 -0.351
   152        jon2           12.670   -1.529    1.041   0.507  0.861 -0.047    0.212 -0.072  0.975    0.836 -0.504 -0.218
   153        jon2           -8.750  -25.942  -21.782   0.740 -0.273 -0.614   -0.450  0.478 -0.755    0.500  0.835  0.231
   154        jon2           20.255   20.918    0.646   0.588 -0.067  0.806   -0.573  0.670  0.473   -0.572 -0.740  0.355
   155        jon2          -15.370   13.475   24.662   0.643  0.563  0.518   -0.136 -0.582  0.802    0.753 -0.586 -0.298
   156        jon2           -4.887  -25.655    7.885  -0.201 -0.572 -0.795   -0.244  0.815 -0.525    0.949  0.088 -0.303
   157        jon2            4.375   16.424   17.354   0.551  0.738 -0.390    0.140  0.378  0.915    0.822 -0.559  0.105
   158        jon2          -23.670   11.262   -7.573  -0.523  0.481 -0.703   -0.823 -0.071  0.564    0.222  0.874  0.433
   159        jon2          -19.535  -24.459  -12.351   0.590  0.506  0.629    0.460  0.430 -0.777   -0.664  0.748  0.021
   160        jon2           -5.079  -19.827    5.528  -0.864  0.479  0.155   -0.385 -0.430 -0.817   -0.325 -0.765  0.556
   161        jon2          -15.081  -23.136  -27.245  -0.580 -0.636 -0.509   -0.462  0.771 -0.438    0.671 -0.019 -0.741
   162        jon2          -15.204  -16.824    3.070   0.780 -0.531  0.330    0.224 -0.255 -0.941    0.584  0.808 -0.080
   163        jon2          -24.995  -19.088   19.887   0.764  0.630  0.139    0.050  0.157 -0.986   -0.643  0.761  0.089
   164        jon2           -5.648  -26.666   13.355  -0.537  0.734  0.416   -0.535  0.085 -0.841   -0.653 -0.674  0.347
   165        jon2           27.664    2.481    9.507   0.438 -0.420  0.795    0.796 -0.230 -0.560    0.418  0.878  0.234
   166        jon2           15.890   21.669  -17.788  -0.684 -0.457  0.568   -0.382 -0.439 -0.813    0.621 -0.774  0.126
   167        jon2           -3.170    7.300    0.843   0.931 -0.353 -0.089    0.109  0.037  0.993   -0.347 -0.935  0.073
   168        jon2            0.416   11.104  -19.429   0.564  0.721 -0.403   -0.191  0.588  0.786    0.804 -0.366  0.469
   169        jon2            8.633   25.896   19.332  -0.786 -0.284 -0.549    0.593 -0.094 -0.800    0.176 -0.954  0.242
   170        jon2            0.691  -12.210    4.586   0.002  0.716  0.698   -0.262  0.674 -0.690   -0.965 -0.182  0.188
   171        jon2            7.753  -27.364   -8.844   0.894  0.409  0.183    0.199  0.003 -0.980   -0.401  0.912 -0.079
   172        jon2           -4.675    8.938   -6.483  -0.372 -0.600  0.708    0.902 -0.052  0.429   -0.221  0.798  0.560
   173        jon2          -17.377   -8.867  -17.512   0.320  0.820  0.474    0.145  0.452 -0.880   -0.936  0.350  0.026
   174        jon2           -8.627    9.845   -7.955  -0.009  0.988  0.156   -0.151  0.153 -0.977   -0.988 -0.032  0.148
   175        jon2          -11.365  -26.352   -8.930  -0.852  0.499  0.158   -0.271 -0.162 -0.949   -0.448 -0.851  0.274
   176        jon2          -18.939  -21.675   22.283   0.547  0.648  0.530   -0.050 -0.607  0.793    0.836 -0.460 -0.300
   177        jon2           -2.372  -23.233  -14.592  -0.727 -0.128  0.675   -0.496 -0.581 -0.645    0.474 -0.804  0.359
   178        jon2           -2.013  -23.636   16.645   0.119 -0.473  0.873   -0.837 -0.521 -0.168    0.534 -0.711 -0.458
   179        jon2           -4.064   10.022   14.251   0.661  0.740  0.126    0.410 -0.216 -0.886   -0.629  0.637 -0.446
   180        jon2            1.478  -17.443   16.737  -0.777 -0.630  0.002    0.001 -0.004 -1.000    0.630 -0.777  0.003
   181        jon2          -17.442   -4.629  -24.756  -0.021  0.823 -0.568    0.102  0.567  0.818    0.995 -0.041 -0.096
   182        jon2          -10.054  -17.566   21.706   0.700  0.131 -0.702   -0.706 -0.018 -0.708   -0.106  0.991  0.080
   183        jon2            3.657  -23.932   23.556   0.385  0.495 -0.779    0.876  0.069  0.477    0.290 -0.866 -0.407
   184        jon2           -5.513   21.527   27.392   0.201  0.741  0.640   -0.229  0.671 -0.705   -0.952 -0.005  0.305
   185        jon2          -10.558   24.687   -0.188  -0.376 -0.235  0.896   -0.662 -0.608 -0.438    0.648 -0.758  0.073
   186        jon2           10.858    1.417   11.094   0.583 -0.634  0.508    0.274  0.742  0.612   -0.765 -0.218  0.606
   187        jon2            9.232   27.305    0.622  -0.266  0.962 -0.064    0.170 -0.019 -0.985   -0.949 -0.273 -0.158
   188        jon2            9.040    9.183   -2.309  -0.275 -0.703 -0.656   -0.162 -0.638  0.752   -0.948  0.313  0.061
   189        jon2           25.890  -21.753   10.814  -0.232  0.670 -0.705   -0.369 -0.731 -0.574   -0.900  0.127  0.417
   190        jon2           23.875  -20.796  -16.720  -0.447 -0.806 -0.389    0.677 -0.021 -0.736    0.585 -0.592  0.555
   191        jon2          -12.939  -19.481  -16.010   0.391 -0.190  0.901    0.742 -0.513 -0.430    0.544  0.837 -0.060
   192        jon2          -27.722   22.185   22.388   0.753 -0.643 -0.141    0.356  0.218  0.909   -0.554 -0.734  0.393
   193        jon2           13.993  -18.489    1.650   0.595  0.325  0.735   -0.702 -0.234  0.672    0.391 -0.916  0.088
   194        jon2            6.830   13.114   -5.221   0.201  0.475  0.857   -0.489 -0.709  0.508    0.849 -0.521  0.090
   195        jon2            5.352   19.509  -13.500   0.252  0.877  0.409    0.939 -0.120 -0.322   -0.233  0.465 -0.854
   196        jon2            6.383   -8.799   24.370  -0.637 -0.506  0.581   -0.768  0.360 -0.529    0.059 -0.784 -0.618
   197        jon2          -11.197   16.872   15.662   0.592  0.622 -0.513   -0.305 -0.417 -0.856   -0.746  0.663 -0.058
   198        jon2          -12.048   12.137  -18.179   0.549  0.514  0.659   -0.833  0.268  0.484    0.072 -0.815  0.575
   199        jon2          -11.695   12.233  -25.697   0.392  0.300  0.870   -0.849 -0.247  0.467    0.355 -0.921  0.158
   200        jon2           27.846   17.304  -16.067  -0.869 -0.478 -0.130   -0.202  0.102  0.974   -0.452  0.873 -0.185
   201        jon2          -13.497    1.137   24.925   0.655  0.512  0.555    0.609 -0.793  0.013    0.447  0.330 -0.831
   202        jon2            0.179    9.415    7.422  -0.667  0.379  0.641    0.529 -0.366  0.766    0.525  0.850  0.044
   203        jon2           14.133   -5.494  -24.030   0.469  0.329 -0.819   -0.529 -0.638 -0.559   -0.707  0.696 -0.125
   204        jon2            8.015    5.147  -14.087   0.727 -0.600  0.333   -0.198  0.282  0.939   -0.658 -0.748  0.086
   205        jon2           11.492    3.522  -22.339   0.556 -0.591 -0.584   -0.313  0.502 -0.806    0.770  0.631  0.094
   206        jon2           17.603  -14.261   -3.032  -0.441  0.511 -0.738    0.188 -0.751 -0.633   -0.878 -0.418  0.235
   207        jon2           12.653  -14.550   26.721   0.688  0.020 -0.726   -0.712 -0.179 -0.680   -0.143  0.984 -0.108
   208        jon2            6.792   -6.489  -18.863   0.218 -0.954  0.205   -0.065  0.195  0.979   -0.974 -0.227 -0.020
   209        jon2          -12.460    4.927    7.084   0.182 -0.756  0.629    0.464 -0.498 -0.733    0.867  0.425  0.260
   210        jon2            5.376   10.782   -8.209   0.233 -0.567  0.790    0.817 -0.326 -0.475    0.527  0.757  0.387
   211        jon2          -15.480   19.791   12.976   0.078  0.724 -0.686   -0.394 -0.610 -0.688   -0.916  0.324  0.237
   212        jon2            7.516  -25.749  -25.106  -0.789 -0.040  0.614    0.347  0.795  0.498   -0.507  0.606 -0.613
   213        jon2          -19.129   13.385   -8.284   0.590 -0.279  0.758    0.534 -0.569 -0.625    0.606  0.773 -0.186
   214        jon2           11.571  -24.908  -18.560   0.747  0.526 -0.407   -0.303  0.814  0.496    0.592 -0.247  0.767
   215        jon2           16.444   -5.263   27.106   0.723  0.372  0.583   -0.471 -0.352  0.809    0.505 -0.859 -0.079
   216        jon2           22.754  -13.926  -20.100  -0.657 -0.620  0.430   -0.684  0.730  0.007   -0.318 -0.289 -0.903

**************************************************************************************************************
*                                                  mc data                                                   *
**************************************************************************************************************

uniform sampling, random
cubic displacement volume

single-particle move                   jon1           jon2      
-------------------                    ----------     ----------
probability                    =       1.000          1.000
tran. displacement parameter   =           10.000         10.000
rot. displacement parameter    =            0.000          0.000


**************************************************************************************************************
*                                               neighbour list                                               *
**************************************************************************************************************

verlet list
automatic control of update frequency
layer thickness                =        60.000
factor used to calculate nneigh=         2.000
