**************************************************************************************************************
**************************************************************************************************************
**                                                                                                          **
**                                                                                                          **
**                                                  Molsim                                                  **
**                                                                                                          **
**                  integrated md/mc/bd simulation program belonging to the molsim package                  **
**                                                                                                          **
**                                          version 6.4.7, v2.6.0                                           **
**                                                                                                          **
**                                                                                                          **
**                                                Per Linse                                                 **
**                                            Physical Chemistry                                            **
**                                         Department of Chemistry                                          **
**                                             Lund University                                              **
**                                               P.O. Box 124                                               **
**                                          S-221 00 Lund, SWEDEN                                           **
**                                                                                                          **
**                                                                                                          **
**                                         with contributions from                                          **
**                                                                                                          **
**                  Anna Akinchina, Fredrik Carlsson, Samuel Edgecombe, Yoshikatsu Hayashi                  **
**          Pascal Hebbeker, Cornelius Hofzumahaus, Niklas Källrot, Björn Linse, Vladimir Lobaskin          **
**               Thomas M. Nymand, Alberto Pais, Jurij Rescic, Stefanie Schneider, Marie Skepö              **
**          Joakim Stenhammar, Anders Wallqvist, Jos van Rijssel, Erik Wernersson, Per-Olof Åstrand         **
**                                                                                                          **
**                                                                                                          **
**************************************************************************************************************
**************************************************************************************************************
 
2017-03-28     12:59:25

**************************************************************************************************************
*                                                                                                            *
*                                            i n p u t   d a t a                                             *
*                                                                                                            *
**************************************************************************************************************


**************************************************************************************************************
*                                            general information                                             *
**************************************************************************************************************


title   : titrating charges+ewald                                                                   

key data: mode           : simulation
          method         : mc   
          ensemble       : nvt
          boundary cond. : xyz
          start          : setconf 


number of time steps/passes           2  *        25  =         50

temperature                    =     298.150
pressure                       =       1.013
box lengths (x,y,z)            =      25.000      25.000      25.000
volume                         =   0.156E+05

seed of random generator       =           1

optional subroutine used
------------------------
   ControlAver
   MainAver
   DistFunc
   Group

parameters controlling the output interval (0 = no)
-------------------------------------------------
   itest              0
   ipart              1
   iatom              0
   iaver              0
   ishow              1
   iplot              1
   ilist              1

external units
--------------
number        generic name        file name
------        ------------        ---------
   1               fin            FIN       
   2               fout           FOUT      
   3               fcnf           FCNF      
   8               flist          FLIST     

**************************************************************************************************************
*                                                   units                                                    *
**************************************************************************************************************

quantity                unit
--------                ----
length              1.000E-10 m
mass                1.000E-03 kg/mol
temperature         1.000E+00 k
time                1.000E-12 s
energy              1.000E+03 j/mol
heat capacity       1.000E+00 j/mol*k
diff. coeff.        1.000E-09 m**2/s
pressure            1.000E+06 pa
volume              1.000E-30 m**3
linear vel.         1.000E+02 m/s
linear acc.         1.000E+14 m/s**2
force               1.000E+11 n/mol
moment of inertia   1.000E-23 kg*m**2/mol
angle               1.745E-02 rad

**************************************************************************************************************
*                                               particle data                                                *
**************************************************************************************************************


number of particles            =      50
number of atoms                =      50
number of particle types       =       2     (     10 )
number of atom types           =       2     (     10 )

particle       no        atom     no     mass    hard core    no of unit   weak      pK        sigma    epsilon  zatalpha
                                                 radius       charges      charge                              
--------       --        ----     --     ----    ---------    ----------   ------    --        -----    -------  --------
awc            25
                         awc      1      1.000    2.000       -1.0000        T     12.0000     0.0000    0.0000    0.0000
cion           25
                         cion     1      1.000    2.000        1.0000        F      0.0000     0.0000    0.0000    0.0000

pH =    1.000
type of monoatomic particle carring counter charge to titratable charge =        2

molecular input frame: awc       
---------------------- ---

atom               coordinate (x,y,z)
----               ------------------
awc          0.00000   0.00000   0.00000

principal axis frame: awc       
--------------------- ---

atom               coordinate (x,y,z)
----               ------------------
awc          0.00000   0.00000   0.00000

molecular input frame: cion      
---------------------- ----

atom               coordinate (x,y,z)
----               ------------------
cion         0.00000   0.00000   0.00000

principal axis frame: cion      
--------------------- ----

atom               coordinate (x,y,z)
----               ------------------
cion         0.00000   0.00000   0.00000

particle             mass           moment of inertia (x,y,z)        maximal atom-com distance
--------             ----           -------------------------        -------------------------
awc                 1.000          0.000     0.000     0.000             0.000
cion                1.000          0.000     0.000     0.000             0.000

**************************************************************************************************************
*                                          two-body potential data                                           *
**************************************************************************************************************

rcut                           =      11.518
utoltab                        =   0.100E-04
ftoltab                        =   0.100E-04
umaxtab                        =   0.200E+05
fmaxtab                        =   0.200E+05

monoatomic energy and force routines

relative permittivity          =   78.300000

system net charge based on zat =    0.00    

parameters controlling the ewald summation
------------------------------------------
txewaldrec                     =              std
iewaldopt                      =                2
uewaldtol                      =      0.10000E-11
error estimate in real space   =      0.10000E-11
error estimate in rec. space   =      0.11404E-12
ualpha                         =      0.42000    
ualphared                      =       4.8375    
ncut                           =               18
ncut2                          =              324
ncutregion                     =           sphere
nkvec (one octant)             =             3442
surface term                   =                T

particle pair              potential
-------------              ---------
awc-awc                      default             
awc-cion                     default             
cion-cion                    default             

atom pair         energy coefficients (ipot and ucoff)
---------         ------------------------------------
awc-awc                1  0.177440E+02
awc-cion               1 -0.177440E+02
cion-cion              1  0.177440E+02

number of 1/r coefficients than has been changed/added based on zat =  3

specification of two-body potential tables
------------------------------------------
atom pair          no of grids         iubuflow       rumin     rumax
---------          -----------         --------       -----     -----
awc-awc               51                   1          0.316    12.670
awc-cion              51                 613          0.316    12.670
cion-cion             51                1225          0.316    12.670

nbuf (needed, allocated)        =       1837      3000

**************************************************************************************************************
*                                         initial configuration data                                         *
**************************************************************************************************************

start configuration from SetConfiguration
-----------------------------------------
part. type    routine          no of unit cells (x,y,z)     lower (x,y,z)      upper (x,y,z)      shift (x,y,z)
----------    -------          ------------------------     -------------      -------------      -------------
 1  awc       random                  0    0    0        -12.50-12.50-12.50  12.50 12.50 12.50   0.00  0.00  0.00
 2  cion      random                  0    0    0        -12.50-12.50-12.50  12.50 12.50 12.50   0.00  0.00  0.00

first macrostep                =      1

**************************************************************************************************************
*                                                coordinates                                                 *
**************************************************************************************************************


particle coordinates
--------------------
particle no   particle type       com (x,y,z)              x'-axis (x,y,z)        y'-axis (x,y,z)        z'-axis (x,y,z)
-----------   -------------       -----------              ---------------        ---------------        ---------------
     1        awc            -6.802   -4.315    1.167   0.422 -0.552  0.719   -0.595 -0.767 -0.240    0.684 -0.327 -0.652
     2        awc             9.368    9.654    6.069   0.203 -0.963 -0.175    0.070 -0.164  0.984   -0.977 -0.212  0.034
     3        awc             8.948   -1.994    9.509  -0.236  0.675  0.699    0.213  0.738 -0.640   -0.948 -0.002 -0.318
     4        awc             5.565   -7.463   -1.774   0.603  0.044  0.796   -0.451  0.842  0.295   -0.658 -0.537  0.528
     5        awc           -11.574   -1.986    7.790   0.407 -0.291 -0.866    0.257 -0.873  0.414   -0.877 -0.391 -0.280
     6        awc             8.188    1.709    5.902   0.687 -0.099 -0.720    0.703 -0.161  0.693   -0.185 -0.982 -0.041
     7        awc            -9.391   -3.736   -9.512  -0.428 -0.482  0.765   -0.735  0.678  0.016   -0.526 -0.555 -0.644
     8        awc            -4.391    6.989   -0.762  -0.081 -0.967 -0.241    0.040  0.239 -0.970    0.996 -0.088  0.019
     9        awc            -2.610  -10.648   -2.147  -0.344  0.886  0.310   -0.137  0.279 -0.950   -0.929 -0.370  0.026
    10        awc           -11.006  -10.547   10.349  -0.680 -0.321  0.659   -0.545 -0.381 -0.747    0.491 -0.867  0.084
    11        awc             2.430    1.612  -10.332  -0.133  0.859  0.495    0.686  0.440 -0.579   -0.715  0.263 -0.648
    12        awc             2.628    1.831    5.779  -0.852  0.346 -0.393    0.224  0.920  0.322    0.473  0.186 -0.861
    13        awc            12.028   -1.376    3.032   0.578 -0.433  0.692    0.264  0.901  0.343   -0.772 -0.016  0.636
    14        awc            -1.465    4.962  -12.175  -0.660 -0.380  0.648    0.466  0.470  0.750   -0.589  0.797 -0.133
    15        awc             2.010   -2.727    3.141  -0.772 -0.616 -0.156   -0.170  0.438 -0.883    0.612 -0.655 -0.443
    16        awc            -2.447   -0.833    6.493   0.168  0.895 -0.413   -0.371  0.446  0.815    0.913  0.017  0.407
    17        awc           -11.646   -3.177   11.748   0.745  0.663  0.070   -0.093 -0.001  0.996    0.660 -0.749  0.061
    18        awc             1.579    3.772    2.231  -0.021 -0.857 -0.515   -0.152  0.512 -0.845    0.988  0.060 -0.141
    19        awc            -8.996   -1.637   -4.671   0.273  0.961  0.047    0.960 -0.275  0.050    0.061  0.031 -0.998
    20        awc            -6.720    7.280    4.331  -0.580 -0.682  0.446   -0.213 -0.402 -0.890    0.787 -0.611  0.088
    21        awc            12.104   10.501  -10.999   0.041  0.848  0.528   -0.045 -0.526  0.849    0.998 -0.058  0.016
    22        awc             4.637   -7.131   -9.297   0.490 -0.208  0.846   -0.102 -0.978 -0.182    0.865  0.003 -0.501
    23        awc            -6.679   -9.756   -1.444  -0.157 -0.426 -0.891    0.694 -0.689  0.207   -0.702 -0.586  0.404
    24        awc            -3.089   -3.312   -1.801  -0.342 -0.939 -0.047    0.304 -0.063 -0.951    0.889 -0.339  0.307
    25        awc            -1.123   -7.839  -11.391   0.715  0.695  0.072   -0.055 -0.046  0.997    0.697 -0.717  0.005
    26        cion           11.521  -10.663    0.654   0.828  0.174  0.534    0.382  0.521 -0.763   -0.411  0.836  0.365
    27        cion           -6.488    4.013    6.645  -0.257  0.632  0.731    0.933  0.361  0.016   -0.254  0.686 -0.682
    28        cion           11.015    4.425    0.266  -0.539  0.838  0.087   -0.131  0.018 -0.991   -0.832 -0.546  0.100
    29        cion            5.272    1.613    8.922  -0.231 -0.446 -0.865    0.561  0.665 -0.493    0.795 -0.599  0.096
    30        cion           -7.594   -1.360    6.328  -0.245  0.753 -0.611   -0.967 -0.142  0.212    0.073  0.643  0.762
    31        cion            1.576   -9.882   -0.519   0.398  0.871 -0.289    0.327  0.159  0.931    0.857 -0.465 -0.222
    32        cion           -0.674   -5.612   -7.216   0.132  0.774  0.619    0.576  0.449 -0.683   -0.807  0.447 -0.387
    33        cion            6.134   -8.407    3.343   0.802  0.570  0.178   -0.380  0.258  0.888    0.461 -0.780  0.424
    34        cion            7.182    1.165   -2.427   0.723  0.032 -0.690   -0.548  0.635 -0.544    0.421  0.772  0.477
    35        cion            1.992   -5.297    7.249   0.885  0.425 -0.190   -0.440  0.629 -0.641   -0.153  0.651  0.743
    36        cion          -10.820   12.117   -7.522  -0.371  0.045 -0.927   -0.303 -0.950  0.075   -0.878  0.309  0.366
    37        cion           -5.285   -5.841    6.602  -0.208  0.660 -0.722    0.385 -0.623 -0.681   -0.899 -0.420 -0.125
    38        cion           -1.196  -12.115  -10.438  -0.821 -0.395  0.412   -0.212 -0.459 -0.863    0.530 -0.796  0.294
    39        cion            8.813  -10.052   -8.605   0.555 -0.415 -0.721   -0.418 -0.888  0.189   -0.719  0.197 -0.666
    40        cion           -1.714    0.977   -6.461   0.253  0.189  0.949    0.940 -0.280 -0.195    0.229  0.941 -0.248
    41        cion           12.127   -2.357   -5.704   0.975 -0.121 -0.188   -0.074 -0.968  0.240   -0.211 -0.220 -0.952
    42        cion           -9.019   10.278   12.241   0.354  0.793  0.496   -0.411 -0.344  0.844    0.840 -0.503  0.205
    43        cion            8.436   -5.020   -7.099   0.838 -0.536  0.103    0.121 -0.001 -0.993    0.532  0.844  0.064
    44        cion           -5.306   10.901    8.415   0.918  0.348  0.188    0.085  0.291 -0.953   -0.387  0.891  0.238
    45        cion            6.421    0.626    1.483   0.883 -0.335  0.327   -0.447 -0.396  0.802   -0.139 -0.855 -0.500
    46        cion           -8.380    8.108    8.119   0.060  0.404 -0.913    0.555 -0.774 -0.306   -0.830 -0.488 -0.271
    47        cion            2.770   -2.115   -5.151   0.820  0.507  0.264    0.037 -0.509  0.860    0.571 -0.696 -0.436
    48        cion           10.109   -9.141   -4.747   0.319 -0.702  0.637    0.948  0.245 -0.204   -0.013  0.669  0.744
    49        cion           10.459   -3.870   -0.645  -0.369 -0.257  0.893    0.528 -0.849 -0.027    0.765  0.462  0.449
    50        cion           -1.832    6.996   -4.523  -0.044  0.058  0.997    0.832 -0.550  0.069    0.552  0.833 -0.024

**************************************************************************************************************
*                                                  mc data                                                   *
**************************************************************************************************************

uniform sampling, random
cubic displacement volume

single-particle move                   awc            cion      
-------------------                    ----------     ----------
probability                    =       0.950          1.000
tran. displacement parameter   =            5.000          5.000
rot. displacement parameter    =            0.000          0.000

charge-change move                     awc            cion      
-------------------                    ----------     ----------
probability                    =       0.050          0.000


**************************************************************************************************************
*                                               neighbour list                                               *
**************************************************************************************************************

verlet list
update interval                =          25
layer thickness                =        10.000
factor used to calculate nneigh=         2.000
maximal number of neighbours   =          2000

**************************************************************************************************************
*                                          thermodynamic quantities                                          *
**************************************************************************************************************

quantity                            initial value
&-------                            -------------
total potential energy         =         -0.90212
 total two-body energy         =         -0.00212
  awc-awc                      =          0.00582
  awc-cion                     =         -0.01397
  cion-cion                    =          0.00603
 pot. energy from rec. space   =         -0.90000
enthalpy                       =          1.27614
temperature                    =        298.15000
pressure (excl. cont. contr.)  =         11.57465
number of particles            =         50.00000
volume                         =      1.56250E+04

total potential energy (NkT)   =         -0.36391
pressure (NkT/V)(excl. contact)=          0.87870
pressure (kT) (excl. contact)  =      2.81183E-03
 
total cpu time since start (s)        0.01

**************************************************************************************************************
*                                                                                                            *
*                              r e s u l t   o f   m a c r o s t e p         1                               *
*                                                                                                            *
**************************************************************************************************************


**************************************************************************************************************
*                                               mc statistics                                                *
**************************************************************************************************************

single-particle move                             total          awc                 cion      
-------------------                              -----          ----------          ----------
total number of conf.          =             1213 1.00            586 1.00            627 1.00
accepted number of conf.       =              692 0.57            329 0.56            363 0.58
energy rejected conf.          =               59 0.05             29 0.05             30 0.05
hard-core rejected conf.       =              462 0.38            228 0.39            234 0.37

average no of displaced part.  =                                      1.00                1.00
average no of net joining part.=                                      0.00                0.00

charge-change move                               total          awc                 cion      
-------------------                              -----          ----------          ----------
total number of conf.          =               37 1.00             37 1.00              0 0.00
accepted number of conf.       =               19 0.51             19 0.51              0 0.00
energy rejected conf.          =               18 0.49             18 0.49              0 0.00

average no of displaced part.  =                                      2.00                0.00
average no of net joining part.=                                      0.00                0.00

**************************************************************************************************************
*                                             control statistics                                             *
**************************************************************************************************************

quantity                                    awc                 cion      
--------                                    ----------          ----------

<dr**2>/step (macrostep)       =            0.3351E+01          0.3577E+01
precision                      =            0.5858E+00          0.7405E+00
<dr**2>/step (from start)      =            0.3351E+01          0.3577E+01
precision                      =            0.5858E+00          0.7405E+00

orientation order, x'-axis     =                1.0000              1.0000
orientation order, y'-axis     =                1.0000              1.0000
orientation order, z'-axis     =                1.0000              1.0000

<ro> (x,y,z)                   =    -0.682-0.741 0.206   0.194 0.628 0.161
<x'> (x,y,z)                   =      0.00 -0.05  0.13    0.27  0.19  0.05
<y'> (x,y,z)                   =      0.05  0.06 -0.01    0.12 -0.14 -0.13
<z'> (x,y,z)                   =      0.09 -0.27 -0.12    0.00  0.11  0.03

**************************************************************************************************************
*                                          thermodynamic quantities                                          *
**************************************************************************************************************

quantity                                  average    fluctuation          check
&&------                                  -------    -----------          -----
total potential energy         =         -0.64081        0.24867      0.484E-13
 total two-body energy         =         -0.00248        0.00203      0.340E-14
  awc-awc                      =          0.00063        0.00068     -0.323E-13
  awc-cion                     =         -0.00407        0.00331      0.181E-14
  cion-cion                    =          0.00096        0.00117     -0.359E-12
 pot. energy from rec. space   =         -0.63833        0.24706      0.470E-13
enthalpy                       =          1.61343        0.32164
cv                             =          4.18309
temperature                    =        298.15000        0.00000
pressure (excl. cont. contr.)  =         11.97843        0.42731
number of particles            =         50.00000        0.00000
volume                         =      1.56250E+04    0.00000E+00

total potential energy (NkT)   =         -0.25850
pressure (NkT/V)(excl. contact)=          0.90935
pressure (kT) (excl. contact)  =      2.90992E-03
number density                 =      3.20000E-03

**************************************************************************************************************
*                                              charge averages                                               *
**************************************************************************************************************

quantity                                  average     fluctuation
--------                                  -------     -----------
total charge                   =            0.000          0.000
fractional charge: awc         =            0.478          0.444
fractional charge: cion        =            0.478          0.444

**************************************************************************************************************
*                                                                                                            *
*                              r e s u l t   o f   m a c r o s t e p         2                               *
*                                                                                                            *
**************************************************************************************************************


**************************************************************************************************************
*                                               mc statistics                                                *
**************************************************************************************************************

single-particle move                             total          awc                 cion      
-------------------                              -----          ----------          ----------
total number of conf.          =             1215 1.00            594 1.00            621 1.00
accepted number of conf.       =              758 0.62            373 0.63            385 0.62
energy rejected conf.          =                9 0.01              5 0.01              4 0.01
hard-core rejected conf.       =              448 0.37            216 0.36            232 0.37

average no of displaced part.  =                                      1.00                1.00
average no of net joining part.=                                      0.00                0.00

charge-change move                               total          awc                 cion      
-------------------                              -----          ----------          ----------
total number of conf.          =               35 1.00             35 1.00              0 0.00
accepted number of conf.       =                4 0.11              4 0.11              0 0.00
energy rejected conf.          =               31 0.89             31 0.89              0 0.00

average no of displaced part.  =                                      2.00                0.00
average no of net joining part.=                                      0.00                0.00

**************************************************************************************************************
*                                             control statistics                                             *
**************************************************************************************************************

quantity                                    awc                 cion      
--------                                    ----------          ----------

<dr**2>/step (macrostep)       =            0.2904E+01          0.3549E+01
precision                      =            0.6042E+00          0.5607E+00
<dr**2>/step (from start)      =            0.2787E+01          0.2923E+01
precision                      =            0.4799E+00          0.4881E+00

orientation order, x'-axis     =                1.0000              1.0000
orientation order, y'-axis     =                1.0000              1.0000
orientation order, z'-axis     =                1.0000              1.0000

<ro> (x,y,z)                   =     0.781-2.115-0.044  -0.439-0.067-0.146
<x'> (x,y,z)                   =      0.00 -0.05  0.13    0.27  0.19  0.05
<y'> (x,y,z)                   =      0.05  0.06 -0.01    0.12 -0.14 -0.13
<z'> (x,y,z)                   =      0.09 -0.27 -0.12    0.00  0.11  0.03

**************************************************************************************************************
*                                          thermodynamic quantities                                          *
**************************************************************************************************************

quantity                                  average    fluctuation          check
&&------                                  -------    -----------          -----
total potential energy         =         -0.15393        0.11264     -0.232E-13
 total two-body energy         =         -0.00034        0.00070     -0.671E-12
  awc-awc                      =          0.00000        0.00000      0.000E+00
  awc-cion                     =         -0.00035        0.00071      0.942E-12
  cion-cion                    =          0.00001        0.00002     -0.683E-13
 pot. energy from rec. space   =         -0.15359        0.11200     -0.244E-13
enthalpy                       =          2.26940        0.15075
cv                             =          0.85831
temperature                    =        298.15000        0.00000
pressure (excl. cont. contr.)  =         12.87688        0.21544
number of particles            =         50.00000        0.00000
volume                         =      1.56250E+04    0.00000E+00

total potential energy (NkT)   =         -0.06209
pressure (NkT/V)(excl. contact)=          0.97756
pressure (kT) (excl. contact)  =      3.12818E-03
number density                 =      3.20000E-03

**************************************************************************************************************
*                                              charge averages                                               *
**************************************************************************************************************

quantity                                  average     fluctuation
--------                                  -------     -----------
total charge                   =            0.000          0.000
fractional charge: awc         =            0.133          0.258
fractional charge: cion        =            0.133          0.258

**************************************************************************************************************
*                                                                                                            *
*                                          f i n a l   r e s u l t                                           *
*                                                                                                            *
**************************************************************************************************************

2017-03-28     12:59:26

title   : titrating charges+ewald                                                                   

key data: mode           : simulation
          method         : mc   
          ensemble       : nvt
          boundary cond. : xyz
          start          : setconf 


number of time steps/passes           2  *        25  =         50

temperature                    =     298.150
pressure                       =      13.034
box lengths (x,y,z)            =      25.000      25.000      25.000
volume                         =   0.156E+05

seed of random generator       =           2


**************************************************************************************************************
*                                                coordinates                                                 *
**************************************************************************************************************


particle coordinates
--------------------
particle no   particle type       com (x,y,z)              x'-axis (x,y,z)        y'-axis (x,y,z)        z'-axis (x,y,z)
-----------   -------------       -----------              ---------------        ---------------        ---------------
     1        awc            11.123   -3.319   -2.555   0.422 -0.552  0.719   -0.595 -0.767 -0.240    0.684 -0.327 -0.652
     2        awc             4.451  -10.319    5.141   0.203 -0.963 -0.175    0.070 -0.164  0.984   -0.977 -0.212  0.034
     3        awc            -2.009   -3.997   11.119  -0.236  0.675  0.699    0.213  0.738 -0.640   -0.948 -0.002 -0.318
     4        awc             0.674   -9.155    2.074   0.603  0.044  0.796   -0.451  0.842  0.295   -0.658 -0.537  0.528
     5        awc             9.677    6.087   -7.797   0.407 -0.291 -0.866    0.257 -0.873  0.414   -0.877 -0.391 -0.280
     6        awc             6.928   -4.039   10.443   0.687 -0.099 -0.720    0.703 -0.161  0.693   -0.185 -0.982 -0.041
     7        awc            -2.725   -8.305    9.957  -0.428 -0.482  0.765   -0.735  0.678  0.016   -0.526 -0.555 -0.644
     8        awc             0.800   12.407    8.892  -0.081 -0.967 -0.241    0.040  0.239 -0.970    0.996 -0.088  0.019
     9        awc            -4.894   10.676   -6.762  -0.344  0.886  0.310   -0.137  0.279 -0.950   -0.929 -0.370  0.026
    10        awc           -11.259   -9.040    0.977  -0.680 -0.321  0.659   -0.545 -0.381 -0.747    0.491 -0.867  0.084
    11        awc             4.471    6.418    2.770  -0.133  0.859  0.495    0.686  0.440 -0.579   -0.715  0.263 -0.648
    12        awc             5.671    9.157   12.364  -0.852  0.346 -0.393    0.224  0.920  0.322    0.473  0.186 -0.861
    13        awc            -0.339    9.572    5.707   0.578 -0.433  0.692    0.264  0.901  0.343   -0.772 -0.016  0.636
    14        awc           -11.181    3.507   -6.930  -0.660 -0.380  0.648    0.466  0.470  0.750   -0.589  0.797 -0.133
    15        awc            -2.501    5.628  -10.000  -0.772 -0.616 -0.156   -0.170  0.438 -0.883    0.612 -0.655 -0.443
    16        awc            -5.778   -5.774   -9.409   0.168  0.895 -0.413   -0.371  0.446  0.815    0.913  0.017  0.407
    17        awc            -7.544    1.229    9.876   0.745  0.663  0.070   -0.093 -0.001  0.996    0.660 -0.749  0.061
    18        awc            -0.098    5.894    3.607  -0.021 -0.857 -0.515   -0.152  0.512 -0.845    0.988  0.060 -0.141
    19        awc            11.417  -10.002    7.007   0.273  0.961  0.047    0.960 -0.275  0.050    0.061  0.031 -0.998
    20        awc            -5.382    9.151   -0.099  -0.580 -0.682  0.446   -0.213 -0.402 -0.890    0.787 -0.611  0.088
    21        awc             4.214   -9.023  -10.658   0.041  0.848  0.528   -0.045 -0.526  0.849    0.998 -0.058  0.016
    22        awc             1.573   -5.444    4.399   0.490 -0.208  0.846   -0.102 -0.978 -0.182    0.865  0.003 -0.501
    23        awc            -9.789   -8.391   -7.283  -0.157 -0.426 -0.891    0.694 -0.689  0.207   -0.702 -0.586  0.404
    24        awc            -2.449   -6.374   -3.457  -0.342 -0.939 -0.047    0.304 -0.063 -0.951    0.889 -0.339  0.307
    25        awc            -7.358   -1.995   -5.300   0.715  0.695  0.072   -0.055 -0.046  0.997    0.697 -0.717  0.005
    26        cion            0.296   -8.973   -5.158   0.828  0.174  0.534    0.382  0.521 -0.763   -0.411  0.836  0.365
    27        cion           -8.772    7.621    2.754  -0.257  0.632  0.731    0.933  0.361  0.016   -0.254  0.686 -0.682
    28        cion           -9.555    5.448  -11.813  -0.539  0.838  0.087   -0.131  0.018 -0.991   -0.832 -0.546  0.100
    29        cion          -11.065   -8.316   12.271  -0.231 -0.446 -0.865    0.561  0.665 -0.493    0.795 -0.599  0.096
    30        cion            8.204   -5.636    6.708  -0.245  0.753 -0.611   -0.967 -0.142  0.212    0.073  0.643  0.762
    31        cion            5.609    1.040    2.624   0.398  0.871 -0.289    0.327  0.159  0.931    0.857 -0.465 -0.222
    32        cion           -9.024   -3.955  -11.038   0.132  0.774  0.619    0.576  0.449 -0.683   -0.807  0.447 -0.387
    33        cion            6.269    1.076    6.823   0.802  0.570  0.178   -0.380  0.258  0.888    0.461 -0.780  0.424
    34        cion            2.039    7.185   -7.588   0.723  0.032 -0.690   -0.548  0.635 -0.544    0.421  0.772  0.477
    35        cion           -4.465   -9.962    5.066   0.885  0.425 -0.190   -0.440  0.629 -0.641   -0.153  0.651  0.743
    36        cion            0.612    0.771    4.325  -0.371  0.045 -0.927   -0.303 -0.950  0.075   -0.878  0.309  0.366
    37        cion           -8.076   -1.538    6.399  -0.208  0.660 -0.722    0.385 -0.623 -0.681   -0.899 -0.420 -0.125
    38        cion            7.062    9.832    1.074  -0.821 -0.395  0.412   -0.212 -0.459 -0.863    0.530 -0.796  0.294
    39        cion           -9.235    5.281   -1.832   0.555 -0.415 -0.721   -0.418 -0.888  0.189   -0.719  0.197 -0.666
    40        cion           -7.835  -11.523  -10.640   0.253  0.189  0.949    0.940 -0.280 -0.195    0.229  0.941 -0.248
    41        cion          -11.453    8.971  -11.562   0.975 -0.121 -0.188   -0.074 -0.968  0.240   -0.211 -0.220 -0.952
    42        cion            0.060   -8.197  -11.890   0.354  0.793  0.496   -0.411 -0.344  0.844    0.840 -0.503  0.205
    43        cion            1.125    1.976   -6.234   0.838 -0.536  0.103    0.121 -0.001 -0.993    0.532  0.844  0.064
